pelvis_x,pelvis_y,pelvis_z,L5_x,L5_y,L5_z,L3_x,L3_y,L3_z,T12_x,T12_y,T12_z,T8_x,T8_y,T8_z,neck_x,neck_y,neck_z,head_x,head_y,head_z,shoulderRight_x,shoulderRight_y,shoulderRight_z,upperArmRight_x,upperArmRight_y,upperArmRight_z,forearmRight_x,forearmRight_y,forearmRight_z,handRight_x,handRight_y,handRight_z,shoulderLeft_x,shoulderLeft_y,shoulderLeft_z,upperArmLeft_x,upperArmLeft_y,upperArmLeft_z,forearmLeft_x,forearmLeft_y,forearmLeft_z,handLeft_x,handLeft_y,handLeft_z,upperLegRight_x,upperLegRight_y,upperLegRight_z,lowerLegRight_x,lowerLegRight_y,lowerLegRight_z,footRight_x,footRight_y,footRight_z,toeRight_x,toeRight_y,toeRight_z,upperLegLeft_x,upperLegLeft_y,upperLegLeft_z,lowerLegLeft_x,lowerLegLeft_y,lowerLegLeft_z,footLeft_x,footLeft_y,footLeft_z,toeLeft_x,toeLeft_y,toeLeft_z,vel_x,vel_y,vel_z
0.877709,4.078748,0.927133,0.881342,4.084934,1.023022,0.879193,4.082785,1.127557,0.884667,4.088024,1.222772,0.890849,4.093139,1.317844,0.891218,4.089500,1.453976,0.880422,4.079535,1.553120,0.866807,4.111808,1.395135,0.753384,4.208130,1.366931,0.743966,4.214361,1.087519,0.730164,4.234684,0.849802,0.915345,4.070410,1.393914,1.038875,3.984957,1.374594,1.072455,3.987151,1.097001,1.084827,3.956783,0.860284,0.820727,4.134304,0.926334,0.775773,4.135053,0.525318,0.812501,4.202647,0.096017,0.679383,4.097287,0.020462,0.934739,4.023267,0.929158,0.970384,4.061017,0.528985,0.983333,4.072628,0.093194,0.880598,3.935617,0.021061,0.024681,-0.066036,0.006666
0.877140,4.079235,0.927054,0.880832,4.085191,1.022955,0.878720,4.083054,1.127491,0.884207,4.088416,1.222699,0.890385,4.093761,1.317757,0.890728,4.090568,1.453900,0.879722,4.080671,1.553027,0.866307,4.112678,1.394852,0.752927,4.209064,1.366694,0.742625,4.214000,1.087294,0.728508,4.234303,0.849591,0.914840,4.071270,1.393771,1.038319,3.985825,1.374088,1.066981,3.988026,1.096004,1.080010,3.961854,0.858871,0.820083,4.134716,0.926430,0.779035,4.136781,0.525034,0.812798,4.202809,0.095265,0.679353,4.097182,0.020678,0.934247,4.023829,0.928909,0.968418,4.060656,0.528533,0.982937,4.072398,0.092802,0.880347,3.935262,0.020700,0.020844,-0.053110,0.014923
0.876572,4.079722,0.926975,0.880322,4.085449,1.022888,0.878247,4.083324,1.127425,0.883748,4.088808,1.222625,0.889922,4.094384,1.317671,0.890238,4.091635,1.453824,0.879021,4.081807,1.552934,0.865806,4.113549,1.394570,0.752471,4.209999,1.366457,0.741284,4.213639,1.087069,0.726853,4.233922,0.849381,0.914335,4.072131,1.393628,1.037762,3.986692,1.373581,1.061506,3.988900,1.095006,1.075194,3.966926,0.857459,0.819438,4.135127,0.926526,0.782297,4.138509,0.524749,0.813094,4.202971,0.094514,0.679323,4.097077,0.020894,0.933755,4.024390,0.928661,0.966451,4.060295,0.528080,0.982542,4.072169,0.092410,0.880097,3.934908,0.020339,0.017007,-0.040185,0.023180
0.875982,4.080235,0.926948,0.879786,4.085740,1.022872,0.877737,4.083612,1.127409,0.883239,4.089196,1.222603,0.889395,4.094969,1.317639,0.889662,4.092609,1.453800,0.878192,4.082838,1.552887,0.865236,4.114347,1.394381,0.751955,4.210890,1.366371,0.739959,4.213402,1.086998,0.725025,4.233297,0.849312,0.913760,4.072918,1.393570,1.037143,3.987486,1.373198,1.056295,3.989821,1.094225,1.069894,3.971912,0.856304,0.818766,4.135558,0.926667,0.784925,4.140000,0.524581,0.813346,4.203086,0.093960,0.679312,4.097003,0.021082,0.933248,4.024984,0.928469,0.964666,4.060100,0.527715,0.982232,4.072018,0.092103,0.879928,3.934651,0.020032,0.013767,-0.028498,0.029015
0.875389,4.080789,0.927005,0.879243,4.086073,1.022939,0.877207,4.083919,1.127476,0.882696,4.089574,1.222667,0.888816,4.095504,1.317695,0.889004,4.093467,1.453862,0.877214,4.083731,1.552914,0.864609,4.115049,1.394338,0.751398,4.211728,1.366512,0.738684,4.213330,1.087163,0.722990,4.232318,0.849452,0.913123,4.073599,1.393650,1.036467,3.988171,1.373005,1.051328,3.990813,1.093771,1.063686,3.976957,0.855522,0.818088,4.136024,0.926888,0.786623,4.141134,0.524606,0.813535,4.203120,0.093720,0.679335,4.096980,0.021228,0.932742,4.025623,0.928363,0.963122,4.060150,0.527477,0.982058,4.071998,0.091922,0.879895,3.934557,0.019795,0.011708,-0.018658,0.031831
0.874775,4.081368,0.927113,0.878674,4.086440,1.023056,0.876641,4.084245,1.127593,0.882103,4.089947,1.222782,0.888174,4.096002,1.317806,0.888261,4.094230,1.453976,0.876106,4.084519,1.552987,0.863912,4.115678,1.394389,0.750782,4.212523,1.366803,0.737424,4.213382,1.087483,0.720783,4.231095,0.849734,0.912416,4.074205,1.393815,1.035729,3.988781,1.372935,1.046624,3.991851,1.093533,1.056994,3.981916,0.854997,0.817382,4.136510,0.927153,0.787687,4.142032,0.524747,0.813679,4.203108,0.093677,0.679378,4.096987,0.021346,0.932221,4.026294,0.928313,0.961759,4.060367,0.527328,0.981971,4.072056,0.091827,0.879944,3.934560,0.019611,0.010246,-0.010056,0.032225
0.874060,4.081957,0.927226,0.877997,4.086853,1.023177,0.875954,4.084608,1.127713,0.881372,4.090331,1.222903,0.887373,4.096468,1.317926,0.887328,4.094879,1.454099,0.874794,4.085193,1.553065,0.863045,4.116237,1.394473,0.749993,4.213252,1.367164,0.736086,4.213556,1.087870,0.718325,4.229716,0.850096,0.911548,4.074755,1.393999,1.034845,3.989353,1.372914,1.042503,3.992914,1.093398,1.050618,3.986278,0.854642,0.816558,4.136987,0.927401,0.788377,4.142810,0.524894,0.813786,4.203098,0.093680,0.679419,4.096990,0.021457,0.931615,4.026994,0.928291,0.960575,4.060679,0.527231,0.981898,4.072110,0.091776,0.879996,3.934562,0.019483,0.008227,-0.002108,0.029567
0.873194,4.082525,0.927342,0.877156,4.087285,1.023299,0.875086,4.084983,1.127833,0.880443,4.090703,1.223027,0.886356,4.096877,1.318053,0.886157,4.095381,1.454227,0.873237,4.085739,1.553148,0.861965,4.116710,1.394592,0.749005,4.213922,1.367609,0.734620,4.213868,1.088339,0.715525,4.228189,0.850555,0.910475,4.075236,1.394201,1.033779,3.989883,1.372955,1.039138,3.993923,1.093377,1.044675,3.989911,0.854490,0.815559,4.137415,0.927621,0.788760,4.143534,0.525022,0.813846,4.203118,0.093689,0.679454,4.096969,0.021573,0.930881,4.027699,0.928301,0.959649,4.061118,0.527203,0.981829,4.072128,0.091779,0.880025,3.934533,0.019438,0.005539,0.005366,0.021995
0.872226,4.083103,0.927463,0.876207,4.087762,1.023424,0.874097,4.085394,1.127956,0.879376,4.091086,1.223156,0.885180,4.097254,1.318190,0.884797,4.095767,1.454363,0.871477,4.086170,1.553235,0.860714,4.117112,1.394744,0.747844,4.214526,1.368123,0.733077,4.214303,1.088875,0.712475,4.226506,0.851095,0.909240,4.075661,1.394422,1.032567,3.990374,1.373045,1.036355,3.994957,1.093458,1.039048,3.992946,0.854507,0.814441,4.137833,0.927824,0.788769,4.144140,0.525155,0.813869,4.203141,0.093744,0.679486,4.096944,0.021680,0.930062,4.028434,0.928338,0.958902,4.061653,0.527229,0.981775,4.072141,0.091827,0.880057,3.934503,0.019448,0.002294,0.012187,0.011372
0.871228,4.083767,0.927553,0.875242,4.088373,1.023515,0.873081,4.085932,1.128044,0.878256,4.091570,1.223253,0.883915,4.097682,1.318298,0.883288,4.096107,1.454470,0.869558,4.086521,1.553287,0.859322,4.117492,1.394861,0.746478,4.215026,1.368581,0.731508,4.214808,1.089344,0.709368,4.224723,0.851596,0.907880,4.076081,1.394600,1.031230,3.990869,1.373069,1.033953,3.996223,1.093492,1.034183,3.995270,0.854510,0.813285,4.138329,0.927979,0.788469,4.144544,0.525255,0.813885,4.203140,0.093808,0.679500,4.096933,0.021762,0.929221,4.029265,0.928362,0.958093,4.062116,0.527224,0.981706,4.072163,0.091852,0.880089,3.934472,0.019430,-0.002335,0.018403,0.002660
0.870228,4.084539,0.927588,0.874306,4.089156,1.023548,0.872078,4.086633,1.128073,0.877114,4.092179,1.223295,0.882572,4.098166,1.318360,0.881604,4.096367,1.454525,0.867442,4.086752,1.553278,0.857769,4.117822,1.394905,0.744863,4.215367,1.368930,0.729949,4.215418,1.089691,0.706236,4.222818,0.852012,0.906372,4.076464,1.394698,1.029719,3.991305,1.372947,1.031949,3.997864,1.093391,1.030240,3.996821,0.854401,0.812124,4.138929,0.928062,0.787826,4.144668,0.525298,0.813906,4.203097,0.093868,0.679490,4.096944,0.021803,0.928383,4.030208,0.928349,0.957124,4.062460,0.527154,0.981601,4.072200,0.091822,0.880122,3.934438,0.019343,-0.009506,0.023896,-0.002358
0.869198,4.085397,0.927592,0.873355,4.090071,1.023545,0.871048,4.087461,1.128067,0.875920,4.092888,1.223304,0.881141,4.098702,1.318393,0.879772,4.096580,1.454551,0.865168,4.086901,1.553233,0.856075,4.118129,1.394914,0.743043,4.215602,1.369222,0.728364,4.216098,1.089972,0.703047,4.220813,0.852390,0.904738,4.076842,1.394753,1.028083,3.991745,1.372761,1.030325,3.999736,1.093243,1.027060,3.997661,0.854276,0.810925,4.139606,0.928097,0.786872,4.144590,0.525307,0.813921,4.203030,0.093937,0.679461,4.096969,0.021818,0.927523,4.031247,0.928322,0.956093,4.062733,0.527053,0.981480,4.072245,0.091769,0.880155,3.934402,0.019228,-0.018061,0.028784,-0.005464
0.868123,4.086355,0.927594,0.872348,4.091095,1.023540,0.869963,4.088400,1.128058,0.874673,4.093715,1.223310,0.879663,4.099359,1.318422,0.877911,4.096914,1.454570,0.862900,4.087123,1.553181,0.854331,4.118539,1.394928,0.741110,4.215857,1.369482,0.726703,4.216696,1.090219,0.699898,4.218844,0.852755,0.903081,4.077360,1.394809,1.026497,3.992415,1.372640,1.028827,4.001620,1.093159,1.024611,3.997856,0.854240,0.809666,4.140366,0.928119,0.785776,4.144464,0.525310,0.813921,4.202970,0.094017,0.679419,4.097006,0.021831,0.926632,4.032405,0.928302,0.955052,4.062912,0.526949,0.981371,4.072288,0.091717,0.880187,3.934369,0.019124,-0.025346,0.033475,-0.007050
0.866961,4.087456,0.927594,0.871230,4.092263,1.023535,0.868771,4.089488,1.128049,0.873328,4.094699,1.223314,0.878103,4.100187,1.318446,0.876014,4.097433,1.454584,0.860631,4.087474,1.553120,0.852521,4.119109,1.394960,0.739054,4.216189,1.369708,0.724919,4.217202,1.090431,0.696761,4.216928,0.853116,0.901391,4.078080,1.394874,1.024964,3.993391,1.372625,1.027316,4.003498,1.093175,1.022994,3.997166,0.854331,0.808301,4.141245,0.928127,0.784479,4.144267,0.525305,0.813896,4.202921,0.094118,0.679359,4.097062,0.021845,0.925674,4.033731,0.928293,0.954045,4.062934,0.526841,0.981289,4.072326,0.091668,0.880215,3.934343,0.019045,-0.029749,0.038394,-0.006800
0.865755,4.088658,0.927591,0.870056,4.093540,1.023528,0.867525,4.090687,1.128037,0.871929,4.095800,1.223315,0.876496,4.101137,1.318466,0.874089,4.098074,1.454591,0.858370,4.087898,1.553052,0.850662,4.119784,1.394997,0.736885,4.216539,1.369901,0.723058,4.217626,1.090610,0.693664,4.215047,0.853464,0.899678,4.078939,1.394941,1.023480,3.994598,1.372676,1.025932,4.005388,1.093255,1.022108,3.995832,0.854510,0.806878,4.142206,0.928123,0.783038,4.144022,0.525292,0.813856,4.202879,0.094230,0.679286,4.097130,0.021857,0.924685,4.035175,0.928291,0.953029,4.062862,0.526730,0.981220,4.072362,0.091619,0.880240,3.934319,0.018976,-0.032882,0.043117,-0.005030
0.864614,4.089841,0.927610,0.868946,4.094793,1.023541,0.866351,4.091876,1.128048,0.870611,4.096915,1.223336,0.874980,4.102133,1.318503,0.872281,4.098813,1.454617,0.856300,4.088379,1.553009,0.848894,4.120522,1.395046,0.734732,4.216857,1.370093,0.721216,4.217851,1.090787,0.690789,4.213282,0.853796,0.898084,4.079895,1.395027,1.022211,3.996031,1.372803,1.024839,4.007120,1.093398,1.021621,3.994643,0.854762,0.805515,4.143143,0.928143,0.781794,4.143952,0.525300,0.813815,4.202861,0.094329,0.679223,4.097192,0.021880,0.923766,4.036605,0.928308,0.951924,4.062864,0.526636,0.981148,4.072392,0.091594,0.880271,3.934291,0.018921,-0.036932,0.046773,-0.003074
0.863614,4.090928,0.927664,0.867983,4.095943,1.023590,0.865333,4.092988,1.128095,0.869455,4.097991,1.223391,0.873633,4.103144,1.318570,0.870659,4.099650,1.454674,0.854503,4.088915,1.553005,0.847282,4.121316,1.395111,0.732638,4.217110,1.370291,0.719469,4.217776,1.090968,0.688239,4.211615,0.854112,0.896681,4.080942,1.395151,1.021262,3.997723,1.373050,1.024024,4.008628,1.093637,1.021540,3.993848,0.855122,0.804297,4.143989,0.928206,0.780858,4.144126,0.525343,0.813768,4.202876,0.094415,0.679181,4.097235,0.021918,0.922985,4.037934,0.928351,0.950637,4.063013,0.526568,0.981065,4.072414,0.091607,0.880312,3.934250,0.018880,-0.043449,0.048241,-0.001087
0.862680,4.091996,0.927739,0.867084,4.097068,1.023661,0.864388,4.094089,1.128163,0.868380,4.099081,1.223466,0.872376,4.104201,1.318654,0.869154,4.100585,1.454749,0.852898,4.089510,1.553027,0.845762,4.122174,1.395187,0.730559,4.217331,1.370488,0.717739,4.217501,1.091148,0.685910,4.210063,0.854413,0.895397,4.082085,1.395295,1.020529,3.999642,1.373373,1.023501,4.009978,1.093939,1.021859,3.993199,0.855555,0.803141,4.144811,0.928294,0.780119,4.144475,0.525406,0.813720,4.202916,0.094489,0.679150,4.097270,0.021967,0.922275,4.039249,0.928412,0.949263,4.063236,0.526517,0.980980,4.072431,0.091643,0.880357,3.934205,0.018852,-0.050883,0.048643,0.001086
0.861694,4.093156,0.927819,0.866120,4.098271,1.023738,0.863392,4.095259,1.128238,0.867273,4.100238,1.223546,0.871118,4.105326,1.318742,0.867702,4.101590,1.454830,0.851433,4.090154,1.553063,0.844271,4.123088,1.395265,0.728487,4.217571,1.370691,0.715896,4.217209,1.091341,0.683681,4.208755,0.854693,0.894154,4.083301,1.395422,1.019857,4.001685,1.373654,1.023480,4.011200,1.094204,1.022229,3.992741,0.855941,0.801915,4.145700,0.928389,0.779578,4.145026,0.525465,0.813699,4.202975,0.094523,0.679123,4.097311,0.022035,0.921529,4.040679,0.928476,0.948000,4.063482,0.526477,0.980906,4.072444,0.091685,0.880397,3.934166,0.018837,-0.056768,0.050483,0.002586
0.860605,4.094445,0.927896,0.865035,4.099587,1.023813,0.862294,4.096527,1.128312,0.866094,4.101483,1.223624,0.869831,4.106533,1.318827,0.866303,4.102672,1.454908,0.850132,4.090852,1.553112,0.842808,4.124062,1.395333,0.726437,4.217855,1.370892,0.713875,4.216942,1.091542,0.681535,4.207734,0.854937,0.892943,4.084589,1.395510,1.019208,4.003810,1.373849,1.024210,4.012158,1.094391,1.022490,3.992509,0.856221,0.800561,4.146684,0.928482,0.779263,4.145820,0.525503,0.813718,4.203059,0.094493,0.679102,4.097363,0.022130,0.920706,4.042273,0.928537,0.946952,4.063714,0.526448,0.980853,4.072451,0.091726,0.880423,3.934139,0.018833,-0.059714,0.055199,0.002841
0.859465,4.095826,0.927978,0.863886,4.100981,1.023894,0.861146,4.097865,1.128391,0.864884,4.102795,1.223707,0.868542,4.107808,1.318915,0.864957,4.103823,1.454991,0.848970,4.091600,1.553176,0.841376,4.125091,1.395401,0.724393,4.218158,1.371099,0.711740,4.216659,1.091756,0.679489,4.206958,0.855159,0.891773,4.085948,1.395580,1.018621,4.006059,1.374001,1.025442,4.012986,1.094540,1.022802,3.992468,0.856453,0.799137,4.147737,0.928583,0.779148,4.146816,0.525537,0.813764,4.203162,0.094424,0.679086,4.097419,0.022243,0.919848,4.043983,0.928600,0.946016,4.063969,0.526430,0.980812,4.072454,0.091774,0.880443,3.934118,0.018843,-0.061110,0.061352,0.002421
0.858305,4.097297,0.928074,0.862718,4.102452,1.023991,0.859981,4.099264,1.128486,0.863656,4.104159,1.223806,0.867235,4.109126,1.319019,0.863597,4.105005,1.455089,0.847815,4.092377,1.553256,0.839919,4.126148,1.395490,0.722303,4.218455,1.371346,0.709548,4.216417,1.092009,0.677471,4.206432,0.855402,0.890587,4.087354,1.395667,1.018059,4.008454,1.374125,1.026628,4.014127,1.094676,1.023294,3.992563,0.856692,0.797690,4.148871,0.928707,0.779149,4.147918,0.525593,0.813817,4.203258,0.094355,0.679067,4.097479,0.022361,0.918975,4.045792,0.928669,0.945076,4.064301,0.526423,0.980767,4.072466,0.091833,0.880466,3.934096,0.018873,-0.062663,0.067139,0.002187
0.857132,4.098862,0.928192,0.861543,4.103993,1.024110,0.858804,4.100713,1.128602,0.862405,4.105553,1.223928,0.865886,4.110457,1.319148,0.862164,4.106174,1.455211,0.846581,4.093168,1.553361,0.838393,4.127203,1.395609,0.720137,4.218737,1.371647,0.707283,4.216240,1.092318,0.675427,4.206194,0.855683,0.889333,4.088769,1.395790,1.017476,4.010964,1.374244,1.027635,4.015700,1.094830,1.024063,3.992772,0.856975,0.796226,4.150092,0.928869,0.779273,4.149102,0.525688,0.813874,4.203332,0.094305,0.679042,4.097544,0.022480,0.918091,4.047701,0.928742,0.944103,4.064756,0.526426,0.980709,4.072489,0.091903,0.880499,3.934067,0.018919,-0.065482,0.071952,0.002627
0.855939,4.100518,0.928324,0.860349,4.105610,1.024245,0.857609,4.102224,1.128733,0.861136,4.107000,1.224065,0.864520,4.111832,1.319292,0.860718,4.107373,1.455348,0.845354,4.093987,1.553481,0.836842,4.128286,1.395748,0.717924,4.219012,1.371988,0.704961,4.216106,1.092668,0.673411,4.206206,0.855985,0.888064,4.090230,1.395930,1.016918,4.013620,1.374334,1.028597,4.017584,1.094971,1.025012,3.993115,0.857266,0.794740,4.151395,0.929055,0.779514,4.150393,0.525804,0.813939,4.203399,0.094255,0.679014,4.097612,0.022603,0.917193,4.049709,0.928822,0.943127,4.065288,0.526440,0.980649,4.072521,0.091985,0.880534,3.934037,0.018985,-0.068458,0.076398,0.003251
0.854745,4.102256,0.928457,0.859140,4.107319,1.024380,0.856410,4.103832,1.128866,0.859880,4.108550,1.224202,0.863193,4.113315,1.319435,0.859367,4.108684,1.455484,0.844255,4.094854,1.553595,0.835347,4.129459,1.395896,0.715703,4.219278,1.372353,0.702686,4.216002,1.093039,0.671512,4.206360,0.856296,0.886875,4.091822,1.396062,1.016484,4.016536,1.374342,1.029359,4.019853,1.095020,1.025976,3.993602,0.857507,0.793257,4.152784,0.929227,0.779775,4.151776,0.525915,0.814001,4.203477,0.094193,0.678991,4.097676,0.022721,0.916286,4.051796,0.928916,0.942113,4.065809,0.526469,0.980595,4.072558,0.092090,0.880564,3.934014,0.019088,-0.069964,0.080492,0.003446
0.853548,4.104072,0.928593,0.857904,4.109129,1.024518,0.855197,4.105561,1.129002,0.858631,4.110236,1.224342,0.861910,4.114948,1.319579,0.858141,4.110153,1.455624,0.843319,4.095817,1.553706,0.833923,4.130754,1.396060,0.713462,4.219536,1.372761,0.700493,4.215928,1.093449,0.669770,4.206643,0.856633,0.885792,4.093590,1.396186,1.016220,4.019812,1.374228,1.029807,4.022560,1.094931,1.026977,3.994122,0.857673,0.791786,4.154265,0.929372,0.780044,4.153259,0.526008,0.814058,4.203574,0.094107,0.678982,4.097728,0.022828,0.915363,4.053948,0.929042,0.941089,4.066341,0.526532,0.980554,4.072600,0.092233,0.880581,3.934004,0.019251,-0.068598,0.083652,0.003142
0.852349,4.105971,0.928730,0.856652,4.111030,1.024657,0.853979,4.107385,1.129139,0.857396,4.112025,1.224481,0.860666,4.116689,1.319721,0.857012,4.111733,1.455763,0.842511,4.096827,1.553810,0.832555,4.132139,1.396234,0.711213,4.219785,1.373195,0.698348,4.215885,1.093881,0.668147,4.207068,0.856979,0.884790,4.095490,1.396303,1.016079,4.023349,1.374032,1.030056,4.025652,1.094752,1.027993,3.994784,0.857789,0.790319,4.155832,0.929505,0.780333,4.154834,0.526095,0.814113,4.203682,0.094008,0.678978,4.097776,0.022930,0.914432,4.056178,0.929183,0.940027,4.066863,0.526612,0.980519,4.072648,0.092398,0.880592,3.934001,0.019451,-0.065761,0.086459,0.002408
0.851164,4.107956,0.928844,0.855421,4.113002,1.024774,0.852801,4.109271,1.129254,0.856219,4.113870,1.224598,0.859504,4.118486,1.319840,0.856005,4.113369,1.455880,0.841852,4.097764,1.553867,0.831281,4.133580,1.396391,0.709035,4.220023,1.373587,0.696246,4.215862,1.094274,0.666609,4.207570,0.857282,0.883891,4.097471,1.396387,1.016019,4.026967,1.373814,1.030297,4.029045,1.094550,1.028794,3.995921,0.857879,0.788857,4.157469,0.929628,0.780582,4.156465,0.526180,0.814162,4.203796,0.093911,0.678966,4.097834,0.023032,0.913524,4.058510,0.929288,0.938815,4.067229,0.526652,0.980483,4.072701,0.092545,0.880602,3.934000,0.019638,-0.064036,0.090675,0.000841
0.849991,4.110048,0.928930,0.854215,4.115041,1.024864,0.851676,4.111198,1.129342,0.855122,4.115742,1.224688,0.858453,4.120304,1.319930,0.855166,4.115024,1.455969,0.841407,4.098565,1.553871,0.830130,4.135056,1.396529,0.706952,4.220217,1.373924,0.694193,4.215845,1.094612,0.665191,4.208128,0.857523,0.883126,4.099515,1.396432,1.016050,4.030616,1.373581,1.030637,4.032795,1.094334,1.029260,3.997663,0.857952,0.787398,4.159199,0.929751,0.780795,4.158156,0.526274,0.814220,4.203904,0.093824,0.678934,4.097918,0.023154,0.912638,4.060963,0.929336,0.937406,4.067461,0.526623,0.980458,4.072761,0.092647,0.880613,3.933998,0.019808,-0.064602,0.098188,-0.002402
0.848832,4.112226,0.928993,0.853029,4.117152,1.024932,0.850591,4.113186,1.129407,0.854084,4.117670,1.224755,0.857484,4.122177,1.319997,0.854451,4.116734,1.456036,0.841111,4.099294,1.553828,0.829074,4.136589,1.396651,0.704941,4.220401,1.374220,0.692184,4.215847,1.094911,0.663860,4.208763,0.857719,0.882464,4.101640,1.396445,1.016161,4.034348,1.373327,1.030968,4.036847,1.094095,1.029511,3.999880,0.857998,0.785944,4.160999,0.929864,0.780968,4.159902,0.526366,0.814273,4.204019,0.093738,0.678894,4.098012,0.023277,0.911775,4.063518,0.929350,0.935848,4.067537,0.526555,0.980431,4.072827,0.092732,0.880624,3.933998,0.019966,-0.066280,0.107110,-0.006479
0.847712,4.114436,0.929032,0.851887,4.119324,1.024974,0.849552,4.115256,1.129448,0.853088,4.119693,1.224796,0.856549,4.124151,1.320038,0.853755,4.118552,1.456076,0.840797,4.100018,1.553717,0.828064,4.138208,1.396736,0.703003,4.220674,1.374455,0.690198,4.215908,1.095151,0.662480,4.209463,0.857869,0.881838,4.103849,1.396430,1.016279,4.038129,1.373094,1.031157,4.040956,1.093870,1.029680,4.002520,0.858006,0.784502,4.162789,0.929945,0.781027,4.161649,0.526431,0.814270,4.204171,0.093640,0.678867,4.098083,0.023347,0.910976,4.066144,0.929348,0.934174,4.067242,0.526490,0.980359,4.072890,0.092839,0.880632,3.934001,0.020078,-0.068116,0.113531,-0.009258
0.846639,4.116686,0.929042,0.850796,4.121598,1.024983,0.848560,4.117457,1.129456,0.852128,4.121863,1.224804,0.855635,4.126274,1.320047,0.853052,4.120510,1.456082,0.840424,4.100759,1.553526,0.827103,4.139939,1.396777,0.701162,4.221097,1.374642,0.688219,4.216047,1.095349,0.660990,4.210272,0.857993,0.881241,4.106158,1.396378,1.016397,4.041973,1.372893,1.031156,4.045127,1.093666,1.029775,4.005598,0.857978,0.783070,4.164565,0.929973,0.780913,4.163336,0.526450,0.814181,4.204377,0.093519,0.678851,4.098128,0.023328,0.910262,4.068871,0.929339,0.932383,4.066490,0.526431,0.980227,4.072963,0.092970,0.880637,3.934010,0.020142,-0.069749,0.114974,-0.009563
0.845605,4.118967,0.929027,0.849750,4.123935,1.024966,0.847614,4.119740,1.129439,0.851209,4.124128,1.224787,0.854756,4.128498,1.320031,0.852369,4.122576,1.456062,0.840033,4.101496,1.553267,0.826189,4.141757,1.396782,0.699395,4.221610,1.374768,0.686263,4.216244,1.095489,0.659452,4.211146,0.858071,0.880681,4.108551,1.396297,1.016522,4.045868,1.372713,1.031012,4.049355,1.093476,1.029787,4.009100,0.857911,0.781649,4.166331,0.929968,0.780685,4.165024,0.526443,0.814038,4.204620,0.093386,0.678848,4.098151,0.023257,0.909613,4.071669,0.929316,0.930476,4.065367,0.526374,0.980049,4.073034,0.093123,0.880640,3.934022,0.020162,-0.071541,0.113916,-0.008570
0.844602,4.121192,0.929004,0.848750,4.126208,1.024940,0.846716,4.121975,1.129414,0.850330,4.126368,1.224761,0.853901,4.130732,1.320004,0.851680,4.124710,1.456034,0.839576,4.102231,1.552954,0.825273,4.143620,1.396756,0.697641,4.222132,1.374770,0.684366,4.216474,1.095503,0.657908,4.211948,0.858032,0.880110,4.110988,1.396211,1.016597,4.049743,1.372566,1.030727,4.053377,1.093313,1.029829,4.012932,0.857782,0.780256,4.168025,0.929970,0.780448,4.166843,0.526447,0.813881,4.204882,0.093259,0.678883,4.098128,0.023196,0.908999,4.074427,0.929269,0.928492,4.063918,0.526347,0.979828,4.073061,0.093331,0.880642,3.934024,0.020116,-0.073618,0.113875,-0.007680
0.843631,4.123359,0.928981,0.847809,4.128412,1.024914,0.845886,4.124169,1.129389,0.849522,4.128605,1.224733,0.853109,4.133015,1.319973,0.851036,4.126986,1.456006,0.839086,4.103009,1.552581,0.824381,4.145588,1.396701,0.695910,4.222684,1.374604,0.682557,4.216741,1.095347,0.656374,4.212648,0.857837,0.879558,4.113534,1.396125,1.016634,4.053634,1.372433,1.030286,4.057086,1.093154,1.029946,4.017065,0.857547,0.778893,4.169646,0.929996,0.780183,4.168842,0.526473,0.813719,4.205173,0.093149,0.678972,4.098044,0.023174,0.908421,4.077141,0.929198,0.926388,4.062103,0.526359,0.979554,4.073020,0.093608,0.880624,3.934011,0.019994,-0.077155,0.116373,-0.007590
0.842691,4.125469,0.928949,0.846914,4.130553,1.024878,0.845105,4.126314,1.129356,0.848753,4.130818,1.224697,0.852341,4.135307,1.319933,0.850386,4.129330,1.455970,0.838530,4.103784,1.552153,0.823488,4.147600,1.396615,0.694192,4.223245,1.374315,0.680806,4.217041,1.095064,0.654835,4.213274,0.857526,0.878997,4.116124,1.396033,1.016623,4.057505,1.372333,1.029704,4.060590,1.093022,1.030092,4.021528,0.857250,0.777558,4.171195,0.930028,0.779908,4.170973,0.526511,0.813544,4.205483,0.093045,0.679100,4.097915,0.023162,0.907878,4.079814,0.929104,0.924208,4.059961,0.526401,0.979237,4.072935,0.093939,0.880605,3.933988,0.019807,-0.080978,0.119887,-0.007603
0.841769,4.127443,0.928901,0.846034,4.132517,1.024829,0.844308,4.128264,1.129308,0.847932,4.132826,1.224646,0.851475,4.137395,1.319880,0.849555,4.131483,1.455920,0.837767,4.104427,1.551703,0.822470,4.149438,1.396501,0.692395,4.223671,1.373970,0.679063,4.217331,1.094720,0.653296,4.213781,0.857156,0.878292,4.118518,1.395949,1.016467,4.061176,1.372331,1.029029,4.063949,1.092992,1.030241,4.026313,0.856997,0.776249,4.172609,0.930061,0.779785,4.173215,0.526556,0.813378,4.205769,0.092938,0.679246,4.097761,0.023136,0.907345,4.082347,0.928977,0.922116,4.057659,0.526476,0.978905,4.072834,0.094314,0.880643,3.933956,0.019567,-0.081686,0.123376,-0.007035
0.840835,4.129233,0.928836,0.845143,4.134256,1.024765,0.843460,4.129974,1.129243,0.847011,4.134587,1.224582,0.850441,4.139237,1.319817,0.848436,4.133409,1.455859,0.836688,4.104918,1.551228,0.821263,4.151069,1.396345,0.690474,4.223956,1.373548,0.677296,4.217608,1.094291,0.651726,4.214129,0.856704,0.877373,4.120672,1.395873,1.016115,4.064624,1.372475,1.028258,4.067144,1.093114,1.030388,4.031488,0.856826,0.774939,4.173845,0.930097,0.779853,4.175587,0.526613,0.813225,4.206015,0.092827,0.679413,4.097575,0.023078,0.906787,4.084691,0.928814,0.920240,4.055296,0.526578,0.978518,4.072733,0.094698,0.880759,3.933912,0.019193,-0.077974,0.127492,-0.005709
0.839919,4.130886,0.928755,0.844267,4.135818,1.024687,0.842597,4.131489,1.129163,0.846038,4.136143,1.224504,0.849309,4.140874,1.319740,0.847135,4.135143,1.455784,0.835401,4.105275,1.550730,0.819932,4.152525,1.396160,0.688475,4.224107,1.373071,0.675536,4.217875,1.093799,0.650155,4.214356,0.856193,0.876312,4.122630,1.395805,1.015619,4.067872,1.372718,1.027395,4.070195,1.093338,1.030538,4.036985,0.856699,0.773656,4.174945,0.930133,0.780072,4.178072,0.526679,0.813081,4.206237,0.092712,0.679599,4.097364,0.023007,0.906237,4.086894,0.928617,0.918452,4.052771,0.526713,0.978115,4.072617,0.095125,0.880932,3.933859,0.018767,-0.071147,0.131583,-0.003802
0.839099,4.132458,0.928649,0.843452,4.137233,1.024588,0.841762,4.132799,1.129060,0.845068,4.137447,1.224406,0.848158,4.142217,1.319646,0.845787,4.136530,1.455688,0.834087,4.105426,1.550245,0.818547,4.153685,1.395990,0.686445,4.223992,1.372668,0.673830,4.218098,1.093375,0.648679,4.214528,0.855746,0.875190,4.124291,1.395750,1.015044,4.070809,1.372978,1.026496,4.073220,1.093586,1.030687,4.042588,0.856612,0.772485,4.175981,0.930146,0.780491,4.180598,0.526736,0.812966,4.206449,0.092586,0.679775,4.097171,0.022956,0.905769,4.088999,0.928393,0.916537,4.049946,0.526905,0.977846,4.072466,0.095685,0.881150,3.933800,0.018539,-0.061713,0.132644,-0.001159
0.838447,4.133963,0.928462,0.842740,4.138460,1.024417,0.840982,4.133820,1.128878,0.844114,4.138382,1.224234,0.846991,4.143122,1.319482,0.844388,4.137396,1.455518,0.832761,4.105227,1.549729,0.817081,4.154412,1.395816,0.684351,4.223495,1.372384,0.672191,4.218249,1.093060,0.647345,4.214633,0.855400,0.873986,4.125533,1.395692,1.014378,4.073350,1.373238,1.025577,4.076211,1.093839,1.030857,4.048257,0.856563,0.771482,4.176940,0.930087,0.781214,4.183235,0.526744,0.812904,4.206656,0.092405,0.679947,4.097000,0.022921,0.905470,4.091041,0.928077,0.914320,4.046666,0.527104,0.977710,4.072033,0.096334,0.881561,3.933289,0.018624,-0.048179,0.130901,0.003692
0.837892,4.135387,0.928251,0.842089,4.139539,1.024226,0.840230,4.134637,1.128673,0.843163,4.139064,1.224042,0.845806,4.143733,1.319300,0.842942,4.137913,1.455327,0.831406,4.104821,1.549226,0.815562,4.154843,1.395656,0.682226,4.222733,1.372173,0.670604,4.218355,1.092812,0.646105,4.214684,0.855118,0.872722,4.126476,1.395648,1.013633,4.075581,1.373517,1.024622,4.079176,1.094116,1.031027,4.054032,0.856553,0.770591,4.177834,0.930004,0.782135,4.185914,0.526745,0.812869,4.206852,0.092213,0.680110,4.096847,0.022906,0.905251,4.092985,0.927734,0.911976,4.043085,0.527360,0.977706,4.071565,0.097116,0.882017,3.932772,0.018907,-0.032039,0.126129,0.009277
0.837300,4.136749,0.928175,0.841415,4.140626,1.024165,0.839470,4.135498,1.128601,0.842231,4.139800,1.223980,0.844671,4.144388,1.319248,0.841593,4.138448,1.455265,0.830161,4.104569,1.548897,0.814144,4.155264,1.395601,0.680209,4.221932,1.372034,0.669071,4.218472,1.092640,0.644914,4.214779,0.854911,0.871544,4.127387,1.395683,1.012907,4.077651,1.373787,1.023641,4.082257,1.094395,1.031124,4.059827,0.856585,0.769730,4.178767,0.930023,0.782991,4.188349,0.526846,0.812803,4.207032,0.092145,0.680214,4.096749,0.022953,0.904928,4.094767,0.927559,0.909818,4.039524,0.527842,0.977986,4.071792,0.098255,0.882063,3.933604,0.019308,-0.018275,0.114649,0.011339
0.836565,4.138148,0.928352,0.840623,4.141870,1.024351,0.838620,4.136571,1.128777,0.841251,4.140761,1.224165,0.843538,4.145249,1.319442,0.840320,4.139126,1.455448,0.829007,4.104602,1.548859,0.812812,4.155767,1.395730,0.678238,4.221063,1.371987,0.667569,4.218654,1.092566,0.643797,4.214970,0.854798,0.870440,4.128364,1.395860,1.012161,4.079608,1.374070,1.022578,4.085633,1.094696,1.031128,4.065669,0.856698,0.768809,4.179861,0.930247,0.783758,4.190505,0.527152,0.812712,4.207155,0.092307,0.680244,4.096716,0.023131,0.904379,4.096471,0.927692,0.908003,4.035887,0.528748,0.978711,4.072987,0.099988,0.881462,3.936376,0.019919,-0.009778,0.092993,0.006814
0.835794,4.139485,0.928664,0.839807,4.143120,1.024668,0.837762,4.137689,1.129086,0.840291,4.141775,1.224482,0.842455,4.146154,1.319766,0.839144,4.139821,1.455760,0.827961,4.104788,1.548996,0.811582,4.156261,1.395963,0.676376,4.220155,1.372011,0.666120,4.218847,1.092568,0.642730,4.215206,0.854762,0.869421,4.129307,1.396115,1.011434,4.081404,1.374344,1.021489,4.089125,1.094998,1.031060,4.071529,0.856852,0.767919,4.180995,0.930572,0.784458,4.192418,0.527559,0.812588,4.207262,0.092593,0.680217,4.096737,0.023370,0.903725,4.098014,0.927993,0.906373,4.032270,0.529880,0.979719,4.074875,0.102077,0.880450,3.940497,0.020647,-0.003658,0.064629,-0.001235
0.835170,4.140471,0.928915,0.839166,4.144085,1.024921,0.837100,4.138597,1.129336,0.839561,4.142640,1.224735,0.841644,4.146968,1.320023,0.838282,4.140514,1.456010,0.827218,4.105093,1.549114,0.810661,4.156760,1.396153,0.674942,4.219511,1.372040,0.664792,4.218939,1.092588,0.641591,4.215435,0.854761,0.868676,4.130187,1.396324,1.010939,4.083044,1.374527,1.020559,4.092332,1.095209,1.030909,4.077244,0.856928,0.767251,4.181903,0.930821,0.784900,4.193907,0.527868,0.812352,4.207475,0.092812,0.680132,4.096820,0.023507,0.903144,4.099080,0.928249,0.904763,4.029275,0.530809,0.980669,4.077371,0.104027,0.879288,3.945540,0.021129,0.003769,0.036282,-0.007877
0.834774,4.140972,0.929040,0.838780,4.144655,1.025043,0.836713,4.139215,1.129460,0.839146,4.143305,1.224858,0.841188,4.147671,1.320146,0.837826,4.141227,1.456134,0.826871,4.105541,1.549149,0.810128,4.157290,1.396259,0.674060,4.219261,1.372078,0.663547,4.218882,1.092638,0.640273,4.215689,0.854813,0.868285,4.131029,1.396451,1.010775,4.084619,1.374572,1.019872,4.095183,1.095281,1.030654,4.082767,0.856862,0.766893,4.182469,0.930919,0.785029,4.194939,0.527996,0.811902,4.207901,0.092882,0.679948,4.097014,0.023443,0.902711,4.099517,0.928403,0.902950,4.026857,0.531451,0.981615,4.080771,0.105898,0.877720,3.952334,0.021220,0.016260,0.008691,-0.011185
0.834526,4.141121,0.929104,0.838568,4.144938,1.025100,0.836521,4.139624,1.129524,0.838962,4.143820,1.224918,0.841003,4.148281,1.320201,0.837683,4.141939,1.456195,0.826826,4.106109,1.549166,0.809904,4.157826,1.396322,0.673607,4.219277,1.372121,0.662422,4.218725,1.092706,0.638883,4.215935,0.854901,0.868167,4.131807,1.396531,1.010844,4.086038,1.374525,1.019344,4.097750,1.095262,1.030315,4.088144,0.856717,0.766758,4.182809,0.930939,0.784898,4.195546,0.528026,0.811339,4.208433,0.092884,0.679706,4.097270,0.023276,0.902349,4.099478,0.928510,0.901157,4.025060,0.531891,0.982502,4.084778,0.107630,0.876001,3.960050,0.021065,0.030058,-0.018882,-0.013086
0.834368,4.141037,0.929111,0.838489,4.144973,1.025099,0.836490,4.139805,1.129532,0.838975,4.144132,1.224918,0.841049,4.148726,1.320194,0.837793,4.142562,1.456197,0.827001,4.106691,1.549159,0.809952,4.158305,1.396324,0.673535,4.219469,1.372090,0.661597,4.218499,1.092707,0.637628,4.216031,0.854942,0.868271,4.132416,1.396549,1.011055,4.087029,1.374443,1.018911,4.099849,1.095211,1.029943,4.093342,0.856573,0.766777,4.183013,0.930932,0.784477,4.195653,0.528001,0.810891,4.208865,0.092870,0.679541,4.097447,0.023136,0.902015,4.099108,0.928531,0.899881,4.024617,0.531945,0.982827,4.088412,0.108546,0.875153,3.965778,0.020737,0.037577,-0.041937,-0.014429
0.834275,4.140720,0.929073,0.838532,4.144730,1.025051,0.836613,4.139723,1.129493,0.839186,4.144203,1.224869,0.841332,4.148972,1.320136,0.838159,4.143081,1.456152,0.827390,4.107276,1.549143,0.810283,4.158719,1.396266,0.673844,4.219809,1.371956,0.661130,4.218163,1.092613,0.636531,4.215939,0.854910,0.868601,4.132827,1.396507,1.011406,4.087511,1.374373,1.018519,4.101471,1.095177,1.029519,4.098436,0.856474,0.766947,4.183111,0.930927,0.783692,4.195193,0.527939,0.810637,4.209140,0.092864,0.679512,4.097481,0.023091,0.901661,4.098376,0.928459,0.899296,4.025996,0.531483,0.982262,4.091421,0.108299,0.875960,3.968143,0.020166,0.034108,-0.058463,-0.014800
0.834273,4.140169,0.928977,0.838709,4.144237,1.024945,0.836895,4.139413,1.129397,0.839593,4.144071,1.224762,0.841845,4.149051,1.320015,0.838778,4.143510,1.456049,0.827998,4.107875,1.549104,0.810887,4.159078,1.396148,0.674534,4.220325,1.371749,0.660962,4.217758,1.092451,0.635568,4.215696,0.854830,0.869153,4.133070,1.396403,1.011899,4.087566,1.374269,1.018223,4.102625,1.095111,1.029063,4.103351,0.856376,0.767271,4.183072,0.930894,0.782616,4.194231,0.527821,0.810497,4.209316,0.092842,0.679559,4.097436,0.023071,0.901335,4.097314,0.928299,0.899227,4.028730,0.530636,0.981134,4.094056,0.107236,0.877637,3.968520,0.019422,0.024361,-0.070471,-0.014614
0.834379,4.139502,0.928792,0.839010,4.143613,1.024749,0.837317,4.138966,1.129211,0.840158,4.143798,1.224563,0.842536,4.148989,1.319802,0.839582,4.143810,1.455853,0.828759,4.108415,1.548994,0.811695,4.159349,1.395944,0.675549,4.221018,1.371468,0.661099,4.217443,1.092226,0.634874,4.215274,0.854697,0.869865,4.133127,1.396210,1.012456,4.087166,1.374039,1.018113,4.103166,1.094917,1.028678,4.107826,0.856215,0.767689,4.182887,0.930791,0.781436,4.192892,0.527632,0.810459,4.209359,0.092779,0.679630,4.097360,0.022996,0.901131,4.096163,0.928032,0.899657,4.032150,0.529616,0.979918,4.096088,0.105721,0.878846,3.968116,0.018792,0.014874,-0.079492,-0.015954
0.834654,4.138712,0.928440,0.839502,4.142840,1.024385,0.837948,4.138361,1.128857,0.840951,4.143362,1.224195,0.843473,4.148767,1.319418,0.840628,4.143976,1.455485,0.829716,4.108895,1.548734,0.812769,4.159538,1.395587,0.676975,4.221952,1.371049,0.661576,4.217304,1.091876,0.634497,4.214648,0.854448,0.870790,4.132987,1.395865,1.013119,4.086252,1.373623,1.018350,4.103026,1.094536,1.028288,4.111923,0.855943,0.768248,4.182524,0.930553,0.780133,4.191111,0.527309,0.810576,4.209201,0.092624,0.679732,4.097243,0.022803,0.901125,4.094947,0.927565,0.900682,4.036306,0.528349,0.978562,4.097256,0.103599,0.878991,3.966887,0.018378,0.007772,-0.085401,-0.021794
0.835038,4.137806,0.927998,0.840119,4.141935,1.023932,0.838718,4.137619,1.128413,0.841902,4.142784,1.223736,0.844587,4.148403,1.318942,0.841860,4.144013,1.455025,0.830825,4.109316,1.548403,0.814048,4.159641,1.395146,0.678727,4.223061,1.370557,0.662358,4.217254,1.091462,0.634387,4.213843,0.854147,0.871875,4.132662,1.395432,1.013844,4.084882,1.373082,1.018774,4.102271,1.094027,1.027970,4.115580,0.855609,0.768900,4.182014,0.930243,0.778727,4.188952,0.526914,0.810795,4.208909,0.092429,0.679857,4.097094,0.022554,0.901243,4.093643,0.926990,0.902205,4.041148,0.526909,0.977118,4.097820,0.101026,0.878668,3.964877,0.018077,0.000929,-0.088324,-0.029161
0.835365,4.136916,0.927672,0.840645,4.141072,1.023593,0.839389,4.136899,1.128082,0.842756,4.142194,1.223392,0.845617,4.147975,1.318583,0.843034,4.143897,1.454680,0.831884,4.109602,1.548193,0.815279,4.159613,1.394804,0.680494,4.224155,1.370196,0.663342,4.217198,1.091172,0.634536,4.212908,0.853971,0.872893,4.132176,1.395070,1.014425,4.083212,1.372511,1.019001,4.100960,1.093472,1.028060,4.118354,0.855294,0.769449,4.181449,0.930017,0.777461,4.186730,0.526618,0.810947,4.208655,0.092332,0.679936,4.096991,0.022354,0.901352,4.092428,0.926563,0.903909,4.045867,0.525730,0.976213,4.098333,0.098831,0.878330,3.963433,0.017864,-0.005490,-0.090159,-0.031226
0.835571,4.136120,0.927562,0.840999,4.140357,1.023472,0.839877,4.136299,1.127967,0.843424,4.141672,1.223266,0.846479,4.147530,1.318447,0.844076,4.143617,1.454551,0.832839,4.109731,1.548203,0.816399,4.159439,1.394640,0.682239,4.225265,1.370056,0.664508,4.217209,1.091096,0.634880,4.211870,0.854021,0.873778,4.131520,1.394845,1.014768,4.081204,1.371907,1.018896,4.099013,1.092863,1.028740,4.120166,0.855020,0.769802,4.180871,0.929952,0.776462,4.184442,0.526509,0.811023,4.208405,0.092413,0.679999,4.096883,0.022233,0.901411,4.091418,0.926411,0.905821,4.050349,0.525005,0.976234,4.099004,0.097343,0.878064,3.963209,0.017754,-0.013289,-0.091052,-0.023197
0.835721,4.135339,0.927567,0.841263,4.139682,1.023466,0.840266,4.135720,1.127965,0.843996,4.141136,1.223255,0.847256,4.147021,1.318427,0.845061,4.143185,1.454537,0.833744,4.109725,1.548333,0.817472,4.159134,1.394576,0.684000,4.226359,1.370047,0.665877,4.217213,1.091145,0.635483,4.210701,0.854196,0.874597,4.130703,1.394692,1.014966,4.078894,1.371273,1.018594,4.096510,1.092208,1.029829,4.121096,0.854765,0.770052,4.180237,0.929970,0.775603,4.182090,0.526497,0.811033,4.208192,0.092592,0.680016,4.096820,0.022161,0.901461,4.090497,0.926408,0.907915,4.054708,0.524540,0.976794,4.099622,0.096233,0.877783,3.963552,0.017732,-0.020665,-0.090858,-0.009866
0.835852,4.134477,0.927583,0.841470,4.138903,1.023473,0.840581,4.135020,1.127976,0.844481,4.140469,1.223257,0.847944,4.146374,1.318421,0.845966,4.142609,1.454537,0.834560,4.109580,1.548474,0.818441,4.158693,1.394557,0.685578,4.227148,1.370096,0.667412,4.216890,1.091236,0.636513,4.209369,0.854378,0.875326,4.129784,1.394581,1.015092,4.076555,1.370715,1.018108,4.093749,1.091617,1.031120,4.120939,0.854541,0.770279,4.179516,0.929984,0.774746,4.179998,0.526490,0.810831,4.208284,0.092773,0.679822,4.097022,0.022154,0.901496,4.089497,0.926428,0.909793,4.058474,0.524190,0.977370,4.100114,0.095342,0.877687,3.963847,0.017726,-0.022042,-0.091038,0.001212
0.835954,4.133473,0.927588,0.841601,4.137959,1.023474,0.840795,4.134148,1.127981,0.844848,4.139633,1.223254,0.848502,4.145571,1.318409,0.846749,4.141897,1.454529,0.835236,4.109305,1.548606,0.819255,4.158122,1.394587,0.686892,4.227585,1.370246,0.669210,4.216141,1.091402,0.638145,4.207837,0.854590,0.875924,4.128792,1.394522,1.015137,4.074288,1.370300,1.017310,4.090781,1.091154,1.032647,4.119543,0.854399,0.770462,4.178636,0.929969,0.773810,4.178286,0.526460,0.810252,4.208845,0.092927,0.679293,4.097626,0.022144,0.901516,4.088371,0.926454,0.911308,4.061466,0.523943,0.977773,4.100410,0.094663,0.877883,3.963905,0.017630,-0.014063,-0.092182,0.008280
0.836036,4.132387,0.927605,0.841674,4.136911,1.023490,0.840935,4.133154,1.127999,0.845128,4.138667,1.223264,0.848971,4.144631,1.318409,0.847454,4.141040,1.454535,0.835823,4.108890,1.548749,0.819967,4.157416,1.394662,0.688024,4.227717,1.370453,0.671174,4.215066,1.091611,0.640204,4.206142,0.854810,0.876432,4.127697,1.394506,1.015109,4.071991,1.369960,1.016328,4.087555,1.090755,1.034376,4.117061,0.854288,0.770624,4.177669,0.929950,0.772877,4.176833,0.526434,0.809462,4.209711,0.093082,0.678554,4.098495,0.022199,0.901520,4.087166,0.926504,0.912608,4.063865,0.523811,0.978192,4.100579,0.094204,0.878264,3.963915,0.017550,-0.000086,-0.093701,0.013094
0.836166,4.131294,0.927588,0.841786,4.135794,1.023475,0.841101,4.132055,1.127986,0.845433,4.137568,1.223244,0.849464,4.143542,1.318381,0.848186,4.140020,1.454512,0.836433,4.108294,1.548854,0.820679,4.156553,1.394722,0.689022,4.227392,1.370516,0.672982,4.213634,1.091676,0.642342,4.204362,0.854848,0.876953,4.126476,1.394468,1.015109,4.069627,1.369603,1.015566,4.084223,1.090341,1.035990,4.113748,0.854066,0.770905,4.176795,0.929914,0.772053,4.175593,0.526394,0.808817,4.210666,0.093227,0.677819,4.099432,0.022544,0.901497,4.085854,0.926506,0.913739,4.065744,0.523673,0.978669,4.100759,0.093823,0.878712,3.963834,0.017730,0.015391,-0.095286,0.013368
0.836347,4.130244,0.927517,0.841955,4.134616,1.023410,0.841328,4.130846,1.127920,0.845813,4.136333,1.223173,0.850045,4.142313,1.318301,0.849037,4.138877,1.454435,0.837164,4.107570,1.548903,0.821454,4.155568,1.394747,0.689895,4.226520,1.370328,0.674579,4.211807,1.091498,0.644556,4.202487,0.854593,0.877552,4.125160,1.394389,1.015194,4.067228,1.369179,1.015178,4.080828,1.089866,1.037457,4.109549,0.853656,0.771359,4.176129,0.929862,0.771349,4.174629,0.526341,0.808439,4.211767,0.093374,0.677100,4.100479,0.023422,0.901407,4.084417,0.926412,0.914787,4.067214,0.523476,0.979313,4.100996,0.093459,0.879281,3.963577,0.018375,0.032941,-0.097259,0.005402
0.836574,4.129187,0.927413,0.842163,4.133368,1.023315,0.841582,4.129532,1.127823,0.846217,4.134965,1.223072,0.850650,4.140936,1.318191,0.849915,4.137569,1.454330,0.837919,4.106665,1.548914,0.822231,4.154428,1.394755,0.690634,4.225191,1.369995,0.676020,4.209624,1.091177,0.646849,4.200526,0.854156,0.878165,4.123718,1.394289,1.015307,4.064763,1.368737,1.015010,4.077327,1.089376,1.038809,4.104519,0.853135,0.771933,4.175556,0.929793,0.770756,4.173877,0.526275,0.808206,4.212955,0.093511,0.676385,4.101595,0.024589,0.901290,4.082872,0.926270,0.915667,4.068163,0.523273,0.980016,4.101244,0.093174,0.879918,3.963229,0.019280,0.051991,-0.099299,-0.007106
0.836900,4.128050,0.927299,0.842444,4.132067,1.023212,0.841869,4.128140,1.127716,0.846608,4.133476,1.222966,0.851191,4.139372,1.318083,0.850657,4.135955,1.454220,0.838517,4.105380,1.548893,0.822924,4.153011,1.394744,0.691264,4.223531,1.369629,0.677147,4.207175,1.090831,0.648874,4.198592,0.853684,0.878704,4.122021,1.394173,1.015376,4.062105,1.368331,1.014995,4.073733,1.088929,1.039831,4.099075,0.852592,0.772612,4.174909,0.929687,0.770348,4.173104,0.526174,0.808108,4.213842,0.093590,0.675847,4.102462,0.025537,0.901263,4.081242,0.926148,0.916168,4.068330,0.523104,0.980494,4.101497,0.093011,0.880349,3.963004,0.020068,0.066319,-0.100137,-0.015343
0.837350,4.126844,0.927198,0.842801,4.130776,1.023119,0.842170,4.126749,1.127620,0.846952,4.131942,1.222875,0.851621,4.137679,1.317998,0.851198,4.134050,1.454131,0.838885,4.103699,1.548854,0.823510,4.151347,1.394725,0.691772,4.221586,1.369236,0.677857,4.204372,1.090480,0.650603,4.196704,0.853187,0.879141,4.120091,1.394052,1.015370,4.059272,1.367976,1.015146,4.070043,1.088540,1.040446,4.093279,0.852037,0.773407,4.174174,0.929526,0.770134,4.172156,0.526021,0.808181,4.214226,0.093588,0.675590,4.102915,0.026064,0.901366,4.079562,0.926106,0.916179,4.067596,0.523022,0.980616,4.101792,0.093023,0.880433,3.963015,0.020669,0.073026,-0.098469,-0.014384
0.837898,4.125557,0.927088,0.843233,4.129432,1.023018,0.842503,4.125280,1.127513,0.847283,4.130287,1.222778,0.851988,4.135798,1.317913,0.851601,4.131839,1.454037,0.839096,4.101636,1.548783,0.824012,4.149407,1.394686,0.692171,4.219310,1.368809,0.678253,4.201304,1.090103,0.652066,4.194841,0.852654,0.879505,4.117907,1.393914,1.015319,4.056247,1.367657,1.015452,4.066260,1.088194,1.040731,4.087069,0.851460,0.774307,4.173365,0.929328,0.770105,4.171186,0.525833,0.808390,4.214307,0.093528,0.675511,4.103118,0.026371,0.901558,4.077798,0.926084,0.915810,4.066079,0.522973,0.980514,4.102092,0.093158,0.880312,3.963149,0.021153,0.075011,-0.095600,-0.009154
0.838518,4.124088,0.926931,0.843770,4.127858,1.022870,0.842928,4.123523,1.127356,0.847668,4.128290,1.222636,0.852348,4.133519,1.317787,0.851897,4.129137,1.453897,0.839187,4.099041,1.548649,0.824425,4.146989,1.394577,0.692524,4.216684,1.368441,0.678486,4.198328,1.089763,0.653004,4.193059,0.852204,0.879797,4.115280,1.393729,1.015246,4.052857,1.367382,1.015810,4.062409,1.087904,1.040706,4.080677,0.850923,0.775273,4.172357,0.929133,0.770321,4.170415,0.525649,0.808617,4.214298,0.093423,0.675476,4.103247,0.026560,0.901829,4.075867,0.925966,0.915183,4.063872,0.522838,0.980302,4.102283,0.093299,0.880143,3.963276,0.021361,0.074753,-0.094171,-0.005623
0.839212,4.122396,0.926682,0.844447,4.125986,1.022629,0.843491,4.121392,1.127103,0.848154,4.125850,1.222401,0.852742,4.130730,1.317575,0.852102,4.125826,1.453666,0.839171,4.095784,1.548405,0.824748,4.143967,1.394345,0.692912,4.213789,1.368225,0.678608,4.195671,1.089541,0.653411,4.191497,0.851924,0.880020,4.112089,1.393450,1.015172,4.049002,1.367152,1.016142,4.058479,1.087671,1.040320,4.074109,0.850431,0.776311,4.171110,0.928932,0.770848,4.169967,0.525453,0.808849,4.214217,0.093240,0.675454,4.103337,0.026596,0.902180,4.073730,0.925671,0.914179,4.060742,0.522535,0.979959,4.102316,0.093403,0.879954,3.963364,0.021147,0.072161,-0.094593,-0.007070
0.839978,4.120522,0.926387,0.845231,4.123885,1.022341,0.844146,4.118973,1.126800,0.848694,4.123068,1.222120,0.853130,4.127541,1.317321,0.852200,4.122024,1.453388,0.839037,4.091994,1.548099,0.824982,4.140468,1.394045,0.693253,4.210543,1.368067,0.678567,4.193106,1.089355,0.653294,4.190015,0.851726,0.880171,4.108454,1.393122,1.015075,4.044782,1.366967,1.016526,4.054481,1.087496,1.039623,4.067358,0.849979,0.777414,4.169664,0.928734,0.771619,4.169718,0.525260,0.809099,4.214045,0.093013,0.675477,4.103354,0.026513,0.902610,4.071426,0.925280,0.912916,4.056922,0.522146,0.979506,4.102240,0.093513,0.879718,3.963446,0.020656,0.067325,-0.096456,-0.010215
0.840783,4.118483,0.926145,0.846051,4.121584,1.022107,0.844817,4.116319,1.126547,0.849217,4.120027,1.221890,0.853456,4.124070,1.317119,0.852171,4.117906,1.453155,0.838779,4.087897,1.547841,0.825115,4.136659,1.393785,0.693369,4.206687,1.367781,0.678355,4.190308,1.089023,0.652412,4.188243,0.851460,0.880245,4.104546,1.392853,1.014918,4.040331,1.366837,1.017107,4.050472,1.087390,1.038788,4.060638,0.849609,0.778528,4.168010,0.928609,0.772488,4.169511,0.525146,0.809301,4.213940,0.092855,0.675502,4.103368,0.026511,0.903107,4.068998,0.924922,0.911877,4.053199,0.521793,0.979120,4.102088,0.093642,0.879515,3.963486,0.020170,0.062998,-0.101175,-0.011186
0.841605,4.116277,0.925996,0.846892,4.119086,1.021966,0.845481,4.113442,1.126383,0.849683,4.116745,1.221750,0.853661,4.120342,1.317008,0.851926,4.113504,1.453005,0.838310,4.083538,1.547673,0.825073,4.132578,1.393594,0.693057,4.201929,1.367179,0.678021,4.187121,1.088338,0.650618,4.185943,0.850936,0.880180,4.100419,1.392682,1.014641,4.035723,1.366745,1.017854,4.046423,1.087324,1.037831,4.053924,0.849295,0.779632,4.166146,0.928597,0.773390,4.169365,0.525151,0.809419,4.214017,0.092818,0.675517,4.103419,0.026727,0.903648,4.066444,0.924638,0.911216,4.049751,0.521520,0.978853,4.101834,0.093809,0.879373,3.963458,0.019746,0.060845,-0.109873,-0.008182
0.842467,4.113905,0.925900,0.847769,4.116387,1.021879,0.846162,4.110330,1.126270,0.850132,4.113203,1.221661,0.853805,4.116333,1.316948,0.851554,4.108784,1.452900,0.837718,4.078873,1.547553,0.824930,4.128187,1.393443,0.692519,4.196560,1.366448,0.677517,4.183701,1.087507,0.648059,4.183353,0.850343,0.880038,4.096019,1.392570,1.014303,4.030884,1.366709,1.018798,4.042363,1.087329,1.036735,4.047242,0.849064,0.780746,4.164076,0.928660,0.774391,4.169262,0.525234,0.809488,4.214161,0.092849,0.675534,4.103468,0.027023,0.904257,4.063766,0.924387,0.910779,4.046402,0.521283,0.978653,4.101504,0.093995,0.879265,3.963389,0.019326,0.059201,-0.121428,-0.003003
0.843401,4.111392,0.925839,0.848664,4.113505,1.021829,0.846855,4.107002,1.126190,0.850606,4.109427,1.221602,0.854006,4.112078,1.316914,0.851303,4.103819,1.452818,0.837269,4.073996,1.547469,0.824897,4.123549,1.393361,0.692181,4.191185,1.365964,0.676695,4.180197,1.086970,0.644944,4.180816,0.850105,0.879993,4.091353,1.392499,1.014043,4.025717,1.366795,1.020174,4.038429,1.087510,1.035621,4.040878,0.849038,0.781876,4.161795,0.928749,0.775547,4.168995,0.525353,0.809545,4.214183,0.092910,0.675555,4.103472,0.027189,0.904993,4.061015,0.924177,0.910574,4.043403,0.521072,0.978546,4.101206,0.094156,0.879180,3.963326,0.019020,0.055817,-0.133883,0.002819
0.844462,4.108763,0.925817,0.849619,4.110472,1.021820,0.847610,4.103494,1.126147,0.851173,4.105449,1.221577,0.854361,4.107610,1.316909,0.851312,4.098636,1.452760,0.837100,4.068949,1.547428,0.825108,4.118700,1.393375,0.692261,4.186045,1.365882,0.675461,4.176662,1.086906,0.641122,4.178472,0.850422,0.880156,4.086422,1.392478,1.013923,4.020097,1.367077,1.022135,4.034723,1.087951,1.034397,4.034991,0.849299,0.783069,4.159321,0.928860,0.776959,4.168544,0.525501,0.809610,4.213989,0.092982,0.675585,4.103400,0.027123,0.905920,4.058228,0.924021,0.910616,4.040872,0.520892,0.978551,4.100984,0.094286,0.879118,3.963286,0.018903,0.048708,-0.147152,0.009374
0.845596,4.105993,0.925830,0.850590,4.107256,1.021849,0.848378,4.099770,1.126137,0.851765,4.101237,1.221582,0.854774,4.102896,1.316930,0.851443,4.093207,1.452725,0.837072,4.063689,1.547422,0.825428,4.113603,1.393457,0.692542,4.180898,1.366046,0.673910,4.173042,1.087137,0.636744,4.176181,0.851093,0.880416,4.081226,1.392499,1.013881,4.014149,1.367483,1.024528,4.031144,1.088569,1.033153,4.029422,0.849765,0.784279,4.156636,0.928998,0.778528,4.167929,0.525685,0.809661,4.213672,0.093083,0.675619,4.103283,0.026926,0.906975,4.055368,0.923906,0.910891,4.038693,0.520739,0.978648,4.100792,0.094391,0.879079,3.963252,0.018901,0.039859,-0.161323,0.016571
0.846665,4.103029,0.925849,0.851430,4.103774,1.021884,0.849005,4.095745,1.126127,0.852221,4.096716,1.221584,0.855077,4.097885,1.316944,0.851531,4.087515,1.452684,0.837035,4.058187,1.547420,0.825665,4.108212,1.393554,0.692799,4.175630,1.366369,0.672172,4.169329,1.087560,0.632464,4.173862,0.851941,0.880613,4.075773,1.392519,1.013872,4.008150,1.367859,1.027130,4.027524,1.089211,1.032284,4.023984,0.850312,0.785369,4.153691,0.929139,0.780007,4.167007,0.525879,0.809679,4.213324,0.093233,0.675638,4.103164,0.026693,0.908020,4.052380,0.923800,0.911358,4.036764,0.520587,0.978798,4.100603,0.094445,0.879060,3.963218,0.018899,0.032980,-0.174702,0.022611
0.847604,4.099906,0.925888,0.852042,4.100035,1.021941,0.849387,4.091403,1.126129,0.852439,4.091855,1.221595,0.855179,4.092537,1.316963,0.851513,4.081512,1.452648,0.836937,4.052390,1.547436,0.825748,4.102483,1.393681,0.692998,4.170287,1.366919,0.670192,4.165433,1.088249,0.628385,4.171577,0.853031,0.880681,4.070028,1.392541,1.013859,4.002134,1.368187,1.030081,4.023910,1.089893,1.031894,4.018632,0.850986,0.786251,4.150493,0.929292,0.781496,4.165843,0.526094,0.809647,4.213032,0.093437,0.675626,4.103082,0.026508,0.909010,4.049324,0.923724,0.912038,4.035086,0.520455,0.978956,4.100363,0.094447,0.879043,3.963178,0.018764,0.029844,-0.186858,0.027311
0.848479,4.096588,0.925935,0.852522,4.096031,1.022004,0.849628,4.086761,1.126131,0.852521,4.086684,1.221602,0.855171,4.086891,1.316975,0.851452,4.075247,1.452606,0.836829,4.046350,1.547455,0.825747,4.096459,1.393823,0.693172,4.164821,1.367627,0.668025,4.161442,1.089131,0.624404,4.169264,0.854298,0.880686,4.064026,1.392562,1.013880,3.996066,1.368485,1.033241,4.020255,1.090599,1.031879,4.013411,0.851741,0.787014,4.147034,0.929446,0.782897,4.164371,0.526319,0.809580,4.212709,0.093690,0.675598,4.102998,0.026285,0.909991,4.046140,0.923657,0.912911,4.033659,0.520325,0.979167,4.100126,0.094398,0.879046,3.963137,0.018629,0.028679,-0.198223,0.030853
0.849352,4.092915,0.925913,0.853015,4.091657,1.021992,0.849887,4.081777,1.126057,0.852615,4.081217,1.221532,0.855162,4.081012,1.316908,0.851376,4.068847,1.452492,0.836710,4.040197,1.547410,0.825686,4.090233,1.393879,0.693204,4.158974,1.368202,0.665983,4.157609,1.089889,0.620878,4.166652,0.855373,0.880671,4.057885,1.392532,1.014001,3.990125,1.368669,1.035968,4.016248,1.091131,1.032319,4.008279,0.852315,0.787786,4.143231,0.929549,0.783664,4.162252,0.526491,0.809506,4.212180,0.093990,0.675587,4.102847,0.025862,0.910959,4.042589,0.923508,0.913873,4.032380,0.520117,0.979531,4.100022,0.094283,0.879117,3.963102,0.018787,0.027873,-0.208403,0.031978
0.850246,4.088774,0.925775,0.853562,4.086828,1.021855,0.850209,4.076407,1.125860,0.852764,4.075455,1.221339,0.855183,4.074952,1.316717,0.851299,4.062441,1.452269,0.836598,4.034076,1.547266,0.825558,4.083874,1.393800,0.692997,4.152609,1.368505,0.664137,4.154034,1.090362,0.617943,4.163656,0.856074,0.880646,4.051706,1.392428,1.014277,3.984496,1.368715,1.038087,4.011835,1.091434,1.033382,4.003181,0.852640,0.788617,4.139004,0.929546,0.784043,4.159638,0.526542,0.809481,4.211361,0.094191,0.675618,4.102586,0.025061,0.911912,4.038526,0.923228,0.914863,4.031231,0.519779,0.980126,4.100081,0.094076,0.879296,3.963051,0.019335,0.027024,-0.219307,0.028920
0.851137,4.084278,0.925569,0.854122,4.081628,1.021643,0.850550,4.070695,1.125589,0.852925,4.069397,1.221068,0.855202,4.068658,1.316448,0.851207,4.055901,1.451973,0.836476,4.027843,1.547057,0.825369,4.077312,1.393636,0.692648,4.145862,1.368676,0.662414,4.150616,1.090711,0.615462,4.160361,0.856583,0.880600,4.045388,1.392273,1.014654,3.978993,1.368646,1.039774,4.007070,1.091563,1.034901,3.998172,0.852784,0.789458,4.134433,0.929492,0.783790,4.156376,0.526540,0.809448,4.210337,0.094439,0.675665,4.102258,0.024059,0.912853,4.034097,0.922866,0.915943,4.030229,0.519364,0.980874,4.100273,0.093803,0.879543,3.963006,0.020176,0.026535,-0.229025,0.023445
0.852018,4.079606,0.925369,0.854712,4.076217,1.021428,0.850929,4.064731,1.125306,0.853118,4.063048,1.220783,0.855232,4.062034,1.316164,0.851082,4.048972,1.451654,0.836291,4.021186,1.546809,0.825168,4.070418,1.393429,0.692331,4.138878,1.368842,0.660901,4.147309,1.091105,0.613382,4.156751,0.857085,0.880540,4.038736,1.392081,1.015030,3.973239,1.368438,1.040911,4.001812,1.091481,1.036452,3.993369,0.852694,0.790285,4.129676,0.929485,0.781628,4.151665,0.526635,0.809266,4.209187,0.095171,0.675674,4.101922,0.023218,0.913786,4.029498,0.922470,0.917202,4.029322,0.518953,0.981640,4.100650,0.093534,0.879778,3.963035,0.021312,0.026005,-0.231436,0.019593
0.852906,4.074793,0.925212,0.855384,4.070568,1.021242,0.851416,4.058450,1.125041,0.853416,4.056318,1.220513,0.855338,4.054974,1.315894,0.850965,4.041537,1.451341,0.836073,4.013991,1.546550,0.824997,4.063111,1.393207,0.692080,4.131573,1.369027,0.659590,4.144140,1.091588,0.611735,4.152599,0.857605,0.880510,4.031678,1.391888,1.015458,3.967205,1.368080,1.041474,3.995908,1.091143,1.038003,3.988783,0.852298,0.791100,4.124742,0.929612,0.777005,4.145377,0.526817,0.809050,4.208066,0.096381,0.675626,4.101546,0.022757,0.914748,4.024792,0.922024,0.918686,4.028594,0.518543,0.982429,4.101381,0.093273,0.879971,3.963219,0.023007,0.025118,-0.217419,0.022066
0.853783,4.069803,0.925062,0.856085,4.064707,1.021054,0.851941,4.051916,1.124765,0.853745,4.049297,1.220229,0.855456,4.047583,1.315609,0.850815,4.033713,1.451005,0.835791,4.006373,1.546252,0.824813,4.055473,1.392943,0.691861,4.124030,1.369207,0.658488,4.141082,1.092115,0.610488,4.148132,0.858117,0.880465,4.024286,1.391657,1.015886,3.960919,1.367583,1.041486,3.989510,1.090594,1.039587,3.984404,0.851668,0.791901,4.119623,0.929788,0.770475,4.137640,0.527095,0.808686,4.206819,0.098076,0.675540,4.101162,0.022458,0.915703,4.019916,0.921544,0.920350,4.027960,0.518138,0.983236,4.102297,0.093016,0.880152,3.963478,0.024998,0.024189,-0.196095,0.026161
0.854589,4.064711,0.924884,0.856673,4.058864,1.020840,0.852316,4.045413,1.124460,0.853909,4.042262,1.219911,0.855406,4.040081,1.315284,0.850487,4.025602,1.450604,0.835302,3.998366,1.545856,0.824544,4.047622,1.392602,0.691738,4.116645,1.369445,0.657704,4.138002,1.092718,0.609492,4.144019,0.858732,0.880278,4.016582,1.391302,1.016061,3.954091,1.366959,1.040904,3.982933,1.089931,1.040877,3.980320,0.850967,0.792667,4.114456,0.929853,0.762416,4.128037,0.527649,0.807687,4.205058,0.100712,0.675416,4.100927,0.022029,0.916546,4.014885,0.921122,0.922139,4.027117,0.517835,0.983914,4.102932,0.092818,0.880338,3.963638,0.026495,0.023770,-0.188704,0.021819
0.855394,4.059564,0.924668,0.857154,4.053142,1.020594,0.852501,4.039055,1.124116,0.853850,4.035308,1.219548,0.855129,4.032526,1.314907,0.849926,4.017188,1.450121,0.834549,3.989922,1.545333,0.824196,4.039541,1.392159,0.691786,4.109566,1.369807,0.657280,4.135063,1.093496,0.608549,4.140583,0.859600,0.879934,4.008512,1.390777,1.015964,3.946615,1.366254,1.039582,3.976339,1.089217,1.041759,3.976664,0.850261,0.793510,4.109347,0.929729,0.752347,4.115847,0.528524,0.805599,4.202604,0.104523,0.675129,4.100785,0.021183,0.917305,4.009692,0.920814,0.924232,4.025973,0.517698,0.984392,4.103046,0.092681,0.880538,3.963612,0.027066,0.028119,-0.206372,-0.000482
0.856127,4.054313,0.924424,0.857523,4.047437,1.020324,0.852535,4.032728,1.123743,0.853627,4.028339,1.219151,0.854684,4.024860,1.314491,0.849186,4.008488,1.449573,0.833587,3.981088,1.544712,0.823762,4.031247,1.391638,0.691929,4.102644,1.370227,0.657173,4.132102,1.094350,0.607856,4.137502,0.860571,0.879447,4.000129,1.390128,1.015613,3.938597,1.365422,1.037665,3.969567,1.088389,1.042346,3.973303,0.849485,0.794318,4.104190,0.929494,0.740750,4.101792,0.529675,0.802876,4.199636,0.109276,0.674805,4.100791,0.020208,0.917952,4.004344,0.920565,0.926450,4.024620,0.517663,0.984740,4.102881,0.092603,0.880742,3.963487,0.027142,0.032977,-0.237975,-0.031221
0.856507,4.048886,0.924153,0.857619,4.041668,1.020032,0.852347,4.026376,1.123353,0.853216,4.021344,1.218733,0.854078,4.017130,1.314045,0.848289,3.999645,1.448976,0.832446,3.972036,1.544013,0.823149,4.022914,1.391075,0.692007,4.095831,1.370564,0.657364,4.128503,1.095018,0.607848,4.134479,0.861301,0.878728,3.991617,1.389398,1.014813,3.930056,1.364332,1.035548,3.962438,1.087353,1.042659,3.969936,0.848596,0.794729,4.098801,0.929224,0.729456,4.087620,0.531135,0.800396,4.196301,0.114725,0.674818,4.101271,0.019678,0.918295,3.998876,0.920297,0.928204,4.023038,0.517637,0.985023,4.102697,0.092636,0.880938,3.963347,0.027232,0.026120,-0.271375,-0.051901
0.856520,4.043285,0.923869,0.857464,4.035908,1.019739,0.851982,4.020095,1.122972,0.852677,4.014423,1.218317,0.853375,4.009421,1.313591,0.847299,3.990707,1.448340,0.831187,3.962785,1.543239,0.822384,4.014648,1.390484,0.692076,4.089255,1.370799,0.657935,4.123882,1.095405,0.608660,4.131349,0.861677,0.877789,3.983056,1.388587,1.013463,3.920878,1.362853,1.033492,3.954938,1.086025,1.042698,3.966596,0.847512,0.794676,4.093123,0.928919,0.718988,4.073789,0.533007,0.798983,4.193339,0.121392,0.675910,4.104152,0.019764,0.918371,3.993352,0.920041,0.929216,4.021163,0.517628,0.985250,4.102615,0.092860,0.881112,3.963234,0.027606,-0.000857,-0.305768,-0.053008
0.856181,4.037508,0.923558,0.857036,4.030083,1.019426,0.851394,4.013788,1.122574,0.851952,4.007475,1.217879,0.852510,4.001649,1.313107,0.846153,3.981626,1.447655,0.829747,3.953314,1.542388,0.821440,4.006343,1.389850,0.692081,4.082787,1.370952,0.658803,4.118622,1.095606,0.610156,4.128278,0.861813,0.876618,3.974365,1.387696,1.011664,3.911178,1.361118,1.031235,3.947081,1.084490,1.042461,3.963248,0.846316,0.794225,4.087213,0.928579,0.708824,4.059842,0.535188,0.797813,4.190011,0.128755,0.677339,4.107507,0.020295,0.918143,3.987707,0.919767,0.929763,4.019060,0.517629,0.985412,4.102515,0.093195,0.881278,3.963106,0.027992,-0.039550,-0.341960,-0.044057
0.855256,4.031466,0.923178,0.856116,4.023895,1.019032,0.850379,4.007109,1.122096,0.850843,4.000183,1.217360,0.851289,3.993602,1.312541,0.844669,3.972409,1.446901,0.827964,3.943735,1.541474,0.820146,3.997847,1.389172,0.691697,4.075991,1.370932,0.659705,4.113253,1.095640,0.612371,4.125459,0.861711,0.875095,3.965484,1.386777,1.009521,3.901315,1.359387,1.028384,3.938739,1.082909,1.041967,3.959493,0.845218,0.793213,4.081054,0.928279,0.699223,4.046162,0.537402,0.795290,4.184240,0.135009,0.677247,4.105885,0.021334,0.917309,3.981781,0.919312,0.930095,4.016903,0.517530,0.985533,4.102304,0.093451,0.881465,3.962922,0.028088,-0.076972,-0.370234,-0.035083
0.853617,4.025111,0.922734,0.854625,4.017210,1.018559,0.848896,3.999911,1.121539,0.849342,3.992424,1.216761,0.849724,3.985207,1.311898,0.842886,3.963087,1.446100,0.825885,3.934108,1.540527,0.818522,3.989131,1.388478,0.690868,4.068679,1.370665,0.660590,4.107933,1.095457,0.615451,4.122980,0.861272,0.873258,3.956418,1.385875,1.007151,3.891437,1.357778,1.024783,3.929870,1.081355,1.041192,3.955432,0.844334,0.791534,4.074618,0.928099,0.690347,4.033060,0.539614,0.790980,4.175532,0.139695,0.675055,4.097140,0.023268,0.915714,3.975503,0.918605,0.930325,4.014837,0.517286,0.985609,4.101926,0.093524,0.881695,3.962647,0.027701,-0.108620,-0.384654,-0.027747
0.851394,4.018493,0.922220,0.852640,4.010161,1.018007,0.846986,3.992340,1.120902,0.847457,3.984321,1.216080,0.847802,3.976538,1.311172,0.840767,3.953628,1.445230,0.823462,3.924372,1.539516,0.816549,3.980225,1.387739,0.689651,4.061039,1.370226,0.661509,4.102504,1.095108,0.619249,4.120753,0.860596,0.871069,3.947161,1.384945,1.004437,3.881396,1.356175,1.020588,3.920515,1.079755,1.040159,3.950962,0.843549,0.789292,4.067933,0.927960,0.682034,4.020226,0.541858,0.785316,4.164382,0.143270,0.671343,4.083417,0.025711,0.913512,3.968944,0.917718,0.930339,4.012718,0.516941,0.985646,4.101437,0.093518,0.881946,3.962317,0.027023,-0.138998,-0.391157,-0.020390
0.848742,4.011673,0.921578,0.850179,4.002848,1.017318,0.844555,3.984483,1.120119,0.845019,3.975929,1.215250,0.845298,3.967593,1.310295,0.838024,3.943938,1.444209,0.820392,3.914457,1.538364,0.813994,3.971064,1.386865,0.687897,4.053197,1.369758,0.662349,4.097021,1.094761,0.623356,4.118706,0.859982,0.868291,3.937647,1.383902,1.001137,3.871109,1.354494,1.015875,3.910667,1.078054,1.038964,3.945379,0.842732,0.786638,4.061064,0.927695,0.674056,4.007113,0.543966,0.778010,4.150202,0.145299,0.665981,4.065697,0.027561,0.910867,3.962166,0.916697,0.930038,4.010291,0.516517,0.985681,4.100915,0.093546,0.882183,3.961993,0.026327,-0.168632,-0.397834,-0.018069
0.845705,4.004683,0.920811,0.847215,3.995294,1.016496,0.841534,3.976360,1.119190,0.841927,3.967268,1.214272,0.842090,3.958399,1.309269,0.834528,3.934047,1.443043,0.816537,3.904412,1.537083,0.810744,3.961665,1.385865,0.685498,4.045212,1.369371,0.663125,4.091551,1.094524,0.627836,4.116909,0.859551,0.864820,3.927905,1.382767,0.997173,3.860661,1.352739,1.010493,3.900250,1.076231,1.037813,3.938474,0.841931,0.783613,4.054046,0.927269,0.666412,3.993578,0.545883,0.768766,4.132380,0.145300,0.658873,4.043606,0.028186,0.907819,3.955196,0.915587,0.929459,4.007511,0.516059,0.985818,4.100396,0.093671,0.882425,3.961687,0.025840,-0.197999,-0.406820,-0.023199
0.842241,3.997491,0.919915,0.843775,3.987475,1.015536,0.837994,3.967951,1.118114,0.838281,3.958317,1.213144,0.838299,3.948930,1.308092,0.830408,3.923924,1.441727,0.812035,3.894188,1.535661,0.806913,3.952011,1.384730,0.682562,4.037025,1.368955,0.663821,4.086027,1.094290,0.632625,4.115292,0.859183,0.860761,3.917905,1.381518,0.992624,3.849967,1.350906,1.004592,3.889341,1.074306,1.036499,3.930456,0.841097,0.780176,4.046843,0.926716,0.659103,3.979764,0.547663,0.757878,4.111529,0.143754,0.650116,4.017518,0.028219,0.904327,3.948007,0.914345,0.928565,4.004422,0.515523,0.985954,4.099844,0.093830,0.882652,3.961388,0.025336,-0.226621,-0.415981,-0.033365
0.838377,3.990068,0.918823,0.839951,3.979419,1.014375,0.834056,3.959280,1.116828,0.834217,3.949066,1.211796,0.834058,3.939115,1.306686,0.825771,3.913389,1.440158,0.806995,3.883562,1.533983,0.802608,3.941994,1.383340,0.679265,4.028590,1.368317,0.664280,4.080311,1.093915,0.637126,4.113560,0.858821,0.856189,3.907489,1.380006,0.987486,3.838696,1.348903,0.998710,3.878152,1.072284,1.034505,3.921242,0.839956,0.776347,4.039415,0.925982,0.651906,3.965553,0.549298,0.745947,4.088892,0.141671,0.639874,3.989527,0.028457,0.900427,3.940582,0.912892,0.927146,4.000909,0.514793,0.985826,4.099226,0.093947,0.882768,3.961123,0.024403,-0.253592,-0.427000,-0.046389
0.834101,3.982448,0.917518,0.835759,3.971159,1.012994,0.829741,3.950357,1.115307,0.829758,3.939500,1.210203,0.829385,3.928901,1.305020,0.820614,3.902334,1.438296,0.801405,3.872426,1.532007,0.797830,3.931542,1.381652,0.675677,4.019930,1.367471,0.664552,4.074486,1.093448,0.641257,4.111732,0.858539,0.851088,3.896559,1.378174,0.981712,3.826659,1.346721,0.993030,3.866748,1.070195,1.031725,3.910670,0.838458,0.772112,4.031788,0.925066,0.644735,3.950853,0.550831,0.732957,4.064553,0.139214,0.628063,3.959629,0.029169,0.896111,3.932959,0.911195,0.925003,3.996714,0.513763,0.985272,4.098434,0.093963,0.882702,3.960861,0.022660,-0.278093,-0.438974,-0.063182
0.829425,3.974596,0.916016,0.831184,3.962661,1.011412,0.825029,3.941173,1.113574,0.824880,3.929633,1.208390,0.824263,3.918341,1.303126,0.814939,3.890867,1.436181,0.795277,3.860888,1.529775,0.792579,3.920727,1.379709,0.671728,4.011021,1.366404,0.664587,4.068468,1.092840,0.645099,4.109790,0.858264,0.845473,3.885213,1.376077,0.975348,3.814045,1.344370,0.987367,3.855066,1.068009,1.028265,3.898902,0.836652,0.767486,4.023935,0.923968,0.637678,3.935757,0.552219,0.718923,4.038429,0.136220,0.614768,3.927829,0.030085,0.891387,3.925100,0.909288,0.922336,3.992095,0.512540,0.984454,4.097575,0.093936,0.882523,3.960632,0.020487,-0.300943,-0.452805,-0.082832
0.824414,3.966379,0.914301,0.826277,3.953855,1.009620,0.819976,3.931712,1.111634,0.819650,3.919506,1.206367,0.818773,3.907521,1.301017,0.808865,3.879135,1.433838,0.788752,3.849050,1.527303,0.786961,3.909657,1.377529,0.667394,4.001753,1.364877,0.664077,4.061868,1.091797,0.648297,4.107385,0.857720,0.839468,3.873592,1.373736,0.968538,3.801082,1.341785,0.981701,3.843123,1.065636,1.023920,3.886342,0.834415,0.762532,4.015729,0.922631,0.630769,3.920428,0.553322,0.704484,4.011508,0.133218,0.600397,3.896238,0.031196,0.886320,3.916866,0.907195,0.919535,3.987702,0.511326,0.983594,4.096936,0.093976,0.882348,3.960554,0.018618,-0.323683,-0.472891,-0.100428
0.819088,3.957778,0.912330,0.821078,3.944763,1.007582,0.814631,3.922020,1.109455,0.814126,3.909172,1.204102,0.812978,3.896499,1.298659,0.802458,3.867194,1.431232,0.781905,3.836947,1.524548,0.781050,3.898390,1.375070,0.662735,3.992130,1.362723,0.662963,4.054610,1.090147,0.650730,4.104466,0.856740,0.833138,3.861743,1.371100,0.961322,3.787793,1.338901,0.976141,3.831048,1.063032,1.018531,3.873130,0.831629,0.757279,4.007161,0.921006,0.624114,3.904928,0.554055,0.689857,3.983946,0.130259,0.585058,3.865437,0.032507,0.880922,3.908226,0.904880,0.916579,3.983736,0.510085,0.982689,4.096707,0.094062,0.882208,3.960747,0.017242,-0.347004,-0.503289,-0.115874
0.813427,3.948812,0.910146,0.815547,3.935364,1.005335,0.808944,3.912052,1.107069,0.808249,3.898577,1.201627,0.806815,3.885217,1.296085,0.795652,3.854989,1.428398,0.774662,3.824545,1.521553,0.774773,3.886868,1.372372,0.657691,3.982149,1.360108,0.661304,4.046769,1.088062,0.652519,4.101084,0.855492,0.826418,3.849618,1.368218,0.953659,3.774155,1.335784,0.970577,3.818712,1.060241,1.012257,3.859127,0.828412,0.751699,3.998239,0.919142,0.617609,3.889197,0.554503,0.674825,3.955588,0.127293,0.568644,3.834844,0.034012,0.875181,3.899211,0.902378,0.913490,3.979996,0.508854,0.981743,4.096698,0.094214,0.882071,3.961089,0.016169,-0.370215,-0.539941,-0.129266
0.807435,3.939409,0.907861,0.809616,3.925528,1.002986,0.802822,3.901667,1.104580,0.801911,3.887595,1.199049,0.800178,3.873589,1.293409,0.788374,3.842502,1.425469,0.766939,3.811847,1.518453,0.768016,3.875029,1.369584,0.652064,3.971684,1.357301,0.658966,4.038180,1.085769,0.653670,4.097044,0.854207,0.819234,3.837210,1.365261,0.945563,3.760330,1.332572,0.964658,3.805750,1.057306,1.005370,3.844321,0.824996,0.745766,3.988860,0.917130,0.610973,3.873209,0.554791,0.659377,3.926966,0.124692,0.551249,3.804831,0.035691,0.869129,3.889778,0.899821,0.910718,3.976534,0.507940,0.980991,4.096630,0.094600,0.881956,3.961336,0.015561,-0.392783,-0.575069,-0.135974
0.801161,3.929518,0.905436,0.803300,3.915216,1.000499,0.796255,3.890841,1.101955,0.795092,3.876217,1.196338,0.793042,3.861621,1.290603,0.780604,3.829765,1.422421,0.758699,3.798883,1.515220,0.760768,3.862904,1.366679,0.645830,3.960752,1.354283,0.655936,4.028762,1.083220,0.654201,4.092356,0.852870,0.811574,3.824554,1.362208,0.937018,3.746380,1.329189,0.958359,3.791944,1.054116,0.997958,3.828597,0.821308,0.739540,3.978990,0.914908,0.604126,3.856886,0.554928,0.643420,3.898187,0.122541,0.532382,3.775810,0.037615,0.862805,3.879861,0.897193,0.908609,3.973590,0.507446,0.980598,4.096482,0.095213,0.881874,3.961376,0.015628,-0.413142,-0.606663,-0.133212
0.794555,3.919190,0.902909,0.796585,3.904466,0.997912,0.789253,3.879597,1.099227,0.787811,3.864452,1.193524,0.785432,3.849307,1.287694,0.772361,3.816746,1.419277,0.749978,3.785623,1.511882,0.753040,3.850463,1.363682,0.639013,3.949336,1.351073,0.652227,4.018596,1.080462,0.654094,4.087011,0.851496,0.803451,3.811616,1.359080,0.928042,3.732242,1.325711,0.951706,3.777513,1.050781,0.989932,3.812069,0.817421,0.732962,3.968663,0.912538,0.597148,3.840307,0.554903,0.627048,3.869145,0.120756,0.512535,3.747367,0.039711,0.856169,3.869525,0.894510,0.906817,3.970924,0.507270,0.980399,4.096276,0.096060,0.881814,3.961320,0.016159,-0.432857,-0.636733,-0.123768
0.787474,3.908496,0.900513,0.789361,3.893269,0.995438,0.781740,3.867872,1.096600,0.780014,3.852207,1.190807,0.777307,3.836542,1.284883,0.763633,3.803331,1.416243,0.740803,3.771989,1.508665,0.744751,3.837551,1.360814,0.631482,3.937263,1.347983,0.647741,4.007761,1.077860,0.653302,4.080783,0.850370,0.794830,3.798290,1.356107,0.918698,3.717890,1.322496,0.944428,3.762746,1.047679,0.981303,3.795074,0.813781,0.725829,3.957869,0.910304,0.590004,3.823686,0.554805,0.610523,3.840049,0.119456,0.493271,3.718631,0.041742,0.849139,3.858926,0.891951,0.904759,3.967864,0.507414,0.980132,4.095800,0.097334,0.881764,3.961260,0.016695,-0.456093,-0.663531,-0.111372
0.779914,3.897574,0.898233,0.781616,3.881689,0.993051,0.773713,3.855689,1.094037,0.771705,3.839493,1.188149,0.768687,3.823338,1.282133,0.754471,3.789545,1.413288,0.731241,3.758009,1.505544,0.735902,3.824166,1.358072,0.623234,3.924543,1.345090,0.642522,3.996264,1.075487,0.651998,4.073673,0.849599,0.785733,3.784599,1.353286,0.909057,3.703394,1.319599,0.936347,3.747697,1.044840,0.972034,3.777514,0.810433,0.718109,3.946706,0.908217,0.582481,3.807024,0.554758,0.593488,3.810617,0.118832,0.474627,3.689236,0.043366,0.841737,3.848237,0.889472,0.902498,3.964612,0.507941,0.979772,4.095136,0.099003,0.881719,3.961215,0.017137,-0.484745,-0.682734,-0.097305
0.771878,3.886287,0.896083,0.773362,3.869663,0.990778,0.765176,3.843024,1.091575,0.762880,3.826299,1.185588,0.759552,3.809683,1.279481,0.744824,3.775364,1.410443,0.721225,3.743655,1.502545,0.726491,3.810309,1.355457,0.614272,3.911165,1.342318,0.636525,3.984098,1.073271,0.650008,4.065681,0.849076,0.776138,3.770519,1.350620,0.899049,3.688684,1.316965,0.927641,3.732312,1.042233,0.962162,3.759486,0.807332,0.709834,3.935075,0.906267,0.574791,3.790320,0.554637,0.576300,3.781130,0.118692,0.456567,3.659547,0.044924,0.833940,3.837284,0.887116,0.899970,3.960966,0.508787,0.979345,4.094201,0.101099,0.881683,3.961165,0.017583,-0.516917,-0.698666,-0.080288
0.763237,3.874301,0.894341,0.764530,3.856986,0.988917,0.756067,3.829733,1.089528,0.753468,3.812502,1.183441,0.749802,3.795440,1.277241,0.734524,3.760600,1.408001,0.710576,3.728757,1.499968,0.716438,3.795833,1.353200,0.604471,3.896925,1.339751,0.629518,3.971321,1.071353,0.646767,4.056570,0.848758,0.765947,3.755875,1.348344,0.888536,3.673522,1.314785,0.918573,3.716727,1.040144,0.951807,3.741614,0.804797,0.700900,3.922674,0.904697,0.567538,3.773782,0.554153,0.560300,3.752639,0.118587,0.440551,3.629782,0.047200,0.825593,3.825705,0.885197,0.896397,3.955658,0.509776,0.978665,4.092538,0.103915,0.881663,3.961138,0.017865,-0.551081,-0.722546,-0.060208
0.753970,3.861656,0.893117,0.755136,3.843685,0.987572,0.746408,3.815804,1.087987,0.743476,3.798046,1.181791,0.739414,3.780502,1.275485,0.723484,3.745067,1.406005,0.699191,3.713136,1.497850,0.705697,3.780589,1.351323,0.593755,3.881640,1.337349,0.621389,3.958086,1.069792,0.642140,4.046320,0.848649,0.755109,3.740508,1.346478,0.877442,3.657720,1.313049,0.909256,3.700959,1.038617,0.940910,3.723980,0.802863,0.691257,3.909503,0.903639,0.560868,3.757455,0.553297,0.545398,3.724893,0.118674,0.426825,3.598869,0.051270,0.816702,3.813580,0.883804,0.891663,3.948645,0.510976,0.977746,4.090173,0.107474,0.881663,3.961152,0.017873,-0.588203,-0.755722,-0.032539
0.744098,3.848313,0.892301,0.745163,3.829734,0.986639,0.736178,3.801250,1.086861,0.732898,3.782986,1.180556,0.728411,3.764977,1.274142,0.711790,3.728951,1.404413,0.687172,3.696971,1.496155,0.694314,3.764726,1.349803,0.582200,3.865493,1.335154,0.612251,3.944239,1.068530,0.636262,4.034952,0.848745,0.743675,3.724576,1.345002,0.865843,3.641466,1.311766,0.899577,3.684989,1.037609,0.929530,3.706500,0.801495,0.680955,3.895562,0.902963,0.554635,3.741295,0.552077,0.531682,3.698143,0.118796,0.415143,3.567880,0.056059,0.807260,3.800828,0.882848,0.885884,3.939969,0.512318,0.976575,4.087080,0.111753,0.881678,3.961189,0.017717,-0.627318,-0.796847,-0.001808
0.733557,3.833815,0.891839,0.734491,3.814850,0.986102,0.725256,3.785963,1.086188,0.721647,3.767368,1.179807,0.716770,3.749048,1.273314,0.699539,3.712619,1.403397,0.674656,3.680634,1.495065,0.682340,3.748538,1.348796,0.569909,3.848830,1.333372,0.602207,3.929380,1.067539,0.628969,4.022301,0.848993,0.731708,3.708385,1.344096,0.853831,3.625091,1.311156,0.889452,3.668895,1.037280,0.917966,3.689548,0.800907,0.670029,3.880550,0.902518,0.549007,3.725373,0.550226,0.520760,3.674192,0.118020,0.406219,3.540247,0.059125,0.797101,3.786840,0.882368,0.878636,3.928492,0.513417,0.974929,4.082726,0.116979,0.881698,3.961224,0.017559,-0.663999,-0.853096,0.018520
0.722283,3.818061,0.891713,0.723043,3.798977,0.985957,0.713557,3.769910,1.085970,0.709640,3.751162,1.179549,0.704415,3.732683,1.273009,0.686668,3.696016,1.402959,0.661583,3.664054,1.494580,0.669720,3.731970,1.348323,0.556849,3.831662,1.332160,0.591277,3.913538,1.066987,0.620157,4.008409,0.849533,0.719156,3.691880,1.343771,0.841347,3.608524,1.311231,0.878831,3.652582,1.037647,0.906095,3.673290,0.801125,0.658444,3.864407,0.902261,0.544410,3.709758,0.547465,0.513383,3.653314,0.115932,0.400845,3.516410,0.059905,0.786134,3.771475,0.882373,0.869905,3.914534,0.514365,0.972960,4.077726,0.123277,0.881728,3.961248,0.017506,-0.697193,-0.939534,0.014229
0.710339,3.801152,0.891940,0.710896,3.782172,0.986208,0.701166,3.753126,1.086205,0.696962,3.734397,1.179777,0.691422,3.715915,1.273219,0.673240,3.679197,1.403096,0.648011,3.647301,1.494702,0.656509,3.715077,1.348363,0.543053,3.813977,1.331362,0.579443,3.896684,1.066707,0.609931,3.993235,0.850225,0.706070,3.675117,1.344017,0.828451,3.591837,1.311979,0.867763,3.636144,1.038693,0.894038,3.657559,0.802122,0.646235,3.847193,0.902235,0.540419,3.694383,0.544072,0.508800,3.635235,0.112946,0.398229,3.495928,0.058962,0.774450,3.754874,0.882855,0.859705,3.897775,0.515070,0.970516,4.071466,0.130523,0.881763,3.961269,0.017450,-0.727955,-1.041096,-0.000465
0.697848,3.782931,0.892522,0.698162,3.764321,0.986860,0.688213,3.735609,1.086927,0.683772,3.717204,1.180548,0.677997,3.699033,1.274033,0.659535,3.662695,1.403973,0.634260,3.630962,1.495621,0.642923,3.698321,1.349018,0.528715,3.796088,1.330720,0.566751,3.878327,1.066166,0.598437,3.976488,0.850587,0.692665,3.658557,1.344975,0.815410,3.575572,1.313584,0.856312,3.619937,1.040538,0.882459,3.642232,0.804041,0.633546,3.828782,0.902425,0.535924,3.679113,0.540615,0.506362,3.620945,0.109380,0.396712,3.480914,0.055548,0.762150,3.736848,0.883830,0.847654,3.876120,0.514878,0.966919,4.061563,0.138573,0.881788,3.961288,0.017239,-0.755023,-1.119768,0.003619
0.684581,3.762721,0.893463,0.684602,3.744926,0.987951,0.674473,3.717050,1.088229,0.669871,3.699447,1.181990,0.663974,3.682072,1.275612,0.645453,3.646780,1.405823,0.620256,3.615364,1.497601,0.628828,3.681908,1.350443,0.513615,3.777978,1.329936,0.552986,3.858109,1.064919,0.585529,3.958047,0.850286,0.678823,3.642420,1.346853,0.802189,3.560052,1.316307,0.844375,3.604009,1.043386,0.871612,3.627079,0.807083,0.620150,3.808518,0.902745,0.530745,3.663639,0.536968,0.506702,3.611494,0.104739,0.396165,3.473516,0.047903,0.749002,3.716698,0.885400,0.832854,3.848241,0.513229,0.961746,4.047071,0.147374,0.881965,3.961163,0.015666,-0.784302,-1.157945,0.049857
0.670766,3.741199,0.894758,0.670456,3.724484,0.989443,0.660171,3.697759,1.090018,0.655459,3.681263,1.183975,0.649519,3.664997,1.277795,0.631095,3.631182,1.408413,0.606072,3.600181,1.500380,0.614358,3.665631,1.352482,0.497973,3.759664,1.329309,0.538365,3.836387,1.063413,0.571355,3.938033,0.849654,0.664662,3.626487,1.349443,0.788824,3.544955,1.319886,0.832055,3.588311,1.047033,0.861241,3.612331,0.811045,0.606275,3.787057,0.903280,0.525063,3.648271,0.533256,0.509188,3.605833,0.099517,0.396717,3.471584,0.037786,0.735239,3.695122,0.887463,0.816203,3.815467,0.510683,0.955420,4.028937,0.156980,0.882133,3.961036,0.013937,-0.809887,-1.173233,0.114873
0.657214,3.720242,0.896389,0.656557,3.704376,0.991225,0.646112,3.678665,1.092055,0.641301,3.663187,1.186186,0.635336,3.647987,1.280188,0.617049,3.615631,1.411201,0.592242,3.585022,1.503358,0.600125,3.649338,1.354778,0.482645,3.741510,1.329479,0.523581,3.813748,1.062448,0.556506,3.916517,0.849215,0.650751,3.610569,1.352270,0.775687,3.529856,1.323727,0.819722,3.573055,1.050977,0.851246,3.598551,0.815459,0.592742,3.766244,0.904273,0.518303,3.633796,0.530429,0.511274,3.601804,0.095513,0.397105,3.470780,0.029728,0.721663,3.674028,0.889736,0.800013,3.779682,0.508270,0.948526,4.007616,0.167405,0.881786,3.961342,0.015516,-0.812806,-1.180429,0.157729
0.644286,3.700628,0.898411,0.643207,3.685106,0.993304,0.632548,3.660089,1.094289,0.627613,3.645404,1.188542,0.621614,3.631128,1.282686,0.603470,3.600124,1.414042,0.578905,3.569842,1.506372,0.586270,3.633006,1.357259,0.467889,3.723739,1.330865,0.508867,3.789993,1.062365,0.541387,3.893588,0.849408,0.637222,3.594637,1.355242,0.762846,3.514619,1.327787,0.807262,3.558397,1.055189,0.841632,3.586016,0.820329,0.579968,3.746911,0.905889,0.509692,3.620239,0.529129,0.512047,3.599086,0.093660,0.396809,3.470044,0.025742,0.708577,3.654139,0.892163,0.785971,3.740097,0.506071,0.941665,3.982669,0.178964,0.881147,3.964878,0.022734,-0.771095,-1.183070,0.151704
0.631621,3.681579,0.900769,0.630103,3.666170,0.995673,0.619227,3.641710,1.096769,0.614179,3.627730,1.191122,0.608165,3.614334,1.285394,0.590202,3.584664,1.417081,0.565922,3.554687,1.509585,0.572652,3.616657,1.359997,0.453447,3.706128,1.333048,0.493989,3.765320,1.062824,0.525594,3.869158,0.849794,0.623944,3.578721,1.358450,0.750234,3.499381,1.332108,0.794790,3.544181,1.059698,0.832392,3.574451,0.825651,0.567537,3.728226,0.907963,0.500003,3.607576,0.528714,0.512421,3.597999,0.093025,0.396349,3.470435,0.023816,0.695678,3.634732,0.894799,0.772390,3.697502,0.504004,0.934236,3.954536,0.191342,0.879994,3.968846,0.033260,-0.706717,-1.177620,0.123519
0.618952,3.662642,0.903274,0.617173,3.647429,0.998203,0.606200,3.623499,1.099414,0.601112,3.610158,1.193857,0.595123,3.597530,1.288238,0.577367,3.568990,1.420206,0.553413,3.539304,1.512889,0.559451,3.600199,1.362848,0.439405,3.688370,1.335410,0.478941,3.740911,1.063608,0.508509,3.843033,0.849573,0.611088,3.562716,1.361698,0.738019,3.484118,1.336217,0.783023,3.530152,1.064092,0.823404,3.563588,0.830932,0.555028,3.709541,0.910240,0.490991,3.596526,0.528203,0.512593,3.597346,0.092609,0.396016,3.470790,0.022445,0.682852,3.615548,0.897529,0.756523,3.656154,0.502861,0.925027,3.924992,0.203609,0.877157,3.965282,0.043576,-0.666585,-1.168273,0.112397
0.605951,3.643550,0.905883,0.604286,3.628818,1.000888,0.593468,3.605467,1.102251,0.588485,3.592727,1.196783,0.582596,3.580733,1.291253,0.565080,3.553038,1.423436,0.541514,3.523645,1.516312,0.546779,3.583640,1.365805,0.425810,3.670318,1.337693,0.463718,3.716982,1.064587,0.489830,3.814973,0.848177,0.598759,3.546624,1.364946,0.726259,3.468804,1.339891,0.772458,3.516253,1.068217,0.814810,3.553594,0.836019,0.542029,3.690482,0.912693,0.482981,3.587566,0.527118,0.512590,3.596869,0.092046,0.395931,3.470730,0.021243,0.669852,3.596431,0.900299,0.736405,3.617778,0.502804,0.913480,3.895006,0.216421,0.873026,3.952341,0.053480,-0.680593,-1.155557,0.141052
0.592946,3.624570,0.908639,0.591572,3.610403,1.003735,0.581029,3.587602,1.105251,0.576224,3.575397,1.199862,0.570475,3.563927,1.294405,0.553226,3.536872,1.426754,0.530089,3.507759,1.519824,0.534524,3.566972,1.368875,0.412614,3.652119,1.340155,0.448324,3.693318,1.065891,0.469859,3.785218,0.846174,0.586851,3.530443,1.368232,0.714897,3.453467,1.343353,0.762597,3.502541,1.072225,0.806468,3.544303,0.841065,0.528952,3.671421,0.915347,0.475648,3.580219,0.525938,0.512386,3.596826,0.091701,0.395973,3.470635,0.020597,0.656925,3.577537,0.903162,0.714000,3.580649,0.503671,0.900153,3.863608,0.229121,0.867211,3.931868,0.063173,-0.718846,-1.138943,0.186770
0.580661,3.606045,0.911476,0.579346,3.592248,1.006629,0.568939,3.569838,1.108247,0.564224,3.558038,1.202915,0.558573,3.546981,1.297513,0.541580,3.520433,1.429996,0.518846,3.491538,1.523235,0.522534,3.550080,1.371939,0.399763,3.633903,1.342956,0.432762,3.670451,1.067684,0.448891,3.754299,0.844473,0.575217,3.514065,1.371483,0.703932,3.438164,1.346802,0.752661,3.488939,1.076163,0.797822,3.534957,0.846042,0.516606,3.652837,0.918027,0.469760,3.573783,0.525119,0.512099,3.596788,0.091666,0.396076,3.470473,0.020162,0.644701,3.559074,0.906159,0.692459,3.543855,0.505756,0.885512,3.829667,0.238815,0.857368,3.901431,0.069736,-0.738568,-1.121038,0.220628
0.569489,3.588214,0.914473,0.567813,3.574422,1.009620,0.557281,3.552146,1.111256,0.552502,3.540560,1.205948,0.546872,3.529778,1.300580,0.530120,3.503598,1.433168,0.507744,3.474852,1.526540,0.510840,3.532842,1.375036,0.387368,3.615725,1.346304,0.416749,3.648661,1.070172,0.426520,3.722250,0.843184,0.563892,3.497375,1.374740,0.693485,3.422903,1.350336,0.742380,3.475497,1.080076,0.788659,3.525432,0.850995,0.505444,3.635052,0.920782,0.466050,3.568412,0.524845,0.511822,3.596635,0.091971,0.396277,3.470214,0.019880,0.633513,3.541197,0.909395,0.673122,3.506637,0.509404,0.870043,3.792614,0.244879,0.842459,3.858518,0.071790,-0.717550,-1.098622,0.234739
0.559036,3.570839,0.917550,0.556767,3.556857,1.012658,0.545970,3.534554,1.114260,0.541041,3.523051,1.208954,0.535389,3.512436,1.303603,0.518867,3.486490,1.436266,0.496825,3.457831,1.529744,0.499411,3.515381,1.378128,0.375318,3.597530,1.349991,0.400569,3.627669,1.073150,0.403152,3.689036,0.842196,0.552841,3.480489,1.377962,0.683434,3.407677,1.353855,0.732024,3.462165,1.083918,0.779193,3.515851,0.855878,0.495013,3.617742,0.923561,0.463787,3.563951,0.524932,0.511462,3.596488,0.092586,0.396538,3.469888,0.019809,0.623027,3.523750,0.912765,0.654648,3.469753,0.514270,0.853259,3.753019,0.247935,0.823521,3.805642,0.070714,-0.678001,-1.074915,0.236990
0.548841,3.553540,0.920410,0.545909,3.539408,1.015477,0.534805,3.517078,1.117040,0.529687,3.505649,1.211732,0.523984,3.495177,1.306393,0.507668,3.469420,1.439118,0.485919,3.440767,1.532666,0.488003,3.497947,1.380979,0.363230,3.579288,1.353551,0.385071,3.607174,1.076162,0.380298,3.655086,0.842078,0.541815,3.463649,1.380943,0.673416,3.392526,1.357259,0.721629,3.448705,1.087598,0.769506,3.505827,0.860535,0.484765,3.600411,0.926036,0.461546,3.559240,0.525282,0.510858,3.596280,0.093518,0.396683,3.469565,0.019780,0.612877,3.506481,0.916003,0.636171,3.434568,0.519622,0.834162,3.711460,0.246956,0.801321,3.747904,0.067727,-0.643772,-1.062179,0.222116
0.538856,3.536224,0.923096,0.535183,3.522068,1.018131,0.523727,3.499771,1.119661,0.518372,3.488460,1.214354,0.512581,3.478154,1.309028,0.496438,3.452589,1.441811,0.474936,3.423845,1.535389,0.476486,3.480697,1.383651,0.350883,3.561018,1.357052,0.370874,3.587250,1.079330,0.358614,3.620362,0.843158,0.530696,3.447034,1.383765,0.663316,3.377622,1.360750,0.711215,3.435081,1.091299,0.759679,3.495309,0.865160,0.474589,3.582887,0.928190,0.458936,3.553858,0.525985,0.509903,3.595975,0.094874,0.396618,3.469245,0.019770,0.603074,3.489373,0.919216,0.617408,3.401575,0.525570,0.812399,3.668506,0.241062,0.776021,3.686206,0.062751,-0.623820,-1.067406,0.181504
0.529129,3.518984,0.925563,0.524644,3.504844,1.020566,0.512795,3.482581,1.122058,0.507165,3.471378,1.216747,0.501257,3.461213,1.311430,0.485262,3.435795,1.444259,0.463966,3.406879,1.537830,0.464991,3.463474,1.386084,0.338496,3.542700,1.360427,0.357358,3.567823,1.082532,0.337445,3.584902,0.845109,0.519601,3.430466,1.386346,0.653249,3.362793,1.364125,0.700761,3.421330,1.094838,0.749632,3.484348,0.869558,0.464595,3.565342,0.930040,0.456349,3.548224,0.526950,0.508704,3.595609,0.096547,0.396437,3.468928,0.019801,0.593606,3.472441,0.922298,0.598642,3.370282,0.532004,0.788322,3.623587,0.231133,0.747459,3.619647,0.055865,-0.609188,-1.083606,0.123767
0.519349,3.501730,0.927377,0.514166,3.487619,1.022352,0.501980,3.465359,1.123805,0.496109,3.454215,1.218488,0.490097,3.444123,1.313171,0.474229,3.418745,1.446023,0.453110,3.389600,1.539564,0.453666,3.446065,1.387852,0.326352,3.524244,1.363007,0.343523,3.548372,1.084942,0.316342,3.549239,0.847513,0.508636,3.413656,1.388228,0.643188,3.347561,1.366669,0.690242,3.407319,1.097574,0.739207,3.472700,0.872984,0.454566,3.547793,0.931309,0.453538,3.542435,0.527804,0.507414,3.595225,0.098220,0.396239,3.468674,0.019769,0.584068,3.455483,0.924655,0.579848,3.340576,0.537860,0.761988,3.575579,0.218778,0.715910,3.550624,0.048526,-0.596854,-1.102071,0.069485
0.509421,3.484520,0.928401,0.503752,3.470464,1.023358,0.491340,3.448182,1.124780,0.485298,3.437038,1.219452,0.479208,3.426933,1.314129,0.463444,3.401456,1.446974,0.442470,3.372022,1.540457,0.442627,3.428510,1.388843,0.314585,3.505670,1.364559,0.328961,3.528889,1.086266,0.295131,3.513354,0.850306,0.497896,3.396612,1.389284,0.633188,3.331875,1.368212,0.679673,3.393094,1.099347,0.728306,3.460386,0.875243,0.444447,3.530347,0.931927,0.450313,3.536556,0.528442,0.505962,3.594896,0.099802,0.396024,3.468511,0.019616,0.574327,3.438513,0.926083,0.560815,3.312508,0.542929,0.733477,3.523664,0.203364,0.681174,3.479283,0.040294,-0.585276,-1.122639,0.027937
0.499439,3.467295,0.928772,0.493399,3.453307,1.023715,0.480817,3.430975,1.125105,0.474639,3.419781,1.219762,0.468484,3.409594,1.314427,0.452803,3.383911,1.447243,0.431944,3.354132,1.540642,0.431759,3.410769,1.389169,0.303059,3.486958,1.365316,0.314078,3.509382,1.086798,0.273985,3.477267,0.853552,0.487285,3.379325,1.389641,0.623195,3.315786,1.368923,0.669039,3.378609,1.100316,0.717028,3.447386,0.876531,0.434292,3.512898,0.931963,0.446863,3.530521,0.528968,0.504419,3.594549,0.101384,0.395792,3.468413,0.019400,0.564516,3.421517,0.926786,0.541753,3.286028,0.547421,0.702708,3.468660,0.185524,0.643452,3.405479,0.031609,-0.575996,-1.145473,-0.010157
0.489380,3.449785,0.928470,0.482966,3.435804,1.023388,0.470213,3.413359,1.124731,0.463901,3.402056,1.219366,0.457683,3.391727,1.314011,0.442085,3.365760,1.446781,0.421329,3.335620,1.540087,0.420860,3.392512,1.388750,0.291649,3.467964,1.365310,0.299093,3.489345,1.086595,0.252973,3.441576,0.857025,0.476618,3.361483,1.389228,0.613020,3.298981,1.368596,0.658261,3.363591,1.100313,0.705505,3.433397,0.876689,0.424054,3.495150,0.931352,0.443508,3.524229,0.529320,0.503154,3.594007,0.102924,0.395641,3.468358,0.019187,0.554632,3.404246,0.926791,0.523274,3.260876,0.550901,0.669497,3.411896,0.168766,0.603624,3.331165,0.025250,-0.570623,-1.162358,-0.052057
0.479200,3.431860,0.927516,0.472342,3.417814,1.022393,0.459385,3.395184,1.123670,0.452923,3.383708,1.218274,0.446647,3.373178,1.312892,0.431147,3.346852,1.445603,0.410487,3.316335,1.538807,0.409803,3.373614,1.387572,0.280285,3.448672,1.364549,0.283859,3.468615,1.085668,0.232020,3.406293,0.860841,0.465776,3.342978,1.388027,0.602523,3.281334,1.367094,0.647192,3.347956,1.099209,0.693638,3.418198,0.875552,0.413668,3.476947,0.930069,0.440535,3.517805,0.529550,0.502259,3.593253,0.104402,0.395633,3.468321,0.019014,0.544651,3.386598,0.926167,0.505519,3.237308,0.553235,0.633336,3.353209,0.153453,0.561433,3.256037,0.021457,-0.569583,-1.167352,-0.101478
0.468943,3.413650,0.925889,0.461638,3.399478,1.020714,0.448476,3.376600,1.121908,0.441867,3.364892,1.216474,0.435534,3.354101,1.311060,0.420132,3.327339,1.443695,0.399556,3.296428,1.536788,0.398715,3.354200,1.385647,0.269037,3.429097,1.363025,0.268524,3.447356,1.084005,0.211201,3.371407,0.864884,0.454878,3.323918,1.386054,0.591845,3.262970,1.364553,0.635979,3.331787,1.097132,0.681527,3.402010,0.873285,0.403198,3.458443,0.928138,0.437657,3.511124,0.529607,0.501642,3.592305,0.105837,0.395707,3.468327,0.018844,0.534597,3.368675,0.924845,0.488346,3.215068,0.554557,0.594733,3.292762,0.139221,0.517135,3.180400,0.019991,-0.572449,-1.166397,-0.154704
0.458713,3.395273,0.923500,0.451048,3.380879,1.018264,0.437715,3.357684,1.119363,0.430979,3.345683,1.213883,0.424591,3.334581,1.308429,0.409250,3.307330,1.440971,0.388743,3.276036,1.533952,0.387775,3.334317,1.382937,0.257984,3.409141,1.360749,0.253739,3.425559,1.081631,0.190802,3.337484,0.868575,0.444093,3.304324,1.383284,0.581219,3.243956,1.361179,0.624990,3.315071,1.094301,0.669603,3.385189,0.870234,0.392788,3.439813,0.925558,0.434324,3.503712,0.529278,0.501396,3.591039,0.107251,0.395780,3.468432,0.018629,0.524540,3.350545,0.922650,0.471940,3.193125,0.554838,0.555025,3.232375,0.128489,0.472386,3.107122,0.022911,-0.579545,-1.169094,-0.207850
0.448554,3.376904,0.920215,0.440630,3.362136,1.014900,0.427165,3.338523,1.115883,0.420319,3.326150,1.210347,0.413865,3.314679,1.304844,0.398529,3.286888,1.437275,0.378072,3.255221,1.530140,0.377012,3.313998,1.379306,0.247107,3.388771,1.357604,0.239814,3.403133,1.078428,0.170990,3.304636,0.871776,0.433451,3.284232,1.379592,0.570704,3.224358,1.356935,0.614257,3.297959,1.090702,0.657940,3.367786,0.866360,0.382488,3.421236,0.922229,0.430368,3.495566,0.528474,0.501754,3.589351,0.108544,0.395828,3.468711,0.018313,0.514517,3.332380,0.919409,0.456890,3.171131,0.553960,0.513822,3.171442,0.122337,0.426966,3.036062,0.031679,-0.593298,-1.175415,-0.265550
0.438421,3.358368,0.916169,0.430326,3.343132,1.010764,0.416763,3.319029,1.111620,0.409828,3.306224,1.206019,0.403307,3.294334,1.300460,0.387941,3.265950,1.432762,0.367518,3.233922,1.525510,0.366397,3.293210,1.374889,0.236426,3.368019,1.353708,0.226440,3.380170,1.074512,0.151598,3.272750,0.874625,0.422922,3.263605,1.375103,0.560241,3.204110,1.351859,0.603748,3.280299,1.086348,0.646465,3.349750,0.861701,0.372247,3.402531,0.918250,0.425957,3.486689,0.527284,0.502482,3.587344,0.109815,0.395876,3.469088,0.017953,0.504490,3.314007,0.915295,0.442606,3.149434,0.552042,0.471513,3.110568,0.119685,0.381094,2.967361,0.044833,-0.611281,-1.185388,-0.323168
0.428290,3.339258,0.911679,0.420151,3.323590,1.006201,0.406555,3.299016,1.106939,0.399579,3.285773,1.201275,0.393020,3.273443,1.295657,0.377612,3.244435,1.427818,0.357214,3.212095,1.520464,0.356030,3.271901,1.370059,0.226072,3.346886,1.349423,0.213350,3.356927,1.070259,0.132407,3.242056,0.876959,0.412584,3.242349,1.370165,0.549892,3.183086,1.346274,0.593730,3.261627,1.081499,0.635382,3.331281,0.856720,0.362065,3.383334,0.913917,0.421045,3.476610,0.525768,0.502976,3.585203,0.111382,0.395913,3.469395,0.017672,0.494411,3.294981,0.910647,0.427508,3.128054,0.549408,0.430609,3.053385,0.119719,0.337085,2.904313,0.060048,-0.626546,-1.208703,-0.362922
0.418424,3.319635,0.906539,0.410409,3.303596,1.001009,0.396836,3.278573,1.101639,0.389851,3.264878,1.195910,0.383244,3.252069,1.290225,0.367704,3.222373,1.422217,0.347299,3.189789,1.514777,0.346071,3.250135,1.364581,0.216236,3.325498,1.344558,0.200538,3.333397,1.065484,0.113203,3.212542,0.878700,0.402571,3.220477,1.364557,0.539783,3.161264,1.339992,0.584634,3.241880,1.076016,0.624910,3.312715,0.851364,0.352215,3.363721,0.909044,0.415916,3.465440,0.523753,0.503290,3.583240,0.113011,0.395937,3.469570,0.017513,0.484537,3.275346,0.905240,0.410910,3.107379,0.545833,0.391000,3.000148,0.123593,0.294521,2.847621,0.078536,-0.632803,-1.250937,-0.378276
0.408559,3.299438,0.900955,0.400797,3.283065,0.995389,0.387311,3.257611,1.095923,0.380366,3.243459,1.190129,0.373737,3.230149,1.284373,0.358055,3.199734,1.416185,0.337633,3.166956,1.508672,0.336360,3.227848,1.358690,0.206727,3.303728,1.339306,0.188010,3.309588,1.060371,0.094201,3.184219,0.879924,0.392749,3.197974,1.358501,0.529788,3.138666,1.333200,0.576030,3.221122,1.070037,0.614831,3.293716,0.845685,0.342423,3.343615,0.903817,0.410285,3.453067,0.521412,0.503369,3.581143,0.114935,0.395950,3.469674,0.017434,0.474611,3.255057,0.899299,0.393498,3.087021,0.541543,0.352795,2.950600,0.130153,0.253819,2.796582,0.099085,-0.636342,-1.306512,-0.375765
0.397872,3.278077,0.895865,0.390419,3.261473,0.990284,0.377133,3.235677,1.090757,0.370367,3.221139,1.184918,0.363879,3.207394,1.279109,0.348305,3.176342,1.410785,0.327934,3.143404,1.503227,0.326521,3.204799,1.353453,0.197109,3.281195,1.334608,0.175514,3.285786,1.055847,0.075826,3.157349,0.880695,0.382792,3.174705,1.353007,0.519587,3.115241,1.326783,0.566889,3.199076,1.064235,0.604697,3.273474,0.840297,0.331862,3.322418,0.899091,0.403250,3.438688,0.519324,0.502439,3.578165,0.118164,0.395956,3.469733,0.017434,0.463806,3.233530,0.893847,0.375744,3.065832,0.537536,0.318839,2.907600,0.135114,0.218541,2.752376,0.115739,-0.649070,-1.368383,-0.357206
0.386187,3.255594,0.891394,0.379024,3.238860,0.985815,0.366037,3.212792,1.086260,0.359598,3.197914,1.180392,0.353452,3.183763,1.274547,0.338327,3.152102,1.406133,0.318092,3.119003,1.498547,0.316457,3.180916,1.349014,0.187289,3.257798,1.330469,0.162760,3.262000,1.051937,0.057789,3.131931,0.881009,0.372610,3.150614,1.348173,0.509043,3.090921,1.320651,0.556930,3.175657,1.058488,0.594349,3.251947,0.835122,0.320350,3.300171,0.894939,0.395426,3.422514,0.517761,0.501074,3.574678,0.122939,0.395944,3.469729,0.017634,0.451949,3.210811,0.889058,0.357655,3.043643,0.534094,0.290440,2.872223,0.137519,0.191016,2.715296,0.127529,-0.678575,-1.433322,-0.317296
0.373680,3.231947,0.887417,0.366864,3.215186,0.981861,0.354290,3.188936,1.082313,0.348315,3.173789,1.176436,0.342674,3.159297,1.270573,0.328248,3.127111,1.402112,0.308216,3.093885,1.494525,0.306264,3.156271,1.345229,0.177361,3.233638,1.326884,0.150039,3.238221,1.048616,0.040380,3.107966,0.880870,0.362293,3.125756,1.343900,0.498293,3.065774,1.314893,0.546435,3.150950,1.052919,0.583946,3.229176,0.830238,0.308070,3.276834,0.891288,0.386197,3.404334,0.516451,0.498700,3.570311,0.129019,0.395925,3.469679,0.017912,0.439214,3.186854,0.884756,0.339225,3.020623,0.530935,0.266288,2.843394,0.138326,0.168914,2.685049,0.135424,-0.717270,-1.504557,-0.261338
0.360056,3.206416,0.884499,0.353796,3.189797,0.979001,0.341842,3.163592,1.079536,0.336521,3.148409,1.173688,0.331567,3.133826,1.267846,0.318098,3.101479,1.399443,0.298344,3.068256,1.491916,0.295862,3.130845,1.342735,0.167165,3.208642,1.324783,0.137973,3.214713,1.046744,0.024890,3.085727,0.880351,0.351781,3.100152,1.340909,0.487423,3.039952,1.310661,0.535216,3.124925,1.048567,0.573512,3.204474,0.826490,0.294736,3.251685,0.888768,0.372812,3.382708,0.515168,0.492811,3.563198,0.136684,0.395930,3.469651,0.017899,0.425303,3.160940,0.881442,0.320907,2.996130,0.528212,0.245300,2.820744,0.136113,0.148813,2.661936,0.136370,-0.754305,-1.584719,-0.207061
0.344670,3.178193,0.882911,0.339365,3.161942,0.977527,0.328373,3.136117,1.078262,0.323991,3.121244,1.172505,0.319972,3.106954,1.266748,0.307789,3.075008,1.398561,0.288407,3.041981,1.491182,0.285068,3.104366,1.341903,0.156405,3.182393,1.324703,0.126934,3.191453,1.046785,0.011959,3.065348,0.879405,0.340926,3.073590,1.339600,0.476463,3.013492,1.308633,0.522895,3.097413,1.045968,0.563188,3.177298,0.824379,0.279759,3.223980,0.887767,0.353824,3.356511,0.513793,0.482193,3.552836,0.146411,0.395476,3.469297,0.016339,0.409516,3.132199,0.879272,0.302446,2.969323,0.525912,0.226973,2.806307,0.128962,0.129064,2.648197,0.127411,-0.791670,-1.696422,-0.164808
0.328166,3.148086,0.882380,0.324027,3.132373,0.977146,0.314205,3.107155,1.078157,0.310950,3.092823,1.172531,0.308048,3.079076,1.266898,0.297410,3.047896,1.399031,0.278474,3.015196,1.491860,0.274064,3.077105,1.342363,0.145378,3.155307,1.326105,0.116550,3.168464,1.048275,0.000947,3.046694,0.878080,0.329876,3.046282,1.339573,0.465383,2.986356,1.308130,0.509849,3.068584,1.044586,0.552833,3.148189,0.823405,0.263730,3.194464,0.887898,0.330679,3.326870,0.512444,0.468060,3.539728,0.157723,0.395047,3.468965,0.014488,0.392554,3.101501,0.878088,0.284097,2.941042,0.524048,0.211809,2.798050,0.118793,0.111317,2.641593,0.111504,-0.827375,-1.817051,-0.124235
0.312194,3.117802,0.882655,0.309010,3.102688,0.977564,0.300257,3.078127,1.078840,0.298084,3.064376,1.173337,0.296305,3.051209,1.267817,0.287252,3.020854,1.400263,0.268793,2.988519,1.493317,0.263311,3.049860,1.343632,0.134819,3.128562,1.328310,0.106329,3.146072,1.050681,-0.008772,3.029637,0.876593,0.319012,3.018895,1.340334,0.454186,2.958582,1.308268,0.497026,3.038914,1.043861,0.542048,3.118086,0.822912,0.248135,3.164656,0.888624,0.304959,3.295718,0.511247,0.451558,3.523526,0.169469,0.396124,3.469775,0.015738,0.376214,3.070744,0.877918,0.267084,2.913168,0.522813,0.200225,2.789502,0.109947,0.097096,2.635702,0.094462,-0.844601,-1.881394,-0.072042
0.297221,3.087651,0.883705,0.294596,3.073138,0.978728,0.286742,3.049237,1.080236,0.285593,3.036076,1.174832,0.284982,3.023502,1.269401,0.277656,2.994026,1.402142,0.259751,2.962118,1.495448,0.253165,3.022746,1.345658,0.125299,3.102603,1.331266,0.095989,3.124706,1.054075,-0.017436,3.014496,0.874985,0.308639,2.991461,1.341773,0.442871,2.929671,1.308711,0.484903,3.008189,1.043618,0.530718,3.087272,0.822775,0.233409,3.134834,0.889798,0.276179,3.264219,0.510159,0.432455,3.504167,0.181109,0.402203,3.475012,0.021798,0.360996,3.040277,0.878844,0.251854,2.885963,0.522314,0.193259,2.777423,0.103912,0.087385,2.628005,0.076638,-0.827594,-1.846670,0.007026
0.282779,3.057323,0.885559,0.280503,3.043472,0.980691,0.273447,3.020280,1.082420,0.273276,3.007750,1.177106,0.273839,2.995805,1.271756,0.268281,2.967267,1.404783,0.250961,2.935824,1.498357,0.243269,2.995647,1.348493,0.116247,3.076985,1.335025,0.085812,3.103936,1.058385,-0.024808,3.000950,0.873216,0.298453,2.963948,1.344001,0.431438,2.900121,1.309794,0.473002,2.976624,1.044031,0.518957,3.055463,0.823119,0.219119,3.104719,0.891568,0.244824,3.231211,0.509223,0.410982,3.481713,0.193181,0.409789,3.481392,0.030960,0.346401,3.009749,0.880782,0.237960,2.859163,0.522443,0.189872,2.765053,0.099202,0.081201,2.621022,0.057680,-0.792108,-1.755659,0.097714
0.269113,3.027585,0.888059,0.267109,3.014541,0.983306,0.260660,2.992061,1.085237,0.261220,2.980110,1.180001,0.262659,2.968682,1.274713,0.258401,2.940853,1.407953,0.241505,2.909748,1.501720,0.233010,2.969014,1.351815,0.106678,3.051550,1.339061,0.076162,3.082813,1.062862,-0.030796,2.987909,0.871382,0.287929,2.936924,1.346862,0.419886,2.871473,1.311644,0.460837,2.945342,1.045063,0.506713,3.022747,0.823664,0.205451,3.075001,0.893838,0.213928,3.195138,0.508694,0.388982,3.455997,0.206158,0.409872,3.480183,0.041500,0.332738,2.980006,0.883513,0.225277,2.833862,0.523076,0.187360,2.755645,0.095701,0.077120,2.615893,0.042350,-0.768588,-1.671488,0.167561
0.256619,2.998500,0.891161,0.254814,2.986604,0.986553,0.248682,2.964899,1.088672,0.249583,2.953484,1.183503,0.251413,2.942405,1.278255,0.247694,2.914909,1.411589,0.230957,2.883947,1.505434,0.222133,2.943056,1.355529,0.096159,3.026211,1.343142,0.067428,3.060883,1.067157,-0.035154,2.975037,0.869222,0.276844,2.910636,1.350358,0.408209,2.844412,1.314330,0.448233,2.914635,1.046651,0.494108,2.989030,0.824215,0.192716,3.045639,0.896461,0.184163,3.154314,0.508244,0.367103,3.426869,0.221527,0.399035,3.468134,0.043181,0.320490,2.951213,0.887094,0.213479,2.809815,0.524535,0.184983,2.751047,0.093685,0.075333,2.613518,0.032885,-0.775215,-1.615634,0.194459
0.244901,2.970005,0.894907,0.243218,2.959402,0.990453,0.237212,2.938474,1.092740,0.238207,2.927545,1.187625,0.240131,2.916701,1.282399,0.236482,2.889310,1.415753,0.219744,2.858363,1.509602,0.210892,2.917564,1.359729,0.085123,3.001054,1.347501,0.059221,3.038598,1.071620,-0.038129,2.962668,0.866998,0.265422,2.884838,1.354487,0.396412,2.818252,1.317782,0.435364,2.884210,1.048856,0.481019,2.954407,0.824966,0.180603,3.016674,0.899585,0.154857,3.110424,0.508200,0.344697,3.394480,0.237799,0.381244,3.449774,0.064200,0.309175,2.923204,0.891467,0.202892,2.787267,0.526497,0.183480,2.749411,0.092879,0.075649,2.612997,0.027047,-0.793809,-1.566619,0.200516
0.233016,2.942682,0.899272,0.231510,2.933014,0.994929,0.225632,2.912629,1.097334,0.226701,2.902028,1.192254,0.228675,2.891320,1.287041,0.225014,2.863954,1.420394,0.208226,2.832937,1.514210,0.199445,2.892356,1.364382,0.073888,2.976188,1.352307,0.050735,3.016361,1.076545,-0.040365,2.950714,0.865588,0.253809,2.859355,1.359092,0.384510,2.792468,1.321919,0.422271,2.854319,1.051829,0.467030,2.919249,0.826230,0.168370,2.988916,0.903549,0.127021,3.066971,0.509805,0.321663,3.359106,0.250985,0.356095,3.422298,0.079663,0.297645,2.896325,0.896235,0.194370,2.768046,0.527860,0.182361,2.748448,0.092341,0.076063,2.612776,0.022889,-0.800270,-1.523136,0.219591
0.220567,2.916920,0.904541,0.219345,2.907605,1.000243,0.213661,2.887398,1.102696,0.214856,2.876881,1.197625,0.216910,2.866172,1.292410,0.213259,2.838744,1.425751,0.196415,2.807552,1.519498,0.187748,2.867349,1.369709,0.062483,2.951656,1.357900,0.041608,2.994223,1.082305,-0.041836,2.939299,0.865374,0.241960,2.834108,1.364348,0.372421,2.766902,1.326900,0.408890,2.825091,1.055816,0.452077,2.883435,0.828177,0.155705,2.962855,0.908805,0.101215,3.025088,0.513803,0.298304,3.320640,0.260028,0.322018,3.384189,0.085941,0.285416,2.870865,0.901521,0.188796,2.753429,0.528003,0.181540,2.747636,0.091729,0.075938,2.612421,0.020185,-0.775656,-1.483707,0.278134
0.207952,2.892330,0.910429,0.207067,2.883011,1.006132,0.201580,2.862747,1.108584,0.202882,2.852156,1.203503,0.204972,2.841346,1.298275,0.201248,2.813777,1.431585,0.184299,2.782323,1.525226,0.175844,2.842627,1.375488,0.050879,2.927414,1.363941,0.032201,2.972132,1.088527,-0.042570,2.928298,0.865974,0.229920,2.809176,1.370079,0.360227,2.741712,1.332565,0.395285,2.796396,1.060570,0.436223,2.847086,0.830636,0.142918,2.938001,0.914902,0.076880,2.983641,0.519449,0.274317,3.279190,0.265984,0.280824,3.337208,0.089031,0.272974,2.846535,0.907203,0.185287,2.742140,0.527547,0.181104,2.747497,0.091385,0.075912,2.612365,0.019161,-0.738910,-1.449809,0.349695
0.195417,2.868316,0.916047,0.194892,2.858816,1.011732,0.189611,2.838419,1.114167,0.191018,2.827734,1.209074,0.193132,2.816854,1.303838,0.189316,2.789236,1.437135,0.172203,2.757537,1.530663,0.164017,2.818266,1.381021,0.039305,2.903440,1.369579,0.022791,2.950334,1.094392,-0.043298,2.917241,0.867124,0.217973,2.784626,1.375599,0.348190,2.716848,1.338353,0.381687,2.768094,1.065497,0.419241,2.810936,0.833403,0.130199,2.913687,0.920827,0.053352,2.942729,0.525754,0.248696,3.235362,0.268028,0.238269,3.284563,0.089142,0.260626,2.822818,0.912516,0.182051,2.732172,0.527251,0.180825,2.747301,0.091394,0.075888,2.612355,0.018544,-0.722757,-1.424565,0.388789
0.183096,2.844868,0.921300,0.182943,2.834976,1.016945,0.177872,2.814373,1.119349,0.179378,2.803595,1.214243,0.181507,2.792708,1.309006,0.177581,2.765195,1.442322,0.160232,2.733289,1.535736,0.152373,2.794305,1.386275,0.027830,2.879701,1.374644,0.013441,2.928961,1.099754,-0.043976,2.906151,0.868924,0.206222,2.760491,1.380883,0.336430,2.692285,1.344415,0.368100,2.740152,1.070730,0.400777,2.775341,0.836643,0.117670,2.889887,0.926483,0.030015,2.902615,0.532811,0.221026,3.189457,0.265498,0.195729,3.226771,0.085536,0.248519,2.799716,0.917361,0.178571,2.723199,0.527447,0.180711,2.746793,0.091896,0.075849,2.612330,0.018048,-0.747667,-1.411598,0.372058
0.170856,2.821998,0.926284,0.171097,2.811535,1.021868,0.166246,2.790651,1.124225,0.167849,2.779760,1.219105,0.169980,2.768897,1.313871,0.165925,2.741580,1.447223,0.148281,2.709483,1.540517,0.140806,2.770705,1.391283,0.016385,2.856228,1.379306,0.004088,2.907880,1.104758,-0.044649,2.895004,0.871272,0.194565,2.736737,1.385957,0.324827,2.668048,1.350599,0.354519,2.712603,1.076135,0.381185,2.739945,0.840190,0.105208,2.866627,0.931967,0.007484,2.863036,0.540526,0.191722,3.141175,0.259055,0.151827,3.163316,0.078951,0.236506,2.777227,0.921837,0.175363,2.715548,0.527803,0.180755,2.746228,0.092753,0.075813,2.612351,0.017960,-0.793171,-1.407286,0.322860
0.158541,2.799146,0.930400,0.159206,2.788202,1.025929,0.154609,2.767112,1.128257,0.156329,2.756177,1.223130,0.158481,2.745400,1.317904,0.154327,2.718358,1.451310,0.136363,2.686122,1.544494,0.129285,2.747416,1.395446,0.004998,2.833099,1.383225,-0.005184,2.886945,1.109011,-0.046175,2.883256,0.873599,0.182975,2.713326,1.390202,0.313275,2.644172,1.355888,0.341166,2.685410,1.080715,0.361306,2.704412,0.843341,0.092630,2.843320,0.936554,-0.013054,2.823297,0.547630,0.161021,3.090228,0.249869,0.108191,3.095854,0.071804,0.224460,2.754826,0.925474,0.172181,2.708190,0.528076,0.180713,2.745640,0.093632,0.075733,2.612341,0.017867,-0.830583,-1.403883,0.265777
0.146111,2.776136,0.933494,0.147247,2.764907,1.028987,0.142956,2.743764,1.131316,0.144830,2.732914,1.226196,0.147039,2.722334,1.320991,0.142847,2.695695,1.454475,0.124520,2.663400,1.547568,0.117866,2.724557,1.398632,-0.006235,2.810506,1.386398,-0.014280,2.866191,1.112475,-0.048856,2.870902,0.875971,0.171513,2.690385,1.393493,0.301791,2.620770,1.360034,0.328108,2.658691,1.084228,0.341280,2.668638,0.845885,0.079869,2.819752,0.940048,-0.030825,2.782766,0.553779,0.128681,3.036479,0.237448,0.065106,3.024016,0.064400,0.212367,2.732372,0.928164,0.169035,2.700906,0.528226,0.180528,2.744968,0.094442,0.075554,2.612244,0.017605,-0.849507,-1.398373,0.206908
0.133607,2.753145,0.935721,0.135243,2.741721,1.031183,0.131293,2.720600,1.133531,0.133341,2.709903,1.228424,0.135624,2.699583,1.323246,0.131425,2.673425,1.456825,0.112709,2.641122,1.549837,0.106493,2.702010,1.400973,-0.017410,2.788255,1.388827,-0.023295,2.845583,1.115188,-0.052391,2.857947,0.878322,0.160119,2.667787,1.395955,0.290358,2.597727,1.363286,0.315277,2.632327,1.086916,0.320967,2.632727,0.848032,0.066992,2.796137,0.942645,-0.046605,2.742076,0.559317,0.094943,2.980065,0.222284,0.022287,2.948172,0.056434,0.200241,2.710006,0.930016,0.165915,2.693915,0.528292,0.180258,2.744272,0.095276,0.075330,2.612116,0.017338,-0.860338,-1.393772,0.140155
0.120994,2.730146,0.936944,0.123124,2.718568,1.032377,0.119507,2.697460,1.134740,0.121724,2.686889,1.229644,0.124076,2.676779,1.324487,0.119867,2.651011,1.458143,0.100809,2.618703,1.551085,0.094968,2.679370,1.402268,-0.028782,2.765841,1.390184,-0.032426,2.824857,1.116869,-0.056725,2.843858,0.879885,0.148585,2.645117,1.397353,0.278826,2.574743,1.365373,0.302685,2.605924,1.088507,0.300792,2.596658,0.849713,0.054022,2.772528,0.944219,-0.061537,2.702431,0.564003,0.060767,2.921102,0.207015,-0.019492,2.871089,0.049418,0.187990,2.687618,0.930885,0.162542,2.686842,0.528153,0.179832,2.743764,0.096080,0.075176,2.612054,0.017154,-0.865579,-1.391378,0.071801
0.108199,2.707213,0.937094,0.110839,2.695486,1.032496,0.107563,2.674352,1.134865,0.109953,2.663846,1.229772,0.112376,2.653870,1.324628,0.108162,2.628358,1.458333,0.088844,2.596045,1.551220,0.083265,2.656579,1.402418,-0.040404,2.743164,1.390325,-0.041646,2.803990,1.117388,-0.061962,2.828413,0.880446,0.136885,2.622323,1.397573,0.267216,2.551845,1.366192,0.290483,2.579407,1.088896,0.280878,2.560301,0.850941,0.040911,2.749025,0.944735,-0.075855,2.664176,0.567873,0.026190,2.859279,0.191884,-0.059991,2.793302,0.043353,0.175520,2.665253,0.930669,0.158801,2.679659,0.527731,0.179181,2.743608,0.096779,0.075144,2.612121,0.017125,-0.863693,-1.390040,0.001604
0.095297,2.684272,0.936240,0.098439,2.672437,1.031614,0.095496,2.651268,1.133985,0.098053,2.640801,1.228892,0.100542,2.630909,1.323755,0.096320,2.605562,1.457491,0.076789,2.573247,1.550332,0.071411,2.633696,1.401522,-0.052223,2.720325,1.389393,-0.050983,2.783005,1.116876,-0.068000,2.811835,0.880219,0.125045,2.599457,1.396728,0.255507,2.529006,1.365846,0.278521,2.552850,1.088188,0.261103,2.523786,0.851704,0.027707,2.725528,0.944226,-0.089326,2.626966,0.570890,-0.008826,2.794908,0.176648,-0.099450,2.714278,0.038238,0.162926,2.642867,0.929470,0.154808,2.672393,0.527104,0.178375,2.743640,0.097448,0.075181,2.612254,0.017177,-0.856216,-1.390908,-0.070193
0.082471,2.661082,0.934452,0.086004,2.649231,1.029810,0.083309,2.628032,1.132183,0.085967,2.617571,1.227088,0.088470,2.607694,1.321952,0.084178,2.582375,1.455690,0.064445,2.550018,1.548474,0.059285,2.610487,1.399672,-0.064344,2.697114,1.387489,-0.060715,2.761711,1.115438,-0.074479,2.794264,0.879082,0.112933,2.576268,1.394919,0.243486,2.505835,1.364380,0.266350,2.526080,1.086419,0.241518,2.487482,0.851887,0.014580,2.701795,0.942668,-0.102393,2.590968,0.572712,-0.043426,2.729040,0.163230,-0.137812,2.635184,0.035577,0.150406,2.620220,0.927453,0.150635,2.664760,0.526381,0.177557,2.743579,0.098257,0.075254,2.612361,0.017177,-0.850261,-1.398733,-0.136579
0.069850,2.637618,0.931618,0.073619,2.625874,1.026981,0.071047,2.604646,1.129351,0.073712,2.594135,1.224250,0.076149,2.584161,1.319106,0.071696,2.558655,1.452803,0.051761,2.526181,1.545503,0.046865,2.586840,1.396757,-0.076799,2.673408,1.384519,-0.070890,2.740130,1.113027,-0.081175,2.775663,0.876904,0.100530,2.552645,1.392026,0.231116,2.482203,1.361645,0.253842,2.499055,1.083443,0.222029,2.451400,0.851447,0.001653,2.677804,0.939901,-0.115359,2.556103,0.573339,-0.077676,2.661501,0.152013,-0.175556,2.555949,0.035947,0.138093,2.597284,0.924553,0.146413,2.656954,0.525578,0.176800,2.743441,0.099150,0.075372,2.612408,0.017049,-0.847464,-1.416783,-0.197634
0.057305,2.613905,0.927849,0.061198,2.602359,1.023231,0.058665,2.581109,1.125598,0.061269,2.570514,1.220489,0.063589,2.560374,1.315330,0.058914,2.534545,1.448957,0.038789,2.501913,1.541560,0.034173,2.562866,1.392889,-0.089557,2.649330,1.380575,-0.081462,2.718240,1.109691,-0.088313,2.756070,0.873816,0.087856,2.528699,1.388168,0.218433,2.458239,1.357788,0.241126,2.471817,1.079407,0.202731,2.415528,0.850428,-0.011196,2.653578,0.936084,-0.127921,2.522451,0.572771,-0.111510,2.592466,0.142612,-0.212202,2.476644,0.038771,0.125855,2.574087,0.920834,0.142011,2.648780,0.524680,0.176031,2.743210,0.100184,0.075526,2.612430,0.016868,-0.846190,-1.441789,-0.253276
0.044637,2.589779,0.923547,0.048573,2.578471,1.018955,0.046022,2.557238,1.121325,0.048530,2.546595,1.216213,0.050710,2.536323,1.311043,0.045790,2.510218,1.444609,0.025481,2.477460,1.537128,0.021155,2.538666,1.388502,-0.102621,2.625041,1.376033,-0.092567,2.695778,1.105675,-0.096209,2.735738,0.870084,0.074842,2.504502,1.383807,0.205335,2.433944,1.353300,0.228145,2.444316,1.074791,0.183964,2.380201,0.848851,-0.024172,2.628940,0.931662,-0.139605,2.490410,0.570663,-0.143880,2.523506,0.135800,-0.246261,2.398656,0.043821,0.113494,2.550475,0.916655,0.137107,2.639366,0.523747,0.175175,2.742568,0.101701,0.075644,2.612437,0.016721,-0.848640,-1.468701,-0.296249
0.031908,2.565249,0.918660,0.035775,2.554224,1.014104,0.033137,2.533053,1.116484,0.035508,2.522400,1.211375,0.037527,2.512029,1.306198,0.032344,2.485702,1.439711,0.011851,2.452850,1.532156,0.007830,2.514280,1.383542,-0.115942,2.600635,1.370880,-0.104246,2.672738,1.100942,-0.104905,2.714792,0.865684,0.061494,2.480075,1.378885,0.191772,2.409283,1.348015,0.214859,2.416308,1.069431,0.165721,2.345250,0.846568,-0.037211,2.603903,0.926559,-0.150282,2.460643,0.566554,-0.175287,2.453343,0.132329,-0.277360,2.320524,0.051164,0.101076,2.526457,0.911988,0.131845,2.628801,0.522892,0.174153,2.741649,0.103690,0.075697,2.612425,0.016643,-0.856069,-1.495842,-0.324894
0.019056,2.540307,0.913241,0.022773,2.529604,1.008727,0.019992,2.508535,1.111125,0.022189,2.497906,1.206023,0.024025,2.487470,1.300843,0.018556,2.460969,1.434310,-0.002113,2.428055,1.526693,-0.005821,2.489668,1.378064,-0.129570,2.576018,1.365127,-0.116460,2.649127,1.095530,-0.114358,2.693108,0.860641,0.047805,2.455397,1.373460,0.177794,2.384291,1.342099,0.201308,2.388039,1.063491,0.148008,2.310843,0.843727,-0.050375,2.578455,0.920851,-0.160081,2.432488,0.560905,-0.205229,2.383255,0.131446,-0.305870,2.243709,0.060732,0.088535,2.502024,0.906861,0.126080,2.616996,0.522002,0.173044,2.740319,0.106163,0.075715,2.612398,0.016598,-0.867221,-1.524887,-0.340869
0.005690,2.514758,0.907845,0.009292,2.504352,1.003369,0.006389,2.483446,1.105796,0.008424,2.472933,1.200710,0.010079,2.462562,1.295540,0.004326,2.436107,1.429003,-0.016489,2.403234,1.521369,-0.019906,2.464809,1.372662,-0.143657,2.551067,1.359181,-0.129230,2.624707,1.089798,-0.124761,2.670560,0.855297,0.033689,2.430477,1.368171,0.163449,2.359072,1.336536,0.187550,2.360189,1.057943,0.131183,2.277823,0.840800,-0.064052,2.552389,0.915204,-0.168915,2.404355,0.554749,-0.231154,2.318645,0.131666,-0.331423,2.173982,0.072097,0.075478,2.476996,0.901718,0.119053,2.602807,0.520798,0.172002,2.737862,0.109496,0.075716,2.612384,0.016569,-0.880533,-1.555809,-0.341889
-0.008410,2.488679,0.902471,-0.004839,2.478498,0.998021,-0.007796,2.457807,1.100491,-0.005876,2.447519,1.195433,-0.004360,2.437375,1.290290,-0.010347,2.411249,1.423810,-0.031253,2.378543,1.516214,-0.034438,2.439780,1.367372,-0.158242,2.525798,1.352941,-0.142554,2.599505,1.083640,-0.136224,2.647192,0.849540,0.019136,2.405394,1.363051,0.148744,2.333688,1.331467,0.173517,2.332986,1.052920,0.115288,2.246374,0.837858,-0.078481,2.525729,0.909666,-0.175899,2.376052,0.547912,-0.252580,2.260232,0.133938,-0.354507,2.112218,0.088280,0.061705,2.451503,0.896508,0.110532,2.586447,0.519297,0.171322,2.734585,0.113643,0.075702,2.612398,0.016554,-0.898687,-1.587661,-0.323472
-0.023024,2.461993,0.897121,-0.019449,2.452013,0.992692,-0.022438,2.431597,1.095217,-0.020622,2.421626,1.190195,-0.019242,2.411838,1.285094,-0.025462,2.386261,1.418711,-0.046429,2.353827,1.511198,-0.049403,2.414505,1.362160,-0.173286,2.500196,1.346507,-0.156435,2.573494,1.077164,-0.148637,2.622960,0.843483,0.004156,2.380068,1.358067,0.133672,2.308077,1.326751,0.159278,2.306204,1.048288,0.100281,2.216312,0.834830,-0.093422,2.498451,0.904190,-0.181917,2.347771,0.540569,-0.269990,2.207296,0.137312,-0.374633,2.057542,0.106259,0.047416,2.425415,0.891283,0.100749,2.567704,0.517482,0.170711,2.730182,0.118650,0.075671,2.612426,0.016553,-0.918999,-1.621389,-0.290100
-0.037883,2.434275,0.892352,-0.034287,2.424549,0.987948,-0.037356,2.404513,1.090544,-0.035703,2.394967,1.185568,-0.034541,2.385662,1.280516,-0.041124,2.360827,1.414252,-0.062164,2.328777,1.506855,-0.064873,2.388731,1.357514,-0.188821,2.474088,1.340595,-0.170903,2.546355,1.071050,-0.161864,2.597609,0.837803,-0.011306,2.354274,1.353758,0.118263,2.282166,1.322947,0.145100,2.279840,1.044614,0.086391,2.187926,0.831971,-0.108535,2.470270,0.899298,-0.189532,2.318496,0.534278,-0.282269,2.163090,0.137456,-0.389962,2.013110,0.116533,0.032811,2.398163,0.886636,0.089642,2.544800,0.515022,0.169443,2.723017,0.125042,0.075645,2.612451,0.016551,-0.931860,-1.659802,-0.252938
-0.052939,2.405109,0.888201,-0.049362,2.395692,0.983830,-0.052614,2.376165,1.086518,-0.051232,2.367189,1.181600,-0.050417,2.358539,1.276611,-0.057557,2.334717,1.410497,-0.078704,2.303222,1.503264,-0.081035,2.362241,1.353455,-0.204933,2.447440,1.335354,-0.186082,2.517972,1.065413,-0.175921,2.571089,0.832629,-0.027432,2.327793,1.350190,0.102377,2.255774,1.320211,0.131087,2.253726,1.042063,0.073767,2.161130,0.829287,-0.123770,2.440785,0.894992,-0.199563,2.287473,0.529454,-0.286785,2.129876,0.131655,-0.398554,1.981865,0.114593,0.017933,2.369318,0.882641,0.076896,2.517512,0.511755,0.167530,2.713527,0.133207,0.075606,2.612073,0.015956,-0.935353,-1.715789,-0.219012
-0.068239,2.374910,0.884632,-0.064666,2.365856,0.980298,-0.068148,2.346942,1.083094,-0.067097,2.338645,1.178242,-0.066709,2.330778,1.273324,-0.074538,2.308159,1.407383,-0.095803,2.277332,1.500347,-0.097701,2.335252,1.349962,-0.221536,2.420287,1.330635,-0.201850,2.488461,1.060138,-0.190792,2.543449,0.827833,-0.044041,2.300844,1.347298,0.086154,2.229081,1.318386,0.117134,2.228030,1.040471,0.062261,2.136010,0.826772,-0.139177,2.410397,0.891271,-0.211191,2.255455,0.525681,-0.286171,2.105392,0.122623,-0.402348,1.960864,0.104949,0.002738,2.339308,0.879225,0.062825,2.486063,0.507844,0.164962,2.701275,0.142757,0.075572,2.611694,0.015358,-0.931394,-1.776461,-0.181297
-0.083658,2.344494,0.882089,-0.079928,2.335944,0.977792,-0.083586,2.317714,1.080705,-0.082846,2.310116,1.175916,-0.082911,2.303013,1.271061,-0.091503,2.281528,1.405262,-0.112879,2.251310,1.498403,-0.114380,2.308167,1.347468,-0.238406,2.392558,1.326698,-0.217870,2.457858,1.055566,-0.206290,2.514588,0.823703,-0.060637,2.273846,1.345423,0.070045,2.202558,1.317563,0.103200,2.203261,1.039905,0.051647,2.113111,0.824670,-0.154574,2.380028,0.888653,-0.224519,2.223687,0.523269,-0.287212,2.086097,0.114172,-0.405326,1.944427,0.091622,-0.012700,2.308848,0.876756,0.048308,2.449345,0.503438,0.160984,2.683318,0.153050,0.075611,2.612499,0.016510,-0.916115,-1.805951,-0.129876
-0.099248,2.313697,0.880700,-0.095123,2.305888,0.976446,-0.098887,2.288477,1.079494,-0.098448,2.281641,1.174762,-0.099026,2.275311,1.269957,-0.108530,2.254907,1.404262,-0.129982,2.225250,1.497565,-0.131177,2.281028,1.346100,-0.255887,2.363815,1.323320,-0.234089,2.425772,1.051503,-0.222177,2.484413,0.820122,-0.077315,2.246864,1.344729,0.054015,2.176416,1.317840,0.089376,2.179853,1.040493,0.042128,2.092811,0.823016,-0.169959,2.349612,0.887296,-0.240618,2.191771,0.522684,-0.293631,2.071668,0.107238,-0.408876,1.931223,0.072873,-0.028484,2.277678,0.875334,0.034011,2.405446,0.497966,0.155548,2.657717,0.163847,0.076386,2.618013,0.019792,-0.882665,-1.779034,-0.051846
-0.114956,2.282683,0.880337,-0.110277,2.275755,0.976127,-0.114092,2.259234,1.079319,-0.113935,2.253180,1.174640,-0.115052,2.247606,1.269877,-0.125542,2.228213,1.404256,-0.147062,2.199058,1.497702,-0.147987,2.253794,1.345732,-0.273634,2.334495,1.320725,-0.250561,2.392593,1.048143,-0.238691,2.453017,0.817208,-0.093982,2.219834,1.345051,0.038100,2.150443,1.319119,0.075571,2.157371,1.042108,0.033502,2.074731,0.821775,-0.185334,2.319214,0.887042,-0.258417,2.160105,0.523458,-0.301705,2.062429,0.100884,-0.411609,1.922582,0.050441,-0.044512,2.246058,0.874859,0.019268,2.356277,0.492000,0.148703,2.626411,0.175387,0.077235,2.624711,0.024825,-0.837894,-1.720935,0.039889
-0.130498,2.252760,0.881060,-0.125192,2.246654,0.976876,-0.128947,2.230861,1.080187,-0.128950,2.225392,1.175547,-0.130472,2.220331,1.270810,-0.141748,2.201559,1.405220,-0.163389,2.172655,1.498715,-0.164004,2.226743,1.346417,-0.290397,2.305841,1.319851,-0.267116,2.359522,1.046400,-0.256355,2.420575,0.815597,-0.109860,2.192985,1.346249,0.022859,2.124478,1.321195,0.061464,2.135020,1.044441,0.024941,2.058291,0.821079,-0.200512,2.289949,0.887943,-0.274816,2.131128,0.524499,-0.307044,2.055809,0.096117,-0.413340,1.916815,0.033574,-0.060408,2.215488,0.875405,0.002962,2.306470,0.487407,0.139845,2.592277,0.187746,0.076236,2.623216,0.032227,-0.798483,-1.671464,0.116532
-0.146178,2.224555,0.883027,-0.140048,2.219212,0.978835,-0.143514,2.203895,1.082229,-0.143444,2.198689,1.177606,-0.145124,2.193736,1.272875,-0.156838,2.174929,1.407245,-0.178686,2.145874,1.500645,-0.178883,2.199973,1.348303,-0.305613,2.278421,1.321299,-0.283642,2.326603,1.046769,-0.275412,2.387135,0.815671,-0.124640,2.166353,1.348333,0.008431,2.098193,1.324121,0.046440,2.112702,1.047488,0.015808,2.043783,0.820853,-0.215768,2.262481,0.890233,-0.289144,2.105489,0.525722,-0.307116,2.051657,0.093677,-0.413600,1.914246,0.027015,-0.076507,2.186560,0.877054,-0.015917,2.257038,0.484613,0.128565,2.555998,0.201894,0.073149,2.608053,0.032338,-0.770452,-1.652802,0.160905
-0.161693,2.197441,0.886081,-0.154665,2.192801,0.981862,-0.157730,2.177798,1.085314,-0.157466,2.172659,1.180693,-0.159171,2.167571,1.275953,-0.171122,2.148341,1.410241,-0.193230,2.118882,1.503453,-0.192969,2.173387,1.351242,-0.319844,2.251667,1.324469,-0.300250,2.293791,1.048755,-0.295619,2.352650,0.817048,-0.138631,2.139902,1.351292,-0.005323,2.071915,1.327845,0.031114,2.090516,1.051253,0.006740,2.030913,0.821172,-0.230827,2.236146,0.893676,-0.302071,2.082540,0.527212,-0.304454,2.050123,0.092822,-0.412857,1.914551,0.026021,-0.092473,2.158683,0.879722,-0.036360,2.206967,0.483193,0.115272,2.516891,0.216860,0.068222,2.590425,0.052821,-0.747781,-1.642768,0.190185
-0.175850,2.170843,0.889804,-0.168297,2.166649,0.985572,-0.171152,2.151829,1.089057,-0.170817,2.146718,1.184436,-0.172591,2.141523,1.279687,-0.184732,2.121960,1.413909,-0.207127,2.092104,1.506926,-0.206490,2.146978,1.354850,-0.333528,2.225116,1.328492,-0.317107,2.262152,1.051799,-0.316768,2.317149,0.819228,-0.151991,2.113755,1.354947,-0.018255,2.046457,1.332005,0.017007,2.067956,1.055438,-0.001179,2.018220,0.822400,-0.244685,2.210066,0.897615,-0.312512,2.062778,0.528122,-0.302262,2.049099,0.092334,-0.412328,1.915072,0.025610,-0.106928,2.131576,0.883235,-0.056454,2.157850,0.483736,0.100581,2.475786,0.229819,0.060225,2.560188,0.069266,-0.729085,-1.614624,0.227113
-0.187946,2.144397,0.894253,-0.180483,2.140286,0.990035,-0.183464,2.125532,1.093526,-0.183301,2.120491,1.188909,-0.185272,2.115354,1.284160,-0.197614,2.095795,1.418364,-0.220369,2.065661,1.511204,-0.219461,2.120684,1.359188,-0.346722,2.198602,1.333263,-0.334768,2.232107,1.055914,-0.339550,2.280471,0.822009,-0.164690,2.087933,1.359460,-0.030161,2.022256,1.336586,0.005211,2.044398,1.060058,-0.007043,2.005067,0.824730,-0.256747,2.183691,0.901970,-0.319498,2.046809,0.527822,-0.301677,2.048040,0.091731,-0.412501,1.915021,0.024216,-0.119058,2.105053,0.887778,-0.075466,2.110038,0.486671,0.084716,2.433140,0.240634,0.049113,2.514217,0.075258,-0.715928,-1.544000,0.290581
-0.198685,2.118467,0.899371,-0.191685,2.114182,0.995180,-0.194982,2.099364,1.098653,-0.195113,2.094354,1.194038,-0.197326,2.089301,1.289289,-0.209821,2.069838,1.423492,-0.232964,2.039432,1.516148,-0.231866,2.094568,1.364196,-0.359369,2.172291,1.338888,-0.352677,2.203234,1.061086,-0.363274,2.242777,0.825594,-0.176757,2.062415,1.364669,-0.041245,1.998874,1.341603,-0.005364,2.020466,1.065098,-0.011757,1.992091,0.827969,-0.267606,2.157572,0.906821,-0.323998,2.034028,0.526942,-0.301564,2.047489,0.091494,-0.412888,1.915186,0.023405,-0.129676,2.079301,0.893165,-0.094130,2.063181,0.491569,0.067453,2.388496,0.249441,0.035061,2.456680,0.078112,-0.706746,-1.455267,0.361695
-0.208982,2.093575,0.904581,-0.202548,2.088973,1.000412,-0.206201,2.073949,1.103842,-0.206634,2.068846,1.199221,-0.209067,2.063761,1.294464,-0.221654,2.044234,1.428650,-0.245041,2.013480,1.521129,-0.243887,2.068807,1.369296,-0.371731,2.146225,1.344822,-0.369334,2.175340,1.066711,-0.385660,2.204577,0.830084,-0.188438,2.037259,1.369911,-0.051974,1.975817,1.346739,-0.016474,1.997530,1.070215,-0.016953,1.979734,0.831898,-0.278037,2.132478,0.911743,-0.327832,2.023117,0.526532,-0.301724,2.046968,0.091843,-0.413230,1.915278,0.022893,-0.139844,2.054600,0.898662,-0.112735,2.017814,0.497732,0.048746,2.341309,0.253824,0.017762,2.393069,0.078067,-0.695465,-1.394805,0.406520
-0.219024,2.070264,0.909930,-0.213210,2.065149,1.005770,-0.217226,2.049709,1.109123,-0.217942,2.044311,1.204483,-0.220556,2.038991,1.299708,-0.233157,2.019118,1.433841,-0.256563,1.987879,1.526152,-0.255520,2.043532,1.374529,-0.383883,2.120428,1.351189,-0.383839,2.148538,1.072926,-0.405636,2.165829,0.835725,-0.199737,2.012575,1.375188,-0.062396,1.953069,1.352150,-0.029049,1.976422,1.075519,-0.023224,1.968436,0.836735,-0.288185,2.109022,0.916842,-0.331456,2.014317,0.527081,-0.302257,2.046414,0.092992,-0.413433,1.915172,0.022674,-0.149786,2.031428,0.904258,-0.131592,1.974027,0.505379,0.028503,2.291441,0.252541,-0.003273,2.323695,0.074466,-0.680432,-1.387531,0.411185
-0.228623,2.047990,0.915370,-0.223534,2.042221,1.011215,-0.227952,2.026223,1.114467,-0.228958,2.020406,1.209799,-0.231732,2.014733,1.305000,-0.244285,1.994354,1.439061,-0.267567,1.962555,1.531213,-0.266769,2.018612,1.379856,-0.395750,2.094876,1.357865,-0.397091,2.122715,1.079594,-0.424274,2.126576,0.842272,-0.210650,1.988254,1.380498,-0.072462,1.930644,1.357680,-0.042157,1.956309,1.080899,-0.029976,1.957757,0.842263,-0.297903,2.086592,0.922013,-0.334413,2.007388,0.528099,-0.303064,2.045889,0.094728,-0.413593,1.914992,0.022754,-0.159278,2.009307,0.909963,-0.150390,1.931731,0.514292,0.006815,2.239031,0.246833,-0.027556,2.248248,0.067965,-0.663299,-1.408528,0.389560
-0.238142,2.025648,0.920178,-0.233760,2.019354,1.016029,-0.238558,2.002859,1.119187,-0.239827,1.996645,1.214493,-0.242729,1.990608,1.309667,-0.255198,1.969683,1.443653,-0.278299,1.937346,1.535663,-0.277831,1.993839,1.384584,-0.407378,2.069528,1.363930,-0.410284,2.097334,1.085693,-0.442501,2.087455,0.849098,-0.221414,1.964020,1.385176,-0.082497,1.908086,1.362539,-0.054760,1.936066,1.085687,-0.037052,1.946816,0.847602,-0.307524,2.064124,0.926512,-0.337157,2.000297,0.529168,-0.303650,2.045097,0.096627,-0.413732,1.914827,0.022862,-0.168705,1.987089,0.915076,-0.168484,1.891190,0.523113,-0.016093,2.183951,0.238011,-0.053927,2.171291,0.060768,-0.642959,-1.429430,0.349322
-0.247668,2.002889,0.924168,-0.243919,1.996347,1.020031,-0.249048,1.979513,1.123120,-0.250533,1.972984,1.218402,-0.253523,1.966609,1.313552,-0.265881,1.945128,1.447459,-0.288755,1.912305,1.539354,-0.288719,1.969257,1.388558,-0.418732,2.044490,1.369212,-0.423725,2.072407,1.091015,-0.460443,2.048637,0.856133,-0.232056,1.939899,1.389075,-0.092556,1.885369,1.366570,-0.066411,1.915295,1.089753,-0.044441,1.935550,0.852651,-0.317139,2.041260,0.930133,-0.339754,1.992263,0.530199,-0.303745,2.043875,0.098617,-0.413851,1.914718,0.022964,-0.178149,1.964433,0.919433,-0.185551,1.852429,0.531735,-0.040101,2.126305,0.225577,-0.082221,2.094789,0.052901,-0.618085,-1.441223,0.284241
-0.257113,1.980062,0.927527,-0.253980,1.973400,1.023403,-0.259417,1.956289,1.126430,-0.261090,1.949467,1.221689,-0.264138,1.942743,1.316812,-0.276348,1.920664,1.450636,-0.298939,1.887380,1.542435,-0.299419,1.944821,1.391934,-0.429846,2.019657,1.373884,-0.437108,2.047924,1.095769,-0.477975,2.009952,0.863446,-0.242550,1.915866,1.392342,-0.102584,1.862518,1.369931,-0.077557,1.894393,1.093228,-0.052156,1.924022,0.857512,-0.326655,2.018359,0.933082,-0.342138,1.984066,0.531280,-0.303619,2.042386,0.100770,-0.413950,1.914624,0.023095,-0.187527,1.941680,0.923197,-0.201915,1.815422,0.540265,-0.065330,2.065990,0.210028,-0.112603,2.016777,0.044339,-0.590002,-1.452921,0.200547
-0.266574,1.957105,0.930088,-0.264081,1.950287,1.025971,-0.269838,1.932876,1.128930,-0.271687,1.925738,1.224161,-0.274769,1.918647,1.319257,-0.286803,1.895960,1.452995,-0.309106,1.862255,1.544711,-0.310090,1.920192,1.394480,-0.440873,1.994673,1.377547,-0.450708,2.023322,1.099556,-0.495648,1.971526,0.870624,-0.253051,1.891573,1.394752,-0.112741,1.839153,1.372301,-0.088488,1.873423,1.095829,-0.060073,1.911538,0.861620,-0.336133,1.995423,0.935241,-0.344561,1.976017,0.532254,-0.303588,2.040821,0.102890,-0.414052,1.914499,0.023076,-0.196977,1.918701,0.926158,-0.217909,1.780360,0.547668,-0.091919,2.002570,0.194165,-0.144413,1.935917,0.037211,-0.561579,-1.463204,0.124609
-0.276007,1.933986,0.931798,-0.274247,1.926923,1.027677,-0.280378,1.909170,1.130556,-0.282413,1.901687,1.225757,-0.285514,1.894221,1.320824,-0.297338,1.870945,1.454480,-0.319352,1.836881,1.546134,-0.320810,1.895291,1.396126,-0.451885,1.969453,1.380050,-0.464740,1.998466,1.102230,-0.513715,1.933180,0.877682,-0.263638,1.866934,1.396239,-0.123122,1.815147,1.373594,-0.099245,1.852524,1.097502,-0.068178,1.898010,0.864905,-0.345516,1.972451,0.936526,-0.346994,1.968451,0.533053,-0.303761,2.039299,0.104845,-0.414107,1.914229,0.022788,-0.206470,1.895432,0.928291,-0.233879,1.747313,0.553837,-0.119982,1.935190,0.177893,-0.177889,1.850610,0.031240,-0.527804,-1.469324,0.067319
-0.285457,1.910737,0.932711,-0.284453,1.903392,1.028579,-0.290969,1.885273,1.131371,-0.293178,1.877424,1.226539,-0.296274,1.869565,1.321575,-0.307861,1.845688,1.455146,-0.329580,1.811308,1.546751,-0.331499,1.870196,1.396942,-0.462809,1.944082,1.381545,-0.478990,1.973493,1.103938,-0.531924,1.895093,0.884604,-0.274232,1.842034,1.396870,-0.133631,1.790627,1.373897,-0.109788,1.831557,1.098302,-0.076487,1.883526,0.867438,-0.354860,1.949445,0.937020,-0.349466,1.961033,0.533745,-0.304030,2.037702,0.106766,-0.414166,1.913928,0.022351,-0.216036,1.871937,0.929622,-0.249478,1.716210,0.558878,-0.149404,1.864706,0.161307,-0.212792,1.762454,0.026702,-0.493687,-1.474029,0.017786
-0.295149,1.887396,0.932827,-0.294754,1.879718,1.028676,-0.301574,1.861186,1.131374,-0.303898,1.852917,1.226504,-0.306956,1.844613,1.321502,-0.318298,1.820067,1.454972,-0.339759,1.785362,1.546516,-0.342074,1.844807,1.396913,-0.473577,1.918463,1.382081,-0.493095,1.948242,1.104724,-0.550077,1.857939,0.890925,-0.284744,1.816776,1.396623,-0.144148,1.765592,1.373146,-0.120292,1.810162,1.098115,-0.084926,1.867653,0.868861,-0.364392,1.926420,0.936855,-0.352318,1.953061,0.534375,-0.304375,2.035864,0.108846,-0.414398,1.913905,0.021952,-0.225895,1.848274,0.930020,-0.264002,1.687035,0.562074,-0.179984,1.793244,0.147493,-0.247741,1.674910,0.026558,-0.477133,-1.484239,-0.030297
-0.305222,1.864144,0.932150,-0.305245,1.856031,1.027965,-0.312267,1.836977,1.130553,-0.314636,1.828182,1.225633,-0.317623,1.819323,1.320582,-0.328731,1.793963,1.453918,-0.349988,1.758881,1.545364,-0.352585,1.819051,1.395989,-0.484241,1.892519,1.381574,-0.507095,1.922641,1.104515,-0.568384,1.821866,0.896645,-0.295230,1.791078,1.395439,-0.154729,1.739971,1.371237,-0.130876,1.788315,1.096855,-0.093423,1.850247,0.869056,-0.374239,1.903577,0.936094,-0.355568,1.944615,0.535086,-0.304723,2.033729,0.111141,-0.414999,1.914406,0.021706,-0.236202,1.824608,0.929429,-0.276583,1.660273,0.562987,-0.212394,1.720108,0.137123,-0.281982,1.586966,0.031726,-0.489491,-1.502723,-0.077503
-0.315536,1.840800,0.930677,-0.315833,1.832201,1.026448,-0.322975,1.812576,1.128919,-0.325329,1.803203,1.223944,-0.328211,1.793737,1.318838,-0.339079,1.767495,1.452023,-0.360168,1.732028,1.543360,-0.362982,1.793001,1.394219,-0.494748,1.866328,1.380110,-0.520949,1.896763,1.103384,-0.586635,1.786725,0.901764,-0.305634,1.765022,1.393377,-0.165318,1.713836,1.368274,-0.141421,1.766041,1.094607,-0.102050,1.831453,0.868142,-0.384274,1.880716,0.934674,-0.359197,1.935617,0.535736,-0.305148,2.031354,0.113595,-0.415774,1.915185,0.021498,-0.246804,1.800774,0.927905,-0.288089,1.635438,0.562055,-0.245961,1.645995,0.129525,-0.316269,1.499633,0.041286,-0.519411,-1.526713,-0.123260
-0.325898,1.816852,0.928396,-0.326291,1.807867,1.024131,-0.333439,1.787770,1.126512,-0.335699,1.777902,1.221490,-0.338426,1.767908,1.316336,-0.349022,1.740894,1.449390,-0.369964,1.705118,1.540641,-0.373027,1.766773,1.391727,-0.504871,1.840025,1.377991,-0.534175,1.870673,1.101592,-0.603991,1.752749,0.905809,-0.315702,1.738757,1.390595,-0.175630,1.687397,1.364509,-0.151743,1.743062,1.091508,-0.110947,1.811269,0.866126,-0.394348,1.857246,0.932531,-0.363496,1.925125,0.535945,-0.305860,2.028745,0.116223,-0.416311,1.915803,0.021165,-0.257455,1.776343,0.925487,-0.300415,1.611057,0.559876,-0.278467,1.575126,0.125774,-0.351489,1.419399,0.055441,-0.550748,-1.554828,-0.172143
-0.336101,1.792245,0.925065,-0.336360,1.783020,1.020779,-0.343387,1.762572,1.123100,-0.345486,1.752310,1.218041,-0.348041,1.741873,1.312845,-0.358399,1.714192,1.445783,-0.379260,1.678196,1.536968,-0.382584,1.740389,1.388301,-0.514499,1.813613,1.375102,-0.546634,1.844292,1.099020,-0.620321,1.719898,0.908659,-0.325298,1.712308,1.386908,-0.185525,1.660685,1.359776,-0.161714,1.719290,1.087379,-0.120102,1.789647,0.862786,-0.404266,1.833089,0.929446,-0.368201,1.913377,0.535646,-0.306732,2.026144,0.118771,-0.416398,1.916066,0.020609,-0.267937,1.751282,0.921910,-0.314572,1.587124,0.556274,-0.309814,1.507092,0.127996,-0.389842,1.347633,0.077499,-0.582209,-1.587579,-0.235350
-0.346350,1.767033,0.920926,-0.346299,1.757668,1.016626,-0.353092,1.736969,1.118913,-0.354951,1.726397,1.213826,-0.357284,1.715595,1.308596,-0.367371,1.687357,1.441438,-0.388173,1.651218,1.532580,-0.391789,1.713827,1.384154,-0.523744,1.787090,1.371559,-0.558464,1.817700,1.095788,-0.635757,1.688212,0.910435,-0.334559,1.685649,1.382500,-0.195144,1.633669,1.354241,-0.171462,1.694813,1.082399,-0.129526,1.766634,0.858343,-0.414223,1.808325,0.925640,-0.373574,1.900136,0.534907,-0.307890,2.023310,0.121493,-0.416248,1.916169,0.019929,-0.278468,1.725623,0.917438,-0.329550,1.563645,0.551424,-0.340100,1.442302,0.134066,-0.429127,1.282965,0.104150,-0.615087,-1.624456,-0.301685
-0.357068,1.740869,0.916693,-0.356669,1.731481,1.012390,-0.363112,1.710699,1.114681,-0.364598,1.699994,1.209584,-0.366546,1.689025,1.304341,-0.376102,1.660527,1.437164,-0.396717,1.624363,1.528336,-0.400811,1.687129,1.380050,-0.532708,1.760588,1.368007,-0.569597,1.791194,1.092513,-0.649862,1.658035,0.911025,-0.343641,1.658851,1.378089,-0.204625,1.606467,1.348651,-0.181176,1.669616,1.077245,-0.139396,1.742376,0.853474,-0.424653,1.782597,0.921708,-0.380692,1.883748,0.533550,-0.309922,2.019519,0.125171,-0.416083,1.916262,0.019258,-0.289464,1.699024,0.912903,-0.344212,1.539167,0.546454,-0.367396,1.386201,0.138676,-0.463633,1.227775,0.125666,-0.637121,-1.662547,-0.342139
-0.368428,1.713839,0.912430,-0.367747,1.704507,1.008134,-0.373737,1.683809,1.110472,-0.374684,1.673163,1.205390,-0.376013,1.662255,1.300165,-0.384637,1.633856,1.433072,-0.404866,1.597782,1.524367,-0.409701,1.660388,1.376093,-0.541384,1.734299,1.364513,-0.580097,1.764884,1.089260,-0.662587,1.629429,0.910356,-0.352595,1.632019,1.373731,-0.214065,1.579129,1.342966,-0.190910,1.643736,1.071870,-0.149805,1.716903,0.848099,-0.435731,1.755996,0.917658,-0.389374,1.863831,0.531441,-0.312603,2.015441,0.129981,-0.415953,1.916393,0.018640,-0.301103,1.671568,0.908429,-0.357755,1.513562,0.541452,-0.391084,1.341085,0.140676,-0.490839,1.183511,0.140241,-0.640343,-1.699270,-0.336973
-0.380255,1.685857,0.908073,-0.379256,1.676698,1.003794,-0.384678,1.656253,1.106218,-0.384952,1.645842,1.201169,-0.385499,1.635192,1.295984,-0.392930,1.607190,1.429051,-0.412646,1.571325,1.520542,-0.418407,1.633510,1.372180,-0.549780,1.708030,1.361011,-0.589900,1.738662,1.085965,-0.673981,1.602333,0.908502,-0.361369,1.605047,1.369369,-0.223367,1.551606,1.337226,-0.200611,1.617136,1.066320,-0.160660,1.690183,0.842299,-0.447281,1.728433,0.913483,-0.399800,1.840768,0.528715,-0.316158,2.010406,0.135747,-0.415809,1.916513,0.018032,-0.313207,1.643172,0.903892,-0.370982,1.486958,0.536329,-0.411783,1.304658,0.141217,-0.513266,1.148724,0.149680,-0.632721,-1.737208,-0.305926
-0.392448,1.656312,0.904142,-0.390921,1.647574,0.999888,-0.395629,1.627631,1.102441,-0.395133,1.617682,1.197436,-0.394834,1.607509,1.292301,-0.401015,1.580205,1.425575,-0.420151,1.544720,1.517334,-0.426937,1.606258,1.368765,-0.558021,1.681338,1.357942,-0.598752,1.712500,1.083051,-0.683757,1.576906,0.905567,-0.369971,1.577696,1.365548,-0.232376,1.523864,1.332296,-0.210308,1.589693,1.061411,-0.171854,1.662269,0.836983,-0.459207,1.699280,0.909761,-0.413581,1.814048,0.525599,-0.321837,2.001686,0.142722,-0.415731,1.916629,0.017436,-0.325662,1.613242,0.899754,-0.385169,1.458287,0.531950,-0.429412,1.275478,0.138451,-0.532753,1.121451,0.149672,-0.625906,-1.781187,-0.279215
-0.405361,1.624426,0.900667,-0.402878,1.616388,0.996449,-0.406599,1.597254,1.099188,-0.405172,1.588055,1.194243,-0.403948,1.578647,1.289173,-0.408847,1.552443,1.422712,-0.427315,1.517576,1.514840,-0.435272,1.578208,1.365888,-0.566156,1.653694,1.355437,-0.606399,1.686405,1.080663,-0.691629,1.553138,0.901456,-0.378371,1.549554,1.362345,-0.240905,1.495744,1.328495,-0.220044,1.561193,1.057422,-0.183428,1.632993,0.832442,-0.471883,1.667713,0.906664,-0.431747,1.782774,0.521911,-0.330256,1.988049,0.150951,-0.416055,1.916579,0.015596,-0.338803,1.581039,0.895906,-0.401443,1.426188,0.528585,-0.443649,1.255063,0.130108,-0.550173,1.102962,0.135745,-0.627624,-1.852073,-0.279817
-0.418640,1.590977,0.897619,-0.414992,1.583887,0.993443,-0.417581,1.565811,1.096412,-0.415124,1.557589,1.191537,-0.412910,1.549165,1.286544,-0.416471,1.524361,1.420394,-0.434203,1.490285,1.512962,-0.443432,1.549785,1.363509,-0.574137,1.625626,1.353366,-0.613096,1.660370,1.078656,-0.697883,1.531040,0.896263,-0.386599,1.521032,1.359682,-0.249141,1.467407,1.325503,-0.229777,1.531849,1.054074,-0.195341,1.602523,0.828386,-0.484935,1.634557,0.904020,-0.453267,1.747842,0.517834,-0.340800,1.970727,0.160390,-0.416445,1.916525,0.013767,-0.352296,1.547301,0.892457,-0.418677,1.392022,0.525964,-0.454817,1.241895,0.118458,-0.564654,1.091987,0.112370,-0.630149,-1.929000,-0.284753
-0.431112,1.557699,0.895423,-0.426583,1.551826,0.991293,-0.428240,1.534972,1.094492,-0.424883,1.527815,1.189681,-0.421760,1.520411,1.284752,-0.424048,1.497011,1.418889,-0.441101,1.463745,1.511882,-0.451485,1.522019,1.361964,-0.581939,1.598279,1.351783,-0.619350,1.634351,1.077023,-0.703093,1.510803,0.890384,-0.394742,1.493127,1.357880,-0.257494,1.439297,1.323221,-0.239411,1.502173,1.051340,-0.207371,1.571406,0.824860,-0.497146,1.601659,0.901889,-0.476661,1.711432,0.514142,-0.352874,1.950680,0.171162,-0.415974,1.916953,0.015722,-0.365019,1.513654,0.890198,-0.434772,1.358806,0.524138,-0.463803,1.229978,0.108464,-0.575425,1.082745,0.088650,-0.621950,-1.954205,-0.255308
-0.442224,1.524677,0.894154,-0.437304,1.520473,0.990079,-0.438353,1.505118,1.093511,-0.434290,1.499183,1.188751,-0.430355,1.492873,1.283866,-0.431411,1.470897,1.418253,-0.447869,1.438503,1.511658,-0.459250,1.495310,1.361345,-0.589346,1.572061,1.350424,-0.625364,1.608563,1.075505,-0.707813,1.492683,0.883454,-0.402624,1.466231,1.357025,-0.265990,1.411467,1.321460,-0.248626,1.472220,1.049048,-0.219428,1.539867,0.821712,-0.507914,1.569206,0.900109,-0.502460,1.674368,0.510804,-0.366619,1.928526,0.183749,-0.412421,1.921337,0.023933,-0.376473,1.480087,0.889439,-0.449015,1.326811,0.523245,-0.470673,1.216488,0.101849,-0.581325,1.073040,0.065299,-0.591280,-1.885691,-0.160800
-0.452529,1.491826,0.893737,-0.447501,1.489560,0.989720,-0.448145,1.475866,1.093386,-0.443504,1.471244,1.188670,-0.438836,1.466062,1.283817,-0.438727,1.445515,1.418430,-0.454646,1.414013,1.512230,-0.466908,1.469258,1.361559,-0.596575,1.546564,1.349553,-0.630936,1.582789,1.074361,-0.711490,1.476424,0.875837,-0.410421,1.439951,1.357030,-0.274604,1.383865,1.320410,-0.257741,1.441934,1.047370,-0.231602,1.507681,0.819094,-0.517842,1.537011,0.898843,-0.530133,1.635825,0.507851,-0.381894,1.903647,0.197669,-0.408007,1.926204,0.035929,-0.387157,1.446611,0.889870,-0.462120,1.295765,0.523148,-0.475362,1.204249,0.096890,-0.583514,1.065069,0.041602,-0.549887,-1.765453,-0.031911
-0.462513,1.460624,0.894373,-0.457536,1.460044,0.990399,-0.457948,1.447738,1.094251,-0.452898,1.444174,1.189568,-0.447667,1.439867,1.284736,-0.446650,1.420396,1.419515,-0.462136,1.389533,1.513605,-0.475078,1.443697,1.362666,-0.604262,1.521706,1.350016,-0.635962,1.556332,1.074356,-0.713043,1.461446,0.869014,-0.418756,1.414105,1.357954,-0.283663,1.356778,1.320537,-0.267624,1.411659,1.046802,-0.243940,1.474724,0.817508,-0.527510,1.506358,0.898637,-0.556600,1.595507,0.506149,-0.397680,1.875153,0.211598,-0.408464,1.921617,0.048068,-0.397459,1.414883,0.891349,-0.474130,1.267862,0.523478,-0.478564,1.195740,0.093377,-0.584704,1.059642,0.024520,-0.521480,-1.661717,0.078034
-0.472160,1.431779,0.896277,-0.467475,1.432481,0.992321,-0.467914,1.421111,1.096286,-0.462698,1.418190,1.191621,-0.457152,1.414336,1.286797,-0.455599,1.395352,1.421648,-0.470790,1.364717,1.515865,-0.484151,1.418605,1.364792,-0.612779,1.497579,1.352469,-0.639789,1.528378,1.075977,-0.711355,1.447508,0.863179,-0.428020,1.388664,1.359919,-0.293406,1.330434,1.322131,-0.278991,1.381406,1.047583,-0.256576,1.440807,0.817179,-0.536958,1.477864,0.899723,-0.580595,1.552435,0.505767,-0.413273,1.842662,0.226399,-0.415561,1.904372,0.060580,-0.407308,1.385705,0.894073,-0.485430,1.243763,0.524440,-0.480040,1.193016,0.091675,-0.585472,1.057869,0.018485,-0.519189,-1.601011,0.146906
-0.481485,1.404583,0.899234,-0.477251,1.406315,0.995281,-0.477892,1.395608,1.099311,-0.472677,1.393075,1.194654,-0.466986,1.389421,1.289827,-0.465156,1.370572,1.424690,-0.480157,1.339912,1.518926,-0.493735,1.394004,1.367810,-0.621754,1.474092,1.356256,-0.643071,1.499740,1.078738,-0.707543,1.434852,0.858139,-0.437822,1.363657,1.362804,-0.303595,1.304604,1.324902,-0.291125,1.351163,1.049473,-0.269375,1.406118,0.817881,-0.546147,1.450912,0.901870,-0.603385,1.507588,0.506636,-0.429377,1.806556,0.241209,-0.427529,1.877673,0.073236,-0.416774,1.358275,0.897846,-0.495636,1.222807,0.525830,-0.480029,1.194022,0.091420,-0.585241,1.058639,0.019065,-0.529883,-1.556807,0.196834
-0.491025,1.378382,0.902804,-0.487022,1.380831,0.998846,-0.487769,1.370608,1.102922,-0.482521,1.368360,1.198268,-0.476711,1.364864,1.293436,-0.474719,1.346158,1.428312,-0.489587,1.315414,1.522541,-0.503282,1.369785,1.371396,-0.630706,1.450890,1.360254,-0.647667,1.472162,1.081941,-0.703872,1.423619,0.854792,-0.447616,1.338991,1.366302,-0.313849,1.278889,1.328447,-0.302734,1.321242,1.052255,-0.281984,1.371093,0.819450,-0.555542,1.424945,0.904926,-0.625683,1.463603,0.509424,-0.447094,1.767099,0.252106,-0.444800,1.841193,0.081711,-0.426460,1.331849,0.901934,-0.503638,1.205207,0.526668,-0.479950,1.195068,0.091310,-0.585000,1.059425,0.019930,-0.537886,-1.517740,0.240877
-0.501089,1.353085,0.907141,-0.496841,1.355872,1.003167,-0.497436,1.345954,1.107274,-0.492015,1.343905,1.202615,-0.486053,1.340563,1.297780,-0.483979,1.322090,1.432688,-0.498744,1.291215,1.526890,-0.512504,1.345884,1.375716,-0.639370,1.427815,1.364260,-0.654651,1.446205,1.085590,-0.700838,1.414352,0.853623,-0.457133,1.314580,1.370579,-0.324002,1.253011,1.332873,-0.313212,1.291693,1.056117,-0.294070,1.335706,0.822028,-0.565373,1.399971,0.909247,-0.647783,1.421334,0.514822,-0.466795,1.724129,0.257673,-0.468467,1.792865,0.083803,-0.436752,1.306233,0.906288,-0.508604,1.191793,0.526336,-0.480316,1.195031,0.090826,-0.585079,1.059407,0.018981,-0.530386,-1.480795,0.291549
-0.511366,1.328784,0.912091,-0.506655,1.331596,1.008093,-0.507003,1.321804,1.112212,-0.501374,1.319851,1.207543,-0.495286,1.316620,1.302704,-0.493244,1.298389,1.437646,-0.507964,1.267323,1.531792,-0.521689,1.322365,1.380603,-0.648013,1.405025,1.368478,-0.662949,1.421309,1.089682,-0.697946,1.406508,0.854148,-0.466642,1.290509,1.375469,-0.334220,1.227247,1.338073,-0.323165,1.262467,1.060870,-0.305965,1.299983,0.825473,-0.575410,1.375981,0.914478,-0.669392,1.379928,0.522138,-0.488109,1.677808,0.259328,-0.497436,1.734755,0.081713,-0.447264,1.281622,0.910957,-0.511366,1.181736,0.525453,-0.480614,1.195033,0.090488,-0.585148,1.059404,0.018318,-0.520193,-1.448986,0.336337
-0.521463,1.305098,0.916752,-0.516469,1.307754,1.012742,-0.516676,1.298011,1.116867,-0.510931,1.296149,1.212192,-0.504784,1.293080,1.307354,-0.502832,1.275218,1.442345,-0.517607,1.244058,1.536451,-0.531148,1.299308,1.385237,-0.656952,1.382644,1.372396,-0.671202,1.397537,1.093510,-0.695963,1.398599,0.855812,-0.476396,1.266939,1.380168,-0.344616,1.202030,1.343326,-0.333118,1.233728,1.065726,-0.318304,1.264442,0.829188,-0.585427,1.352385,0.919400,-0.690343,1.339457,0.529969,-0.511028,1.628889,0.257406,-0.528864,1.672739,0.077715,-0.457437,1.257842,0.915358,-0.513317,1.172764,0.524900,-0.480723,1.194750,0.090556,-0.585212,1.059351,0.017899,-0.530066,-1.419993,0.350763
-0.531156,1.282087,0.920981,-0.526301,1.284361,1.016987,-0.526603,1.274582,1.121107,-0.520913,1.272829,1.216438,-0.514805,1.270017,1.311610,-0.512994,1.252735,1.446677,-0.527965,1.221645,1.540775,-0.541111,1.276840,1.389520,-0.666423,1.360811,1.375975,-0.678946,1.374845,1.096952,-0.694952,1.390195,0.858880,-0.486606,1.244023,1.384598,-0.355351,1.177562,1.348668,-0.343364,1.205561,1.070695,-0.331539,1.229299,0.833204,-0.595294,1.329124,0.923736,-0.710971,1.300094,0.538253,-0.535575,1.577499,0.251361,-0.561990,1.608736,0.071892,-0.466957,1.235075,0.919477,-0.514568,1.164459,0.525108,-0.480462,1.193935,0.091241,-0.585270,1.059202,0.017820,-0.579878,-1.392080,0.317319
-0.540667,1.259691,0.924922,-0.536134,1.261402,1.020955,-0.536637,1.251510,1.125064,-0.531092,1.249861,1.220405,-0.525091,1.247358,1.315593,-0.523478,1.230781,1.450751,-0.538747,1.199857,1.544857,-0.551347,1.254833,1.393549,-0.676190,1.339386,1.379252,-0.686645,1.353277,1.100129,-0.694851,1.381727,0.863087,-0.497061,1.221608,1.388837,-0.366265,1.153641,1.354064,-0.353611,1.177881,1.075767,-0.345218,1.194338,0.837490,-0.605141,1.306258,0.927763,-0.730941,1.261667,0.547053,-0.561728,1.523512,0.241738,-0.597574,1.540825,0.064161,-0.476138,1.213140,0.923328,-0.515009,1.157239,0.525645,-0.480011,1.192834,0.092333,-0.585324,1.059003,0.017985,-0.649754,-1.366982,0.253511
-0.550274,1.237348,0.928104,-0.545917,1.238585,1.024154,-0.546547,1.228626,1.128256,-0.541120,1.227112,1.223606,-0.535232,1.224928,1.318809,-0.533853,1.209048,1.454055,-0.549436,1.178344,1.548180,-0.561472,1.232982,1.396794,-0.685876,1.318075,1.381828,-0.694330,1.333023,1.102707,-0.696242,1.372998,0.867093,-0.507385,1.199393,1.392309,-0.376979,1.130091,1.358689,-0.363502,1.150607,1.080131,-0.358621,1.159430,0.841361,-0.615126,1.283376,0.931086,-0.749079,1.223733,0.555147,-0.589406,1.467302,0.230504,-0.635052,1.469117,0.056548,-0.485371,1.191331,0.926364,-0.515697,1.150093,0.526102,-0.479790,1.191855,0.093458,-0.585382,1.058824,0.018072,-0.702832,-1.347588,0.187385
-0.560054,1.214914,0.930447,-0.555581,1.215876,1.026495,-0.556179,1.205959,1.130602,-0.550797,1.204638,1.225957,-0.545010,1.202789,1.321173,-0.543908,1.187575,1.456497,-0.559819,1.157155,1.550659,-0.571274,1.211295,1.399152,-0.695227,1.296950,1.383674,-0.702001,1.314462,1.104656,-0.699511,1.364271,0.870760,-0.517375,1.177375,1.394911,-0.387285,1.106949,1.362414,-0.372846,1.123849,1.083658,-0.371521,1.124543,0.844719,-0.625309,1.260351,0.933666,-0.764712,1.185827,0.562357,-0.618473,1.408599,0.217577,-0.674541,1.392274,0.049152,-0.494747,1.169487,0.928467,-0.516860,1.142739,0.526427,-0.479982,1.191117,0.094542,-0.585484,1.058679,0.017933,-0.723348,-1.336156,0.126710
-0.569931,1.192533,0.932031,-0.565197,1.193309,1.028068,-0.565687,1.183481,1.132183,-0.560322,1.182383,1.227542,-0.554643,1.180879,1.322771,-0.553853,1.166322,1.458169,-0.570109,1.136239,1.552381,-0.580966,1.189763,1.400726,-0.704496,1.275939,1.384817,-0.709659,1.297216,1.106006,-0.704272,1.355284,0.874226,-0.527233,1.155558,1.396746,-0.397391,1.084179,1.365368,-0.381834,1.097497,1.086476,-0.384144,1.089708,0.847661,-0.635630,1.237309,0.935543,-0.778514,1.148414,0.568863,-0.649065,1.347674,0.203038,-0.715923,1.311633,0.041873,-0.504175,1.147770,0.929756,-0.518271,1.135459,0.526671,-0.480404,1.190502,0.095661,-0.585590,1.058553,0.017716,-0.727065,-1.330428,0.063716
-0.579952,1.170079,0.932623,-0.574926,1.170693,1.028646,-0.575292,1.160938,1.132769,-0.569941,1.160039,1.228131,-0.564374,1.158841,1.323370,-0.563893,1.144862,1.458832,-0.580441,1.115090,1.553093,-0.590800,1.168067,1.401287,-0.714066,1.254532,1.384934,-0.717327,1.280338,1.106501,-0.709958,1.345054,0.876560,-0.537190,1.133648,1.397555,-0.407552,1.061493,1.367114,-0.390686,1.071137,1.088153,-0.396454,1.054894,0.849794,-0.646071,1.214217,0.936436,-0.791337,1.112455,0.573982,-0.681517,1.285718,0.189099,-0.758286,1.231314,0.036437,-0.513772,1.125955,0.930045,-0.520304,1.128080,0.526575,-0.480924,1.190060,0.096661,-0.585587,1.058475,0.017537,-0.724408,-1.326519,0.003131
-0.590158,1.147416,0.932092,-0.584768,1.147880,1.028096,-0.584972,1.138181,1.132224,-0.579618,1.137451,1.227588,-0.574163,1.136522,1.322837,-0.573987,1.123044,1.458350,-0.590749,1.093549,1.552660,-0.600773,1.146090,1.400695,-0.724014,1.232489,1.383835,-0.724795,1.263862,1.106021,-0.716541,1.333219,0.877358,-0.547228,1.111551,1.397197,-0.417752,1.038817,1.367441,-0.399279,1.044523,1.088487,-0.408318,1.019867,0.850973,-0.656644,1.190968,0.936249,-0.803558,1.078147,0.577662,-0.716516,1.222874,0.175932,-0.802010,1.152260,0.032928,-0.523603,1.103876,0.929169,-0.523189,1.120768,0.526031,-0.481504,1.189876,0.097414,-0.585392,1.058467,0.017458,-0.716503,-1.321045,-0.054502
-0.600509,1.124680,0.930569,-0.594723,1.125017,1.026551,-0.594750,1.115359,1.130683,-0.589390,1.114775,1.226047,-0.584050,1.114075,1.321305,-0.584176,1.101020,1.456859,-0.601098,1.071774,1.551218,-0.610889,1.123948,1.399091,-0.734264,1.210050,1.381708,-0.732274,1.247754,1.104686,-0.724049,1.320142,0.877023,-0.557364,1.089361,1.395812,-0.428006,1.016224,1.366561,-0.407736,1.017901,1.087680,-0.419868,0.984862,0.851343,-0.667337,1.167668,0.935080,-0.814800,1.045292,0.579956,-0.753374,1.159000,0.163366,-0.846713,1.073528,0.031262,-0.533604,1.081700,0.927293,-0.526696,1.113357,0.525147,-0.482181,1.189866,0.098049,-0.585088,1.058506,0.017417,-0.702225,-1.317389,-0.109726
-0.610934,1.102154,0.928216,-0.604956,1.102350,1.024186,-0.604917,1.092675,1.128317,-0.599609,1.092165,1.223684,-0.594396,1.091606,1.318950,-0.594784,1.078821,1.454530,-0.611811,1.049743,1.548922,-0.621414,1.101668,1.396664,-0.744965,1.187415,1.378794,-0.740425,1.230967,1.102604,-0.731985,1.305924,0.875837,-0.567881,1.067080,1.393556,-0.438610,0.993649,1.364672,-0.416649,0.991595,1.085906,-0.431463,0.950552,0.850942,-0.678090,1.144604,0.932940,-0.824784,1.014259,0.580339,-0.790361,1.094863,0.153095,-0.890333,0.996410,0.032922,-0.543698,1.059706,0.924725,-0.530515,1.105177,0.523989,-0.482938,1.189829,0.098798,-0.584817,1.058548,0.017346,-0.688626,-1.321819,-0.159445
-0.621385,1.080155,0.924941,-0.615549,1.080170,1.020920,-0.615626,1.070363,1.125039,-0.610459,1.069792,1.220413,-0.605390,1.069208,1.315687,-0.605974,1.056421,1.451266,-0.623058,1.027359,1.545653,-0.632469,1.079265,1.393330,-0.756227,1.164612,1.374993,-0.749401,1.213379,1.099727,-0.740222,1.290677,0.873756,-0.578908,1.044713,1.390303,-0.449721,0.971066,1.361583,-0.426306,0.965557,1.082981,-0.443296,0.916873,0.849628,-0.688834,1.122144,0.929663,-0.833134,0.985239,0.578498,-0.827825,1.029778,0.145494,-0.933220,0.920802,0.038191,-0.553861,1.038167,0.921455,-0.534323,1.096177,0.522576,-0.483764,1.189831,0.099614,-0.584620,1.058585,0.017209,-0.674917,-1.338274,-0.203957
-0.631910,1.058366,0.920835,-0.626420,1.058186,1.016835,-0.626724,1.048189,1.120935,-0.621757,1.047484,1.216320,-0.616842,1.046787,1.311600,-0.617583,1.033848,1.447164,-0.634670,1.004718,1.541530,-0.643933,1.056725,1.389174,-0.767939,1.141614,1.370403,-0.759050,1.195113,1.096101,-0.748888,1.274289,0.870824,-0.590316,1.022255,1.386178,-0.461182,0.948501,1.357484,-0.436419,0.939835,1.079089,-0.455174,0.883889,0.847543,-0.699638,1.099921,0.925415,-0.840225,0.958042,0.574747,-0.865417,0.964430,0.140189,-0.975023,0.846809,0.046786,-0.564116,1.016810,0.917493,-0.538442,1.086409,0.520889,-0.484668,1.189806,0.100544,-0.584455,1.058625,0.017041,-0.661887,-1.362815,-0.242964
-0.642585,1.036111,0.916329,-0.637495,1.035771,1.012350,-0.638049,1.025647,1.116437,-0.633303,1.024887,1.211832,-0.628557,1.024167,1.307121,-0.629450,1.011211,1.442682,-0.646462,0.982090,1.537063,-0.655705,1.034026,1.384638,-0.779924,1.118538,1.365562,-0.769578,1.175489,1.091979,-0.757868,1.256523,0.867459,-0.602000,0.999687,1.381711,-0.472816,0.925973,1.353149,-0.446720,0.914895,1.074953,-0.466883,0.852468,0.845151,-0.710653,1.077122,0.920710,-0.846910,0.932467,0.569500,-0.900363,0.901648,0.137745,-1.012625,0.776031,0.059341,-0.574460,0.995098,0.913186,-0.543533,1.075360,0.518938,-0.485666,1.189354,0.101959,-0.584341,1.058653,0.016889,-0.658950,-1.389897,-0.272470
-0.653183,1.013275,0.911345,-0.648605,1.012825,1.007390,-0.649456,1.002664,1.111471,-0.644974,1.001960,1.206879,-0.640415,1.001345,1.302179,-0.641458,0.988569,1.437757,-0.658323,0.959561,1.532201,-0.667697,1.011201,1.379676,-0.791973,1.095638,1.360603,-0.781208,1.154332,1.087370,-0.766987,1.237460,0.863787,-0.613880,0.977026,1.376872,-0.484539,0.903458,1.348631,-0.457272,0.890860,1.070595,-0.478561,0.822698,0.842510,-0.721727,1.053505,0.915422,-0.852845,0.909505,0.562040,-0.932763,0.840555,0.139976,-1.045731,0.706904,0.079188,-0.584589,0.973042,0.908505,-0.549673,1.063129,0.516679,-0.486680,1.188589,0.103752,-0.584300,1.058659,0.016765,-0.669723,-1.419458,-0.293721
-0.663932,0.989972,0.905959,-0.659920,0.989449,1.002030,-0.661091,0.979313,1.106110,-0.656894,0.978742,1.201533,-0.652535,0.978325,1.296844,-0.653722,0.965864,1.432452,-0.670364,0.937045,1.526994,-0.679998,0.988218,1.374333,-0.804296,1.072661,1.355391,-0.793718,1.131817,1.082264,-0.776419,1.217020,0.859682,-0.626038,0.954256,1.371690,-0.496436,0.880979,1.343876,-0.468012,0.867608,1.065993,-0.490070,0.794491,0.839562,-0.733012,1.029312,0.909676,-0.858373,0.888165,0.553083,-0.962517,0.782028,0.145068,-1.074636,0.640994,0.102994,-0.594806,0.950631,0.903478,-0.556784,1.049616,0.514155,-0.487786,1.187397,0.106031,-0.584310,1.058653,0.016655,-0.690589,-1.451561,-0.305472
-0.675588,0.965876,0.900830,-0.671873,0.965313,0.996913,-0.673222,0.955311,1.101005,-0.669240,0.955001,1.196437,-0.665071,0.954936,1.291756,-0.666430,0.943030,1.427409,-0.682735,0.914549,1.522110,-0.692776,0.964967,1.369187,-0.817335,1.048965,1.350056,-0.806641,1.107791,1.076884,-0.786572,1.194723,0.855179,-0.638614,0.931315,1.366781,-0.508580,0.858619,1.339495,-0.478478,0.845233,1.061808,-0.500775,0.768459,0.836596,-0.745114,1.004456,0.904365,-0.865376,0.865283,0.545193,-0.986549,0.731524,0.148148,-1.097112,0.584589,0.121396,-0.606018,0.927295,0.898529,-0.565289,1.034010,0.511513,-0.489227,1.185034,0.109493,-0.584320,1.058649,0.016569,-0.720117,-1.480843,-0.299987
-0.688617,0.940958,0.896048,-0.684750,0.940329,0.992126,-0.686045,0.930562,1.096241,-0.682160,0.930651,1.191679,-0.678164,0.931130,1.287003,-0.679745,0.920092,1.422726,-0.695552,0.892122,1.517661,-0.706221,0.941427,1.364301,-0.831445,1.024244,1.344441,-0.819742,1.082080,1.071097,-0.797235,1.170368,0.850157,-0.651772,0.908223,1.362239,-0.521089,0.836476,1.335565,-0.488334,0.823773,1.058153,-0.510422,0.744732,0.833643,-0.758438,0.978991,0.899732,-0.874682,0.839805,0.539219,-1.002750,0.691571,0.147679,-1.111185,0.540683,0.132538,-0.618746,0.902923,0.893598,-0.575293,1.016869,0.508918,-0.490583,1.181888,0.114209,-0.584333,1.058665,0.016563,-0.771854,-1.504514,-0.268863
-0.702554,0.915246,0.891521,-0.698264,0.914587,0.987582,-0.699366,0.905161,1.091733,-0.695507,0.905776,1.187171,-0.691672,0.906955,1.282497,-0.693502,0.897025,1.418305,-0.708700,0.869717,1.513535,-0.720143,0.917620,1.359613,-0.846273,0.998804,1.338703,-0.833256,1.054859,1.065037,-0.808618,1.144156,0.844736,-0.665348,0.884960,1.357969,-0.533846,0.814452,1.332008,-0.497914,0.803190,1.054915,-0.519266,0.723180,0.830673,-0.772579,0.952862,0.895533,-0.885463,0.812785,0.534311,-1.013230,0.659640,0.145198,-1.118828,0.506283,0.138275,-0.632470,0.877627,0.888745,-0.586692,0.997634,0.506206,-0.492272,1.177572,0.120108,-0.584346,1.058684,0.016580,-0.832252,-1.525363,-0.220503
-0.716762,0.888492,0.887634,-0.711993,0.888022,0.983672,-0.712868,0.879120,1.087868,-0.709011,0.880397,1.183298,-0.705326,0.882385,1.278616,-0.707395,0.873691,1.414504,-0.721979,0.847192,1.510057,-0.734145,0.893491,1.355514,-0.861197,0.972920,1.333439,-0.847432,1.026498,1.059324,-0.821764,1.116222,0.839313,-0.678999,0.861405,1.354307,-0.546575,0.792338,1.329206,-0.507768,0.783463,1.052420,-0.527431,0.704026,0.827887,-0.786929,0.925813,0.891928,-0.897120,0.784215,0.530479,-1.021240,0.633603,0.140441,-1.123738,0.478709,0.134810,-0.646530,0.851169,0.884577,-0.599599,0.973815,0.503021,-0.495797,1.170180,0.127678,-0.584306,1.058666,0.016456,-0.859234,-1.546404,-0.172391
-0.731288,0.860089,0.884474,-0.726097,0.860143,0.980490,-0.726767,0.852048,1.084750,-0.722900,0.854200,1.180160,-0.719332,0.857172,1.275452,-0.721575,0.849926,1.411416,-0.735550,0.824470,1.507335,-0.748328,0.868872,1.352062,-0.876217,0.946588,1.328747,-0.862565,0.996882,1.054014,-0.837321,1.086581,0.833909,-0.692844,0.837360,1.351300,-0.559379,0.769946,1.327286,-0.518172,0.764826,1.050783,-0.534942,0.687464,0.825257,-0.801515,0.897289,0.888874,-0.909520,0.752823,0.527908,-1.027114,0.613846,0.132121,-1.125722,0.458096,0.116547,-0.660993,0.822889,0.881315,-0.614676,0.944324,0.499134,-0.501524,1.159329,0.137310,-0.584090,1.058429,0.015274,-0.823151,-1.578088,-0.134176
-0.746085,0.830643,0.881953,-0.740415,0.831442,0.977942,-0.740847,0.824335,1.082276,-0.736946,0.827499,1.177656,-0.733483,0.831565,1.272912,-0.735890,0.825895,1.408947,-0.749253,0.801630,1.505262,-0.762590,0.843932,1.349199,-0.891333,0.919811,1.324529,-0.878359,0.966126,1.049051,-0.854642,1.055217,0.828504,-0.706763,0.813022,1.348901,-0.572156,0.747463,1.326121,-0.528849,0.747044,1.049888,-0.541774,0.673299,0.822811,-0.816310,0.867844,0.886415,-0.922797,0.719882,0.526412,-1.030519,0.599983,0.121525,-1.124972,0.444308,0.089083,-0.675792,0.793448,0.878738,-0.631261,0.910248,0.494775,-0.509087,1.145402,0.148614,-0.583821,1.058156,0.013952,-0.753652,-1.609963,-0.096208
-0.760381,0.801732,0.880194,-0.754039,0.803330,0.976128,-0.754152,0.797162,1.080526,-0.750204,0.801251,1.175873,-0.746890,0.806281,1.271092,-0.749576,0.801949,1.407178,-0.762408,0.778763,1.503838,-0.776229,0.819127,1.347146,-0.905923,0.892873,1.321095,-0.894178,0.934956,1.044887,-0.872822,1.022219,0.823431,-0.720050,0.788862,1.347299,-0.584314,0.725242,1.325703,-0.539507,0.729391,1.049713,-0.547975,0.661165,0.820834,-0.830618,0.838886,0.884845,-0.936745,0.689203,0.525439,-1.033696,0.588721,0.112248,-1.125765,0.434255,0.065414,-0.690073,0.764591,0.876791,-0.647483,0.872363,0.490286,-0.518886,1.127642,0.160905,-0.583814,1.058352,0.015078,-0.697604,-1.613684,-0.047019
-0.774186,0.773625,0.879038,-0.766799,0.776082,0.974869,-0.766441,0.770779,1.079311,-0.762417,0.775670,1.174617,-0.759326,0.781481,1.269800,-0.762511,0.778165,1.405906,-0.774923,0.755899,1.502838,-0.789125,0.794556,1.345802,-0.919914,0.865705,1.318180,-0.910049,0.903300,1.041274,-0.892011,0.987504,0.818327,-0.732597,0.764948,1.346412,-0.595783,0.703291,1.325953,-0.550203,0.711697,1.050189,-0.553323,0.651298,0.819132,-0.844446,0.810675,0.884130,-0.952585,0.661915,0.524915,-1.037792,0.579184,0.105457,-1.130597,0.427758,0.050089,-0.703841,0.736599,0.875185,-0.662676,0.829324,0.484995,-0.531161,1.105093,0.174287,-0.582869,1.062617,0.019968,-0.680016,-1.570893,0.022085
-0.787490,0.746051,0.878645,-0.778864,0.749422,0.974343,-0.777953,0.744936,1.078819,-0.773841,0.750543,1.174081,-0.771019,0.757004,1.269229,-0.774817,0.754467,1.405334,-0.786890,0.733009,1.502487,-0.801399,0.770119,1.345267,-0.933379,0.838376,1.316049,-0.925946,0.871230,1.038460,-0.912059,0.951155,0.813557,-0.744511,0.741213,1.346322,-0.606634,0.681602,1.326950,-0.560881,0.694130,1.051386,-0.558040,0.643463,0.817898,-0.857788,0.782951,0.884305,-0.969097,0.636889,0.524914,-1.041661,0.572249,0.099984,-1.136971,0.424997,0.038559,-0.717091,0.709190,0.874209,-0.677506,0.782475,0.479575,-0.545673,1.078711,0.188655,-0.582186,1.067353,0.027308,-0.675878,-1.499948,0.102410
-0.799495,0.719774,0.879617,-0.789833,0.723935,0.975196,-0.788452,0.720065,1.079695,-0.784304,0.726192,1.174924,-0.781757,0.733085,1.270050,-0.786093,0.730974,1.406147,-0.797901,0.710100,1.503461,-0.812710,0.745974,1.346065,-0.945915,0.811376,1.315805,-0.941145,0.839687,1.037643,-0.931617,0.913509,0.810547,-0.755411,0.717914,1.347466,-0.616489,0.660506,1.328937,-0.571078,0.676478,1.053483,-0.562835,0.636588,0.818003,-0.869927,0.756334,0.885772,-0.982411,0.614550,0.525097,-1.044112,0.567255,0.095927,-1.141672,0.423419,0.030177,-0.728947,0.683264,0.874677,-0.692092,0.736617,0.476389,-0.562100,1.050597,0.203009,-0.585675,1.062267,0.035735,-0.657029,-1.427575,0.179349
-0.809859,0.695043,0.882400,-0.799433,0.699879,0.977872,-0.797699,0.696387,1.082382,-0.793594,0.702788,1.177597,-0.791338,0.709824,1.272722,-0.796128,0.707664,1.408803,-0.807807,0.687069,1.506196,-0.822865,0.722139,1.348553,-0.957309,0.784873,1.318064,-0.955309,0.808926,1.039469,-0.950360,0.874551,0.809790,-0.765078,0.695113,1.350172,-0.625137,0.640037,1.332188,-0.580648,0.658409,1.056715,-0.568031,0.630742,0.819869,-0.880564,0.730996,0.888945,-0.990465,0.595119,0.525276,-1.044143,0.564585,0.093475,-1.143084,0.422582,0.025539,-0.739024,0.659151,0.877073,-0.706665,0.692971,0.476396,-0.580619,1.021588,0.218477,-0.595092,1.042783,0.046324,-0.608154,-1.360352,0.251838
-0.818923,0.671609,0.886548,-0.807938,0.676997,0.981926,-0.805932,0.673682,1.086436,-0.801922,0.680162,1.181649,-0.799964,0.687121,1.276785,-0.805134,0.684560,1.412846,-0.816756,0.664019,1.510256,-0.832058,0.698595,1.352375,-0.967774,0.758699,1.322211,-0.968776,0.778692,1.043291,-0.968611,0.834297,0.810794,-0.773730,0.672750,1.354112,-0.632790,0.620160,1.336428,-0.589738,0.640255,1.060848,-0.573305,0.625857,0.823074,-0.889997,0.706765,0.893410,-0.995322,0.578375,0.525638,-1.042756,0.563857,0.092438,-1.142822,0.422929,0.024049,-0.747709,0.636521,0.880911,-0.720995,0.650317,0.478636,-0.601055,0.990848,0.233932,-0.608682,1.013478,0.058002,-0.544567,-1.291701,0.320941
-0.826918,0.649480,0.891323,-0.815762,0.655094,0.986666,-0.813631,0.651723,1.091169,-0.809755,0.658124,1.186392,-0.808028,0.664903,1.281545,-0.813343,0.661846,1.417588,-0.824793,0.641264,1.515008,-0.840527,0.675444,1.356984,-0.977547,0.732841,1.327502,-0.981834,0.749155,1.048371,-0.985996,0.793125,0.813504,-0.781644,0.650901,1.358735,-0.639704,0.601104,1.341072,-0.598323,0.622790,1.065363,-0.578399,0.620659,0.827222,-0.898405,0.683757,0.898326,-0.999295,0.564086,0.526404,-1.041758,0.563255,0.092348,-1.142514,0.423236,0.023263,-0.755287,0.615275,0.885552,-0.734510,0.609796,0.482594,-0.622550,0.957969,0.244985,-0.625083,0.977795,0.066191,-0.484044,-1.228607,0.375239
-0.833682,0.628909,0.896739,-0.822961,0.634251,0.992143,-0.820944,0.630504,1.096634,-0.817271,0.636630,1.191882,-0.815680,0.643127,1.287056,-0.820792,0.639525,1.423093,-0.831886,0.618817,1.520527,-0.848327,0.652668,1.362505,-0.986705,0.707283,1.334133,-0.994742,0.720394,1.054922,-1.002576,0.750835,0.818168,-0.788863,0.629589,1.364132,-0.645899,0.583028,1.346057,-0.606402,0.606178,1.070187,-0.583071,0.614797,0.832465,-0.905624,0.662240,0.903597,-1.003056,0.552718,0.527716,-1.041836,0.562267,0.093254,-1.142673,0.423085,0.022599,-0.761601,0.595645,0.891115,-0.746994,0.571957,0.488545,-0.645004,0.922936,0.249934,-0.644029,0.936010,0.068861,-0.430077,-1.168485,0.412383
-0.839376,0.609644,0.902782,-0.829479,0.614388,0.998306,-0.827722,0.610031,1.102778,-0.824292,0.615725,1.198062,-0.822772,0.621836,1.293264,-0.827445,0.617594,1.429298,-0.838067,0.596666,1.526738,-0.855404,0.630283,1.368815,-0.995172,0.682041,1.341909,-1.007241,0.692331,1.062730,-1.018289,0.707627,0.824539,-0.795343,0.608791,1.370213,-0.651356,0.565773,1.351447,-0.613977,0.590257,1.075393,-0.587563,0.608621,0.838651,-0.911817,0.641944,0.909319,-1.005935,0.543804,0.529430,-1.042302,0.561405,0.095107,-1.142786,0.422894,0.022639,-0.766809,0.577400,0.897480,-0.758663,0.536251,0.496212,-0.668518,0.885764,0.250483,-0.665787,0.887847,0.068043,-0.379173,-1.113921,0.434722
-0.844720,0.590936,0.908675,-0.835566,0.595070,1.004306,-0.833996,0.590102,1.108755,-0.830749,0.595362,1.204071,-0.829249,0.601088,1.299297,-0.833423,0.596226,1.435328,-0.843471,0.575083,1.532782,-0.861838,0.608438,1.374998,-1.002953,0.657154,1.349490,-1.018837,0.664902,1.070408,-1.032575,0.664474,0.831820,-0.801227,0.588515,1.376149,-0.656274,0.549093,1.356851,-0.621035,0.575309,1.080681,-0.592334,0.601912,0.844923,-0.917650,0.622175,0.914942,-1.008229,0.535707,0.531341,-1.042913,0.560396,0.097286,-1.142936,0.422699,0.022689,-0.771674,0.559742,0.903642,-0.769588,0.502179,0.504251,-0.692540,0.846103,0.247355,-0.689805,0.835918,0.065255,-0.338632,-1.079655,0.437893
-0.849844,0.572683,0.914322,-0.841223,0.576281,1.010024,-0.839714,0.570770,1.114448,-0.836576,0.575647,1.209788,-0.835060,0.581034,1.305034,-0.838743,0.575628,1.441059,-0.848106,0.554297,1.538539,-0.867639,0.587307,1.380927,-1.010055,0.632682,1.356569,-1.029165,0.638289,1.077614,-1.044810,0.621462,0.839895,-0.806546,0.568899,1.381851,-0.660680,0.533116,1.362411,-0.627605,0.561745,1.086223,-0.597486,0.594701,0.851337,-0.923236,0.602855,0.920428,-1.009834,0.528166,0.533476,-1.043616,0.559118,0.099701,-1.143114,0.422462,0.022511,-0.776343,0.542551,0.909448,-0.779837,0.469498,0.512599,-0.717317,0.803956,0.240150,-0.717418,0.781015,0.060483,-0.314541,-1.078180,0.418592
-0.854618,0.554987,0.919820,-0.846449,0.558036,1.015579,-0.844928,0.551981,1.119973,-0.841840,0.556472,1.215334,-0.840257,0.561524,1.310597,-0.843389,0.555593,1.446615,-0.851965,0.534079,1.544128,-0.872797,0.566716,1.386730,-1.016471,0.608564,1.363453,-1.038590,0.612309,1.084689,-1.055618,0.578506,0.848881,-0.811268,0.549805,1.387409,-0.664546,0.517713,1.367985,-0.633659,0.549155,1.091847,-0.602918,0.586958,0.857837,-0.928461,0.584061,0.925814,-1.010854,0.521442,0.535807,-1.044463,0.557692,0.102443,-1.143330,0.422221,0.022342,-0.780669,0.525947,0.915051,-0.789341,0.438452,0.521317,-0.742602,0.759318,0.229269,-0.747291,0.722346,0.053742,-0.300812,-1.097005,0.380123
-0.859365,0.537398,0.924677,-0.851480,0.539948,1.020476,-0.849816,0.533365,1.124835,-0.846675,0.537466,1.220212,-0.844944,0.542161,1.315490,-0.847437,0.535671,1.451494,-0.855158,0.514022,1.549049,-0.877359,0.546280,1.391872,-1.022189,0.584659,1.369737,-1.047709,0.586350,1.091271,-1.066310,0.536315,0.858327,-0.815442,0.530826,1.392268,-0.667993,0.502254,1.372757,-0.639089,0.536592,1.096743,-0.608790,0.578363,0.863397,-0.933646,0.565332,0.930666,-1.011906,0.514681,0.538042,-1.045357,0.556204,0.105160,-1.143695,0.422129,0.022193,-0.784979,0.509494,0.919910,-0.797962,0.409272,0.529246,-0.767102,0.711822,0.216634,-0.774860,0.660156,0.046589,-0.286485,-1.113390,0.328029
-0.864291,0.519858,0.928802,-0.856450,0.521950,1.024617,-0.854455,0.514847,1.128935,-0.851126,0.518544,1.224321,-0.849141,0.522851,1.319612,-0.850887,0.515748,1.455597,-0.857665,0.494034,1.553205,-0.881319,0.525909,1.396250,-1.027186,0.560884,1.375352,-1.056799,0.560244,1.097299,-1.077433,0.495024,0.868324,-0.819065,0.511870,1.396314,-0.671051,0.486555,1.376533,-0.643699,0.523848,1.100744,-0.615309,0.568848,0.867746,-0.939001,0.546579,0.934947,-1.013237,0.507793,0.540203,-1.046375,0.554674,0.107824,-1.144374,0.422309,0.022085,-0.789476,0.493162,0.923875,-0.805384,0.382152,0.536150,-0.790737,0.661183,0.201990,-0.799182,0.593960,0.038735,-0.268932,-1.118565,0.256374
-0.869189,0.502426,0.932287,-0.861225,0.504109,1.028099,-0.858768,0.496501,1.132371,-0.855149,0.499789,1.227762,-0.852828,0.503688,1.323064,-0.853739,0.495938,1.459022,-0.859506,0.474206,1.556692,-0.884683,0.505694,1.399967,-1.031483,0.537321,1.380366,-1.065583,0.534157,1.102833,-1.088440,0.454499,0.878780,-0.822140,0.493030,1.399660,-0.673689,0.470799,1.379507,-0.647686,0.511131,1.104016,-0.622269,0.558483,0.871155,-0.944315,0.527891,0.938693,-1.014599,0.500868,0.542268,-1.047439,0.553082,0.110464,-1.145203,0.422639,0.021998,-0.793958,0.476980,0.927096,-0.811922,0.356898,0.542265,-0.813588,0.607684,0.185592,-0.821200,0.524242,0.030470,-0.250781,-1.121301,0.171096
-0.873763,0.484835,0.934922,-0.865646,0.486230,1.030726,-0.862696,0.478182,1.134953,-0.858749,0.481083,1.230344,-0.856050,0.484567,1.325652,-0.856075,0.476138,1.461572,-0.860859,0.454407,1.559297,-0.887518,0.485529,1.402789,-1.035135,0.514078,1.384574,-1.073827,0.507981,1.107700,-1.099002,0.415051,0.888974,-0.824727,0.474174,1.402091,-0.675932,0.454897,1.381443,-0.651539,0.498126,1.106247,-0.629203,0.547151,0.873416,-0.949273,0.509083,0.941576,-1.015865,0.493314,0.543869,-1.048225,0.551442,0.112807,-1.145794,0.422904,0.021875,-0.798145,0.460604,0.929481,-0.818377,0.333166,0.547144,-0.834603,0.551818,0.170125,-0.839187,0.452699,0.024228,-0.228956,-1.125173,0.095551
-0.877941,0.467020,0.936641,-0.869720,0.468326,1.032438,-0.866296,0.459936,1.136625,-0.862009,0.462487,1.232012,-0.858895,0.465543,1.327321,-0.857976,0.456375,1.463189,-0.861831,0.434665,1.560959,-0.889890,0.465451,1.404645,-1.038194,0.491257,1.387944,-1.081473,0.481635,1.111862,-1.109181,0.376803,0.898835,-0.826892,0.455323,1.403532,-0.677846,0.438829,1.382246,-0.655460,0.484851,1.107335,-0.636009,0.534814,0.874438,-0.953800,0.490124,0.943451,-1.016882,0.484889,0.544869,-1.048592,0.549727,0.114722,-1.145937,0.423015,0.021670,-0.801977,0.443932,0.931044,-0.824944,0.310815,0.550738,-0.853398,0.492945,0.155963,-0.851267,0.378688,0.020512,-0.196651,-1.132489,0.040696
-0.881795,0.449046,0.937510,-0.873438,0.450384,1.033295,-0.869512,0.441716,1.137442,-0.864845,0.443940,1.232819,-0.861274,0.446561,1.328126,-0.859360,0.436622,1.463929,-0.862315,0.414953,1.561739,-0.891732,0.445423,1.405606,-1.040607,0.468755,1.390508,-1.088579,0.455200,1.115356,-1.118915,0.339632,0.908432,-0.828569,0.436456,1.404057,-0.679364,0.422614,1.382011,-0.659247,0.471288,1.107382,-0.642790,0.521510,0.874312,-0.957970,0.471045,0.944464,-1.017802,0.475835,0.545406,-1.048680,0.547964,0.116341,-1.145843,0.423060,0.021429,-0.805516,0.427066,0.931771,-0.831428,0.289986,0.553096,-0.870356,0.431703,0.142733,-0.859314,0.302851,0.018819,-0.160672,-1.140942,-0.004425
-0.885235,0.430844,0.937513,-0.876618,0.432178,1.033274,-0.872113,0.423232,1.137373,-0.867019,0.425139,1.232734,-0.862967,0.427350,1.328032,-0.860059,0.416693,1.463765,-0.862169,0.395052,1.561604,-0.892911,0.425225,1.405654,-1.042271,0.446366,1.392156,-1.095091,0.428803,1.118120,-1.127686,0.303491,0.917257,-0.829611,0.417387,1.403679,-0.680315,0.406224,1.380789,-0.662780,0.457060,1.106372,-0.649394,0.507241,0.873102,-0.961695,0.451746,0.944718,-1.018955,0.466278,0.545520,-1.048581,0.546253,0.117780,-1.145754,0.423097,0.021242,-0.808670,0.409963,0.931524,-0.838044,0.270745,0.553914,-0.885578,0.370493,0.132004,-0.867227,0.228813,0.020074,-0.138362,-1.147184,-0.049330
-0.888135,0.412406,0.936557,-0.879093,0.413626,1.032280,-0.873932,0.404359,1.136320,-0.868371,0.405934,1.231661,-0.863840,0.407746,1.326946,-0.859992,0.396422,1.462603,-0.861351,0.374772,1.560455,-0.893357,0.404705,1.404685,-1.043100,0.424123,1.392803,-1.101211,0.402457,1.120173,-1.135417,0.268262,0.925368,-0.829944,0.397962,1.402322,-0.680609,0.389595,1.378537,-0.666014,0.441978,1.104236,-0.655739,0.491905,0.870753,-0.964839,0.432238,0.944166,-1.020498,0.456394,0.545204,-1.048173,0.544668,0.118971,-1.145755,0.423154,0.021171,-0.811317,0.392593,0.930164,-0.844728,0.253583,0.552798,-0.899322,0.309125,0.124273,-0.876177,0.156742,0.025332,-0.143526,-1.146813,-0.098793
-0.890621,0.393741,0.934735,-0.881029,0.394810,1.030407,-0.875136,0.385221,1.134380,-0.869062,0.386475,1.229696,-0.864027,0.387913,1.324962,-0.859239,0.375975,1.460537,-0.859903,0.354304,1.558391,-0.893140,0.384016,1.402802,-1.043180,0.401993,1.392533,-1.106737,0.376150,1.121497,-1.142186,0.234063,0.932706,-0.829641,0.378334,1.400060,-0.680335,0.372791,1.375296,-0.668995,0.426231,1.101044,-0.661907,0.475604,0.867320,-0.967538,0.412510,0.942856,-1.022274,0.446008,0.544467,-1.047579,0.543136,0.119982,-1.145761,0.423203,0.021152,-0.813580,0.374986,0.927831,-0.851544,0.238011,0.550143,-0.911328,0.247789,0.119044,-0.884993,0.086470,0.033537,-0.162357,-1.144232,-0.148038
-0.892992,0.374804,0.932311,-0.882735,0.375743,1.027915,-0.875999,0.365899,1.131812,-0.869325,0.366909,1.227089,-0.863710,0.368066,1.322326,-0.857883,0.355670,1.457817,-0.857810,0.334000,1.555673,-0.892345,0.363390,1.400293,-1.042660,0.379677,1.391496,-1.111001,0.349977,1.121973,-1.147703,0.201201,0.938585,-0.828782,0.358771,1.397137,-0.679591,0.355977,1.371243,-0.671746,0.410013,1.096990,-0.667986,0.458646,0.863040,-0.970105,0.392428,0.941034,-1.024145,0.434719,0.543373,-1.047255,0.541538,0.121135,-1.145756,0.423215,0.021093,-0.815742,0.357193,0.924805,-0.858896,0.222630,0.546832,-0.920928,0.189457,0.116402,-0.894050,0.021119,0.042447,-0.170779,-1.149308,-0.192263
-0.895335,0.355601,0.929203,-0.884289,0.356446,1.024718,-0.876584,0.346441,1.128532,-0.869218,0.347312,1.223760,-0.862943,0.348315,1.318959,-0.855973,0.335667,1.454375,-0.855108,0.314017,1.552232,-0.891023,0.342952,1.397094,-1.041623,0.357021,1.389509,-1.113655,0.323836,1.121331,-1.151687,0.169603,0.942703,-0.827414,0.339410,1.393487,-0.678423,0.339225,1.366298,-0.674370,0.393409,1.091998,-0.674054,0.441093,0.857822,-0.972646,0.371911,0.938626,-1.025998,0.422787,0.541896,-1.047247,0.540071,0.122329,-1.145735,0.423157,0.020986,-0.817876,0.339303,0.920996,-0.867445,0.207798,0.542797,-0.927254,0.134088,0.117430,-0.904271,-0.039008,0.052500,-0.158712,-1.168193,-0.232338
-0.897563,0.336127,0.925494,-0.885613,0.336900,1.020902,-0.876828,0.326799,1.124623,-0.868684,0.327608,1.219790,-0.861673,0.328550,1.314939,-0.853459,0.315804,1.450279,-0.851761,0.294199,1.548136,-0.889123,0.322577,1.393268,-1.039987,0.334178,1.386754,-1.115047,0.297829,1.119841,-1.154419,0.139342,0.945361,-0.825488,0.320114,1.389174,-0.676784,0.322462,1.360540,-0.676764,0.376334,1.086144,-0.680033,0.422883,0.851755,-0.975055,0.351039,0.935706,-1.027946,0.409952,0.540063,-1.047509,0.538538,0.123663,-1.145702,0.423063,0.020839,-0.819908,0.321226,0.916496,-0.876530,0.193157,0.538105,-0.931173,0.081722,0.121046,-0.914733,-0.094214,0.063258,-0.136235,-1.194734,-0.267391
-0.899703,0.316324,0.921697,-0.886788,0.317053,1.016980,-0.876825,0.306911,1.120588,-0.867793,0.307712,1.215673,-0.859921,0.308657,1.310753,-0.850272,0.295917,1.445994,-0.847642,0.274428,1.543853,-0.886573,0.302125,1.389306,-1.037654,0.311309,1.383928,-1.115549,0.272354,1.118201,-1.156458,0.110947,0.946776,-0.822946,0.300739,1.384635,-0.674631,0.305636,1.354380,-0.678645,0.358721,1.079859,-0.685776,0.404139,0.845342,-0.977328,0.329917,0.932744,-1.030188,0.395033,0.538023,-1.048364,0.536231,0.125763,-1.145655,0.423009,0.020571,-0.821901,0.302743,0.911864,-0.884572,0.176236,0.533839,-0.934614,0.035459,0.124089,-0.923054,-0.142287,0.071151,-0.109502,-1.220352,-0.290005
-0.902007,0.296482,0.917848,-0.888071,0.297101,1.012988,-0.876801,0.286890,1.116454,-0.866727,0.287671,1.211433,-0.857810,0.288623,1.306418,-0.846430,0.275920,1.441521,-0.842702,0.254589,1.539378,-0.883392,0.281514,1.385242,-1.034631,0.288349,1.381126,-1.115439,0.247457,1.116556,-1.158118,0.084500,0.946945,-0.819812,0.281224,1.379858,-0.672015,0.288760,1.347723,-0.680016,0.340559,1.073046,-0.691187,0.384708,0.838432,-0.979708,0.308859,0.929776,-1.032028,0.378220,0.535584,-1.049348,0.533640,0.128481,-1.145588,0.423026,0.020155,-0.824120,0.284118,0.907132,-0.891254,0.156138,0.530349,-0.936995,-0.003815,0.126010,-0.927141,-0.182732,0.075748,-0.085077,-1.241344,-0.295437
-0.904223,0.276311,0.913912,-0.889205,0.276849,1.008890,-0.876531,0.266624,1.112195,-0.865304,0.267440,1.207046,-0.855218,0.268462,1.301915,-0.841915,0.255897,1.436860,-0.836990,0.234797,1.534715,-0.879561,0.260826,1.381041,-1.030911,0.265363,1.378253,-1.114438,0.223093,1.114760,-1.159084,0.059919,0.945871,-0.816061,0.261630,1.374854,-0.668884,0.271822,1.340664,-0.680874,0.321860,1.065802,-0.696362,0.364741,0.831176,-0.981951,0.287550,0.926766,-1.034162,0.359322,0.532938,-1.050923,0.530275,0.131965,-1.145505,0.423083,0.019618,-0.826299,0.265087,0.902269,-0.896893,0.133759,0.527284,-0.938899,-0.036987,0.127358,-0.929086,-0.216045,0.077481,-0.056396,-1.261411,-0.288429
-0.905621,0.254887,0.910297,-0.889494,0.255666,1.005088,-0.875423,0.245715,1.108238,-0.863046,0.246800,1.202943,-0.851800,0.248100,1.297678,-0.836604,0.235944,1.432462,-0.830523,0.215273,1.530345,-0.874957,0.240170,1.377084,-1.026379,0.242706,1.375715,-1.112088,0.199515,1.113069,-1.158969,0.037491,0.943771,-0.811557,0.241993,1.370096,-0.665048,0.254725,1.333898,-0.680935,0.302595,1.058849,-0.701446,0.344824,0.824524,-0.983334,0.265151,0.924069,-1.038876,0.336589,0.530811,-1.054802,0.523961,0.137282,-1.145417,0.423164,0.018970,-0.827700,0.244644,0.897735,-0.900864,0.109324,0.524678,-0.944003,-0.063618,0.126620,-0.932787,-0.241503,0.074078,-0.009928,-1.283074,-0.275794
-0.906011,0.231423,0.907125,-0.888667,0.232937,1.001684,-0.873170,0.223686,1.104688,-0.859627,0.225380,1.199219,-0.847229,0.227248,1.293798,-0.830197,0.215860,1.428426,-0.823031,0.195895,1.526380,-0.869320,0.219364,1.373437,-1.020769,0.220368,1.373730,-1.107895,0.176934,1.111578,-1.157415,0.017426,0.940629,-0.806042,0.222102,1.365655,-0.660257,0.237292,1.327545,-0.679923,0.282454,1.052290,-0.706769,0.324973,0.818734,-0.983645,0.240947,0.921859,-1.047580,0.308930,0.529299,-1.062014,0.514110,0.144950,-1.145400,0.422851,0.017245,-0.828154,0.221924,0.893603,-0.902460,0.081138,0.522837,-0.955341,-0.082374,0.122584,-0.940879,-0.256850,0.061956,0.070265,-1.315643,-0.261886
-0.905584,0.206706,0.904275,-0.886995,0.209278,0.998575,-0.870080,0.201015,1.101440,-0.855372,0.203553,1.195779,-0.841831,0.206195,1.290183,-0.822995,0.195844,1.424655,-0.814784,0.176784,1.522707,-0.862909,0.198590,1.370034,-1.014346,0.198358,1.372080,-1.102354,0.155141,1.110191,-1.154781,-0.000485,0.936461,-0.799774,0.202168,1.361460,-0.654760,0.219700,1.321484,-0.678115,0.261747,1.046022,-0.712002,0.305171,0.813548,-0.983094,0.215654,0.919963,-1.058863,0.277435,0.528306,-1.071529,0.501310,0.154451,-1.145377,0.422562,0.015408,-0.827830,0.197792,0.889799,-0.902388,0.050895,0.521454,-0.969878,-0.094590,0.116462,-0.950727,-0.264343,0.044700,0.168247,-1.349808,-0.242350
-0.904173,0.182182,0.901788,-0.884603,0.185903,0.995859,-0.866487,0.178736,1.098608,-0.850785,0.182219,1.192760,-0.836242,0.185742,1.286989,-0.815780,0.176590,1.421313,-0.806611,0.158524,1.519471,-0.856380,0.178506,1.367068,-1.007790,0.177062,1.370521,-1.096481,0.133764,1.108883,-1.151755,-0.016586,0.931536,-0.793392,0.182866,1.357765,-0.649111,0.202392,1.316051,-0.676049,0.241387,1.040457,-0.716299,0.285944,0.809141,-0.981593,0.190571,0.918218,-1.070785,0.243625,0.528276,-1.081965,0.485154,0.165308,-1.145135,0.423537,0.016357,-0.826495,0.173837,0.886569,-0.902139,0.023897,0.519645,-0.982187,-0.103827,0.110378,-0.958323,-0.270034,0.030782,0.249741,-1.360154,-0.210935
-0.901715,0.157856,0.899471,-0.881414,0.162849,0.993328,-0.862333,0.156944,1.095978,-0.845817,0.161535,1.189939,-0.830432,0.166117,1.283984,-0.808572,0.158436,1.418175,-0.798597,0.141511,1.516454,-0.849715,0.159406,1.364358,-1.001106,0.156868,1.368618,-1.090808,0.112758,1.107454,-1.148953,-0.030990,0.925631,-0.786872,0.164412,1.354399,-0.643218,0.185240,1.311110,-0.673736,0.221441,1.035508,-0.719436,0.267406,0.805481,-0.979081,0.165828,0.916430,-1.084556,0.207482,0.529623,-1.093855,0.464909,0.177597,-1.143717,0.429183,0.021538,-0.824084,0.149945,0.883718,-0.902986,0.002454,0.516537,-0.990586,-0.110773,0.104426,-0.961789,-0.275802,0.023683,0.300354,-1.337022,-0.160600
-0.898274,0.133724,0.897516,-0.877505,0.140080,0.991189,-0.857677,0.135544,1.093764,-0.840516,0.141344,1.187540,-0.824430,0.147093,1.281401,-0.801351,0.141043,1.415467,-0.790657,0.125348,1.513873,-0.842932,0.140996,1.362085,-0.994288,0.137388,1.366806,-1.084803,0.092168,1.106103,-1.145760,-0.043585,0.918968,-0.780238,0.146590,1.351533,-0.637172,0.168372,1.306797,-0.671166,0.201842,1.031261,-0.721638,0.249444,0.802599,-0.975618,0.141295,0.914793,-1.098965,0.169023,0.531933,-1.106666,0.441307,0.191242,-1.142078,0.436092,0.029506,-0.820662,0.126229,0.881441,-0.903655,-0.015743,0.513004,-0.996757,-0.114741,0.098512,-0.963003,-0.279768,0.019924,0.334479,-1.290071,-0.098386
-0.893873,0.111213,0.896551,-0.873228,0.118705,0.990165,-0.853032,0.115296,1.092720,-0.835528,0.122085,1.186373,-0.818956,0.128789,1.280093,-0.794835,0.124091,1.414039,-0.783370,0.109433,1.512522,-0.836726,0.123055,1.360983,-0.987998,0.117838,1.366141,-1.077894,0.071764,1.105393,-1.141028,-0.054375,0.912482,-0.774204,0.129427,1.349935,-0.631807,0.152610,1.303861,-0.668851,0.183289,1.028386,-0.722733,0.232251,0.800762,-0.971295,0.117890,0.913731,-1.108438,0.129816,0.534406,-1.117414,0.416138,0.205533,-1.142869,0.435284,0.038819,-0.816188,0.104626,0.880570,-0.901827,-0.032323,0.510781,-1.000309,-0.117226,0.094476,-0.963589,-0.282342,0.017547,0.361026,-1.222868,-0.039156
-0.888136,0.090972,0.896915,-0.868666,0.099223,0.990701,-0.848732,0.096518,1.093331,-0.831338,0.103916,1.186963,-0.814550,0.111209,1.280607,-0.789526,0.107367,1.414421,-0.777159,0.093421,1.512900,-0.831564,0.105432,1.361522,-0.982715,0.097884,1.367258,-1.069592,0.051328,1.105611,-1.134128,-0.063274,0.906257,-0.769230,0.112855,1.350071,-0.627636,0.138105,1.302615,-0.667295,0.165749,1.027186,-0.722510,0.215762,0.800070,-0.965847,0.096042,0.913239,-1.110287,0.089828,0.536486,-1.124365,0.390474,0.221095,-1.146881,0.424270,0.049635,-0.810181,0.086003,0.881797,-0.895733,-0.047709,0.510792,-1.000253,-0.118121,0.093329,-0.963854,-0.283195,0.016308,0.385639,-1.118807,0.012086
-0.881439,0.072352,0.898268,-0.863735,0.081135,0.992352,-0.844443,0.078891,1.095113,-0.827460,0.086679,1.188786,-0.810671,0.094349,1.282396,-0.784922,0.091085,1.416084,-0.771601,0.077657,1.514508,-0.826980,0.088279,1.363232,-0.977960,0.077860,1.369522,-1.060385,0.031077,1.106471,-1.125687,-0.070369,0.900210,-0.764855,0.096942,1.351475,-0.624146,0.124708,1.302747,-0.665995,0.149255,1.027358,-0.721181,0.200043,0.800424,-0.959540,0.075320,0.913322,-1.107199,0.049092,0.538728,-1.129254,0.363243,0.237304,-1.153321,0.405538,0.061796,-0.803121,0.069491,0.884430,-0.887141,-0.061477,0.512114,-0.997580,-0.117533,0.094060,-0.963491,-0.282658,0.016452,0.402674,-0.994494,0.060345
-0.874934,0.054829,0.900210,-0.858539,0.064052,0.994509,-0.839682,0.062213,1.097358,-0.823092,0.070332,1.191071,-0.806422,0.078323,1.284673,-0.780225,0.075566,1.418283,-0.766002,0.062574,1.516640,-0.822278,0.071822,1.365437,-0.972948,0.057984,1.372081,-1.051165,0.011427,1.107672,-1.116437,-0.075929,0.895020,-0.760407,0.081914,1.353511,-0.620622,0.112790,1.304063,-0.663954,0.134616,1.028662,-0.719214,0.185482,0.801787,-0.953254,0.055353,0.914413,-1.101663,0.009279,0.542004,-1.134306,0.333013,0.251579,-1.162458,0.377573,0.073389,-0.796417,0.054420,0.887230,-0.879026,-0.073989,0.513715,-0.994867,-0.117281,0.095482,-0.963200,-0.282125,0.016752,0.404100,-0.903313,0.105765
-0.869138,0.038433,0.902743,-0.853082,0.047973,0.997078,-0.834176,0.046500,1.099925,-0.817820,0.054926,1.193654,-0.801358,0.063224,1.287267,-0.775074,0.060968,1.420871,-0.760036,0.048355,1.519157,-0.817189,0.056211,1.368015,-0.967448,0.038439,1.374788,-1.042135,-0.007537,1.109248,-1.106068,-0.079373,0.890786,-0.755592,0.067894,1.356094,-0.616645,0.102516,1.306758,-0.660602,0.122131,1.031277,-0.716569,0.172269,0.804405,-0.947426,0.036202,0.916921,-1.094441,-0.029276,0.546930,-1.140767,0.299158,0.263461,-1.175895,0.337772,0.084353,-0.790653,0.040782,0.889787,-0.872416,-0.085562,0.515362,-0.992975,-0.118051,0.097417,-0.963251,-0.282050,0.016845,0.379168,-0.873981,0.151929
-0.863536,0.023136,0.905864,-0.847358,0.032898,1.000153,-0.828197,0.031735,1.102956,-0.812058,0.040411,1.196700,-0.795924,0.048958,1.290348,-0.769831,0.047134,1.423995,-0.754030,0.034817,1.522198,-0.811982,0.041297,1.371087,-0.961691,0.019043,1.377789,-1.033092,-0.025900,1.111165,-1.094888,-0.081282,0.887410,-0.750703,0.054759,1.359311,-0.612636,0.093721,1.310637,-0.656510,0.111500,1.035025,-0.713286,0.160214,0.808033,-0.941620,0.017805,0.920438,-1.084771,-0.066908,0.552888,-1.147392,0.262305,0.273410,-1.192028,0.288738,0.094750,-0.785243,0.028585,0.892511,-0.866282,-0.095879,0.517288,-0.991044,-0.119156,0.100044,-0.963374,-0.281980,0.017094,0.338628,-0.877782,0.195254
-0.857729,0.008329,0.909171,-0.841454,0.018442,1.003400,-0.822073,0.017663,1.106164,-0.806245,0.026592,1.199936,-0.790555,0.035355,1.293638,-0.764782,0.033905,1.427351,-0.748272,0.021849,1.525470,-0.806764,0.026858,1.374335,-0.955591,-0.000534,1.380674,-1.024321,-0.043493,1.113032,-1.084560,-0.083667,0.885279,-0.745950,0.042375,1.362784,-0.609138,0.086287,1.314924,-0.652391,0.102636,1.039133,-0.709951,0.149145,0.811894,-0.935402,-0.000401,0.924170,-1.072844,-0.102949,0.558897,-1.152666,0.222903,0.280214,-1.206310,0.236768,0.102845,-0.779840,0.017182,0.895391,-0.860522,-0.104342,0.519157,-0.989063,-0.120352,0.102704,-0.963456,-0.281959,0.017370,0.306699,-0.881950,0.225146
-0.851663,-0.006308,0.912695,-0.835457,0.004423,1.006864,-0.815956,0.004202,1.109608,-0.800570,0.013459,1.203421,-0.785443,0.022454,1.297193,-0.760067,0.021379,1.430986,-0.742895,0.009578,1.529022,-0.801608,0.012919,1.377804,-0.949270,-0.020294,1.383460,-1.016196,-0.060203,1.114871,-1.075911,-0.086830,0.884916,-0.741418,0.030836,1.366531,-0.606255,0.080330,1.319462,-0.648386,0.095795,1.043442,-0.706731,0.139053,0.815787,-0.928723,-0.018793,0.928048,-1.058669,-0.137456,0.564875,-1.156466,0.180761,0.283180,-1.218047,0.184125,0.107738,-0.774386,0.006308,0.898561,-0.855143,-0.110411,0.520861,-0.987002,-0.121591,0.105219,-0.963452,-0.282012,0.017626,0.292537,-0.877839,0.234473
-0.845392,-0.020455,0.916404,-0.829278,-0.008978,1.010502,-0.809694,-0.008566,1.113228,-0.794845,0.001023,1.207096,-0.780396,0.010215,1.300958,-0.755548,0.009460,1.434852,-0.737767,-0.002123,1.532806,-0.796440,-0.000545,1.381449,-0.942606,-0.040234,1.386129,-1.008342,-0.076144,1.116658,-1.068114,-0.090469,0.885799,-0.737023,0.020048,1.370535,-0.603883,0.075733,1.324409,-0.644353,0.090721,1.048111,-0.703459,0.129947,0.819914,-0.921631,-0.036994,0.932141,-1.042238,-0.170372,0.570904,-1.158916,0.136070,0.283001,-1.227933,0.128547,0.110329,-0.768939,-0.003772,0.901885,-0.850137,-0.114625,0.522508,-0.984891,-0.122920,0.107769,-0.963407,-0.282114,0.017909,0.286986,-0.874097,0.230367
-0.838686,-0.033756,0.919798,-0.822742,-0.021602,1.013841,-0.803158,-0.020653,1.116566,-0.788947,-0.010876,1.210512,-0.775284,-0.001655,1.304487,-0.751090,-0.002305,1.438501,-0.732779,-0.013745,1.536374,-0.791146,-0.013833,1.384808,-0.935138,-0.060669,1.388217,-0.999924,-0.091489,1.117933,-1.060337,-0.095688,0.886748,-0.732714,0.009599,1.374377,-0.602249,0.072032,1.329461,-0.640579,0.086554,1.052842,-0.700224,0.121677,0.824103,-0.913842,-0.054440,0.935863,-1.023720,-0.200854,0.576252,-1.158872,0.089851,0.280549,-1.233502,0.069540,0.111589,-0.763320,-0.012916,0.904950,-0.845370,-0.118008,0.524095,-0.982816,-0.124233,0.110233,-0.963347,-0.282233,0.018227,0.286805,-0.863895,0.223626
-0.831398,-0.045923,0.922735,-0.815730,-0.033225,1.016754,-0.796304,-0.031903,1.119505,-0.782915,-0.022151,1.213571,-0.770246,-0.013141,1.307699,-0.746983,-0.013998,1.441872,-0.728280,-0.025411,1.539676,-0.785929,-0.027017,1.387774,-0.926885,-0.082013,1.389488,-0.990683,-0.105935,1.118372,-1.052672,-0.102757,0.887436,-0.728730,-0.000533,1.378026,-0.601731,0.069459,1.334710,-0.637171,0.083227,1.057686,-0.697153,0.114293,0.828457,-0.905194,-0.070816,0.939046,-1.002963,-0.228690,0.580774,-1.156688,0.042068,0.275848,-1.235418,0.006002,0.111666,-0.757396,-0.020863,0.907641,-0.840707,-0.120679,0.525639,-0.980696,-0.125476,0.112599,-0.963288,-0.282356,0.018614,0.289532,-0.844274,0.220749
-0.823674,-0.057244,0.925357,-0.808360,-0.044072,1.019369,-0.789177,-0.042471,1.122161,-0.776709,-0.032889,1.216370,-0.765142,-0.024257,1.310676,-0.742938,-0.025536,1.445025,-0.723921,-0.036998,1.542763,-0.780585,-0.040026,1.390454,-0.917828,-0.103852,1.390176,-0.980879,-0.119784,1.118299,-1.045027,-0.111406,0.888191,-0.724833,-0.010326,1.381513,-0.601950,0.067782,1.340065,-0.634022,0.080806,1.062593,-0.694118,0.107744,0.832873,-0.895849,-0.086438,0.941858,-0.980120,-0.254092,0.584615,-1.152010,-0.007242,0.268873,-1.233016,-0.060964,0.110412,-0.751301,-0.027874,0.910072,-0.836284,-0.122518,0.527121,-0.978613,-0.126703,0.114879,-0.963216,-0.282495,0.019036,0.297629,-0.818194,0.215237
-0.815725,-0.068231,0.927588,-0.800805,-0.054661,1.021606,-0.781779,-0.052837,1.124424,-0.770089,-0.043509,1.218763,-0.759422,-0.035341,1.313221,-0.737956,-0.037127,1.447689,-0.718544,-0.048619,1.545343,-0.774386,-0.052942,1.392714,-0.907452,-0.125256,1.390520,-0.970450,-0.134128,1.118213,-1.036304,-0.121926,0.888806,-0.720253,-0.020135,1.384506,-0.602004,0.065838,1.344947,-0.631099,0.078630,1.067118,-0.690821,0.101732,0.836873,-0.885998,-0.101684,0.944220,-0.955819,-0.276858,0.587469,-1.142631,-0.056944,0.260430,-1.221837,-0.128544,0.108346,-0.745259,-0.034595,0.912170,-0.832379,-0.124184,0.528486,-0.976896,-0.127977,0.117005,-0.963111,-0.282648,0.019391,0.315235,-0.787709,0.198398
-0.807567,-0.079070,0.929363,-0.793078,-0.065174,1.023401,-0.774069,-0.063199,1.126220,-0.762938,-0.054236,1.220662,-0.752878,-0.046649,1.315237,-0.731687,-0.049080,1.449740,-0.711765,-0.060592,1.547290,-0.767059,-0.065973,1.394463,-0.895378,-0.146229,1.390353,-0.959452,-0.149463,1.118154,-1.026228,-0.134518,0.889120,-0.714736,-0.030227,1.386874,-0.601736,0.063232,1.349217,-0.628430,0.076484,1.071161,-0.686989,0.096273,0.840303,-0.875593,-0.116782,0.946072,-0.929867,-0.296952,0.589115,-1.128022,-0.107242,0.250352,-1.200973,-0.197983,0.105987,-0.739356,-0.041174,0.913867,-0.829358,-0.125664,0.529708,-0.975766,-0.129283,0.118886,-0.962970,-0.282811,0.019638,0.348089,-0.750450,0.161567
-0.799185,-0.089575,0.930747,-0.785165,-0.075429,1.024819,-0.766089,-0.073359,1.127623,-0.755373,-0.064845,1.222153,-0.745719,-0.057924,1.316820,-0.724482,-0.061085,1.451301,-0.703969,-0.072599,1.548730,-0.758876,-0.078912,1.395792,-0.881986,-0.166767,1.389841,-0.947829,-0.165292,1.118082,-1.015073,-0.148981,0.889295,-0.708537,-0.040334,1.388748,-0.601303,0.060359,1.353015,-0.625988,0.074583,1.074823,-0.682895,0.091350,0.843317,-0.864683,-0.131506,0.947473,-0.902457,-0.314409,0.589774,-1.108711,-0.157932,0.238805,-1.171332,-0.268036,0.102816,-0.733506,-0.047464,0.915232,-0.826855,-0.126970,0.530813,-0.975003,-0.130636,0.120611,-0.962798,-0.282987,0.019819,0.390453,-0.708786,0.113408
-0.790735,-0.099697,0.931858,-0.777200,-0.085392,1.025976,-0.757970,-0.083205,1.128749,-0.747496,-0.075086,1.223342,-0.738020,-0.068732,1.318067,-0.716393,-0.072418,1.452470,-0.695151,-0.083804,1.549755,-0.749922,-0.091225,1.396842,-0.867903,-0.185924,1.389724,-0.935361,-0.181216,1.118385,-1.002560,-0.165008,0.889618,-0.701652,-0.050006,1.390198,-0.600263,0.057246,1.356180,-0.623656,0.072909,1.077958,-0.679059,0.086612,0.845889,-0.853612,-0.145553,0.948524,-0.874795,-0.329140,0.589804,-1.084073,-0.207259,0.227086,-1.131176,-0.332150,0.097806,-0.727683,-0.053663,0.916401,-0.824051,-0.128798,0.531819,-0.974279,-0.132135,0.122380,-0.962591,-0.283183,0.019966,0.429250,-0.671877,0.071222
-0.782400,-0.109402,0.932731,-0.769385,-0.095036,1.026913,-0.749888,-0.092677,1.129631,-0.739435,-0.084848,1.224252,-0.729834,-0.078893,1.318991,-0.707353,-0.082781,1.453245,-0.685178,-0.093853,1.550354,-0.740181,-0.102701,1.397666,-0.853289,-0.203256,1.390447,-0.921885,-0.197215,1.119388,-0.988753,-0.182866,0.890383,-0.694064,-0.059058,1.391211,-0.598491,0.053881,1.358643,-0.621352,0.071646,1.080505,-0.675551,0.082089,0.847986,-0.842591,-0.158801,0.949238,-0.846801,-0.340637,0.589157,-1.053733,-0.255394,0.215216,-1.078037,-0.389175,0.089530,-0.722042,-0.059826,0.917431,-0.820797,-0.131467,0.532769,-0.973604,-0.133867,0.124279,-0.962328,-0.283417,0.020076,0.456672,-0.643082,0.041556
-0.773998,-0.118725,0.933331,-0.761517,-0.104388,1.027590,-0.741668,-0.101834,1.130236,-0.731062,-0.094242,1.224858,-0.721109,-0.088587,1.319579,-0.697429,-0.092473,1.453628,-0.674183,-0.103100,1.550538,-0.729669,-0.113550,1.398212,-0.837985,-0.219209,1.391565,-0.907562,-0.213309,1.120764,-0.973588,-0.202287,0.891295,-0.685791,-0.067675,1.391800,-0.596112,0.050276,1.360473,-0.619159,0.070611,1.082525,-0.672300,0.077750,0.849642,-0.831409,-0.171372,0.949602,-0.818553,-0.349409,0.587881,-1.018066,-0.302167,0.203175,-1.014384,-0.440261,0.079414,-0.716428,-0.065899,0.918266,-0.817241,-0.134658,0.533622,-0.972969,-0.135746,0.126221,-0.962030,-0.283671,0.020151,0.480528,-0.619042,0.017863
-0.765139,-0.127721,0.933673,-0.753129,-0.113489,1.028010,-0.732908,-0.110738,1.130579,-0.722106,-0.103345,1.225194,-0.711762,-0.097917,1.319886,-0.686876,-0.101665,1.453722,-0.662560,-0.111766,1.550427,-0.718527,-0.123871,1.398463,-0.822140,-0.234166,1.392480,-0.892660,-0.229159,1.121926,-0.956590,-0.222165,0.891759,-0.676880,-0.075953,1.392067,-0.593069,0.046490,1.361719,-0.617200,0.069234,1.084059,-0.669613,0.073161,0.850930,-0.819774,-0.183337,0.949675,-0.791502,-0.356893,0.586477,-0.977574,-0.345318,0.192192,-0.945890,-0.482306,0.070701,-0.710351,-0.071926,0.918876,-0.813010,-0.138104,0.534272,-0.972015,-0.137614,0.128143,-0.961760,-0.283901,0.020227,0.511163,-0.598846,-0.002210
-0.755813,-0.136311,0.933793,-0.744171,-0.122291,1.028207,-0.723548,-0.119362,1.130691,-0.712504,-0.112142,1.225291,-0.701740,-0.106878,1.319945,-0.675669,-0.110359,1.453559,-0.650291,-0.119863,1.550050,-0.706711,-0.133649,1.398430,-0.805716,-0.248163,1.393114,-0.877176,-0.244589,1.122782,-0.937084,-0.242392,0.891538,-0.667279,-0.083887,1.392043,-0.589349,0.042552,1.362347,-0.615727,0.067571,1.085101,-0.667693,0.068206,0.851845,-0.807690,-0.194605,0.949491,-0.766225,-0.363269,0.585185,-0.931463,-0.385121,0.182626,-0.872010,-0.513709,0.064303,-0.703789,-0.077838,0.919300,-0.807873,-0.141841,0.534694,-0.970553,-0.139378,0.130039,-0.961556,-0.284084,0.020339,0.552643,-0.583896,-0.016241
-0.746030,-0.144574,0.933655,-0.734692,-0.130842,1.028148,-0.713650,-0.127732,1.130541,-0.702318,-0.120649,1.225118,-0.691095,-0.115476,1.319723,-0.663833,-0.118554,1.453108,-0.637394,-0.127380,1.549378,-0.694264,-0.142899,1.398102,-0.788751,-0.261166,1.393545,-0.861114,-0.259775,1.123423,-0.915745,-0.263076,0.890868,-0.657039,-0.091482,1.391697,-0.584965,0.038432,1.362391,-0.614490,0.065568,1.085657,-0.666337,0.063001,0.852393,-0.795152,-0.205267,0.949015,-0.742143,-0.368358,0.583766,-0.880527,-0.421301,0.174118,-0.793289,-0.536071,0.059308,-0.696765,-0.083703,0.919500,-0.802062,-0.145833,0.534914,-0.968773,-0.141132,0.131914,-0.961379,-0.284242,0.020451,0.600903,-0.572790,-0.026651
-0.735424,-0.152810,0.933168,-0.724370,-0.139329,1.027731,-0.702997,-0.135990,1.130049,-0.691467,-0.128983,1.224608,-0.679907,-0.123836,1.319174,-0.651696,-0.126423,1.452377,-0.624319,-0.134504,1.548452,-0.681451,-0.151761,1.397425,-0.771514,-0.273452,1.393408,-0.844748,-0.274908,1.123535,-0.894115,-0.283431,0.889862,-0.646365,-0.098851,1.391029,-0.579899,0.034106,1.362004,-0.612863,0.062488,1.085777,-0.665230,0.057451,0.852662,-0.781854,-0.215671,0.948208,-0.718969,-0.373058,0.581999,-0.827645,-0.450774,0.166828,-0.717032,-0.551086,0.056229,-0.688856,-0.089771,0.919335,-0.795899,-0.149713,0.534903,-0.966876,-0.142995,0.133722,-0.961180,-0.284401,0.020490,0.654093,-0.560408,-0.043049
-0.724026,-0.161157,0.932386,-0.713182,-0.147809,1.026994,-0.691551,-0.144151,1.129248,-0.679915,-0.137136,1.223794,-0.668158,-0.131941,1.318335,-0.639288,-0.133969,1.451409,-0.611106,-0.141227,1.547317,-0.668298,-0.160211,1.396413,-0.754106,-0.284982,1.392630,-0.828381,-0.290166,1.123112,-0.872708,-0.303177,0.888636,-0.635245,-0.105985,1.390073,-0.574043,0.029552,1.361250,-0.610772,0.057949,1.085511,-0.664428,0.051467,0.852709,-0.767835,-0.225943,0.947191,-0.697002,-0.377900,0.580039,-0.771406,-0.471882,0.161217,-0.643616,-0.557275,0.056232,-0.680081,-0.096194,0.918791,-0.789882,-0.153161,0.534711,-0.965066,-0.144957,0.135356,-0.960943,-0.284559,0.020377,0.711230,-0.546706,-0.069944
-0.711805,-0.169476,0.931255,-0.701150,-0.156227,1.025900,-0.679352,-0.152200,1.128104,-0.667697,-0.145117,1.222643,-0.655866,-0.139808,1.317170,-0.626578,-0.141189,1.450161,-0.597715,-0.147558,1.545928,-0.654778,-0.168273,1.395052,-0.736427,-0.295796,1.391284,-0.811711,-0.305372,1.122160,-0.851010,-0.322595,0.887074,-0.623690,-0.112894,1.388794,-0.567506,0.024791,1.360065,-0.608291,0.052334,1.084810,-0.663877,0.045138,0.852478,-0.753056,-0.235958,0.945842,-0.675941,-0.382353,0.577732,-0.713220,-0.486283,0.156824,-0.572664,-0.556116,0.058150,-0.670422,-0.102820,0.917882,-0.783513,-0.156496,0.534289,-0.963140,-0.147029,0.136922,-0.960684,-0.284717,0.020191,0.773298,-0.531728,-0.102827
-0.698306,-0.177648,0.929521,-0.688021,-0.164597,1.024231,-0.666296,-0.160234,1.126436,-0.654841,-0.153075,1.220992,-0.643162,-0.147612,1.315527,-0.613807,-0.148254,1.448505,-0.584473,-0.153709,1.544187,-0.641070,-0.176156,1.393253,-0.718439,-0.306288,1.389225,-0.794111,-0.320181,1.120380,-0.829029,-0.341741,0.884947,-0.611937,-0.119714,1.387098,-0.560586,0.019853,1.358411,-0.605019,0.046060,1.083576,-0.663094,0.038636,0.851879,-0.737088,-0.245679,0.943748,-0.654600,-0.385729,0.574399,-0.660199,-0.495869,0.152431,-0.510360,-0.553741,0.059003,-0.659398,-0.109446,0.916512,-0.775620,-0.160308,0.533456,-0.960692,-0.149360,0.138689,-0.960394,-0.284911,0.020096,0.841393,-0.510492,-0.137780
-0.683238,-0.185717,0.927113,-0.673606,-0.173036,1.021940,-0.652280,-0.168397,1.124216,-0.641307,-0.161153,1.218823,-0.630065,-0.155471,1.313397,-0.601058,-0.155224,1.446453,-0.571511,-0.159753,1.542119,-0.627243,-0.183938,1.391029,-0.700197,-0.316586,1.386361,-0.775477,-0.334515,1.117639,-0.807088,-0.360644,0.882174,-0.600040,-0.126516,1.384986,-0.553199,0.014665,1.356269,-0.600704,0.039003,1.081776,-0.662071,0.031965,0.850944,-0.719698,-0.255158,0.940747,-0.632757,-0.387359,0.569571,-0.613868,-0.500575,0.148128,-0.458587,-0.551394,0.057917,-0.646658,-0.116115,0.914703,-0.766397,-0.164863,0.532454,-0.957948,-0.152081,0.140810,-0.960107,-0.285120,0.020045,0.924626,-0.475040,-0.175003
-0.666891,-0.193640,0.924103,-0.658093,-0.181429,1.019074,-0.637408,-0.176545,1.121473,-0.627135,-0.169209,1.216153,-0.616556,-0.163266,1.310790,-0.588247,-0.162037,1.443992,-0.558698,-0.165618,1.539698,-0.613229,-0.191541,1.388367,-0.681647,-0.326562,1.382784,-0.755912,-0.348452,1.114071,-0.784865,-0.379274,0.878835,-0.587945,-0.133230,1.382456,-0.545429,0.009300,1.353658,-0.595597,0.031288,1.079445,-0.660817,0.025122,0.849642,-0.701119,-0.264345,0.937002,-0.610632,-0.387910,0.563718,-0.572702,-0.500467,0.143824,-0.415461,-0.547830,0.055765,-0.632552,-0.122785,0.912433,-0.755650,-0.169895,0.531042,-0.954680,-0.155062,0.143132,-0.959790,-0.285364,0.020085,1.013886,-0.433329,-0.214296
-0.649686,-0.201161,0.920449,-0.641800,-0.189444,1.015562,-0.621896,-0.184347,1.118104,-0.612465,-0.176966,1.212866,-0.602713,-0.170820,1.307577,-0.575364,-0.168676,1.440967,-0.545971,-0.171302,1.536750,-0.599001,-0.198935,1.385136,-0.662590,-0.336237,1.378629,-0.735107,-0.361886,1.109779,-0.761394,-0.397598,0.874946,-0.575728,-0.139782,1.379409,-0.537836,0.004006,1.350605,-0.590052,0.023707,1.076589,-0.658881,0.018265,0.847796,-0.681615,-0.273055,0.932590,-0.587699,-0.388695,0.557563,-0.539228,-0.497630,0.138035,-0.381512,-0.545446,0.052191,-0.617654,-0.129126,0.909540,-0.741622,-0.175193,0.528314,-0.949801,-0.158063,0.145464,-0.959337,-0.285742,0.020522,1.082936,-0.404252,-0.251150
-0.631478,-0.208169,0.915809,-0.624520,-0.197008,1.011062,-0.605549,-0.191763,1.113770,-0.597145,-0.184413,1.208627,-0.588455,-0.178142,1.303426,-0.562461,-0.175182,1.437062,-0.533432,-0.176879,1.532977,-0.584593,-0.206154,1.381031,-0.643168,-0.345665,1.373744,-0.712949,-0.374811,1.104538,-0.736248,-0.415963,0.870325,-0.563401,-0.146189,1.375558,-0.530411,-0.001139,1.346877,-0.583890,0.016395,1.072950,-0.656112,0.011346,0.845202,-0.661049,-0.281201,0.927152,-0.563137,-0.389855,0.551061,-0.515318,-0.490983,0.129365,-0.358549,-0.545088,0.046260,-0.601812,-0.135005,0.905699,-0.723738,-0.181442,0.523743,-0.943147,-0.161355,0.147425,-0.959452,-0.285915,0.020736,1.120301,-0.403125,-0.299394
-0.612412,-0.214776,0.910526,-0.606459,-0.204195,1.005915,-0.588562,-0.198833,1.108811,-0.581328,-0.191561,1.203771,-0.573863,-0.185223,1.298671,-0.549487,-0.181513,1.432591,-0.520978,-0.182274,1.528676,-0.569971,-0.213164,1.376357,-0.623239,-0.354791,1.368280,-0.689551,-0.387232,1.098573,-0.709854,-0.434022,0.865153,-0.550953,-0.152434,1.371190,-0.523162,-0.006212,1.342707,-0.577290,0.009218,1.068787,-0.652661,0.004413,0.842064,-0.639559,-0.288871,0.921048,-0.537766,-0.391247,0.544257,-0.499101,-0.481608,0.119210,-0.344763,-0.545910,0.038907,-0.585177,-0.140556,0.901235,-0.702573,-0.187958,0.517856,-0.934881,-0.164669,0.149396,-0.959431,-0.286222,0.021346,1.137455,-0.414632,-0.345198
-0.593340,-0.221059,0.905578,-0.588543,-0.210892,1.001075,-0.571738,-0.205341,1.104146,-0.565617,-0.198177,1.199197,-0.559255,-0.191858,1.294184,-0.536269,-0.187530,1.428342,-0.508236,-0.187259,1.524567,-0.555010,-0.219836,1.371901,-0.602184,-0.363469,1.362832,-0.664932,-0.399062,1.092661,-0.682527,-0.450699,0.859989,-0.538417,-0.158397,1.367069,-0.516670,-0.011191,1.338818,-0.571135,0.002568,1.064875,-0.648529,-0.002220,0.838818,-0.617826,-0.296148,0.915430,-0.513522,-0.393762,0.538025,-0.487484,-0.474836,0.110273,-0.335258,-0.547773,0.032573,-0.568777,-0.145850,0.896955,-0.678088,-0.192481,0.511335,-0.924396,-0.166956,0.152323,-0.957057,-0.287773,0.024523,1.142584,-0.411722,-0.342564
-0.574154,-0.227177,0.900887,-0.570823,-0.217137,0.996450,-0.555190,-0.211273,1.099683,-0.550146,-0.204246,1.194805,-0.544743,-0.198072,1.289862,-0.522837,-0.193331,1.424191,-0.495209,-0.191859,1.520519,-0.539670,-0.226310,1.367536,-0.579654,-0.371937,1.357090,-0.639032,-0.410739,1.086600,-0.654155,-0.465875,0.854524,-0.525844,-0.164190,1.363072,-0.511402,-0.016156,1.334971,-0.565770,-0.003020,1.060962,-0.643698,-0.007838,0.835059,-0.595611,-0.303217,0.910294,-0.490690,-0.398469,0.532403,-0.480660,-0.473355,0.103182,-0.329555,-0.551408,0.028067,-0.552642,-0.151012,0.892709,-0.649308,-0.193893,0.503497,-0.911156,-0.166849,0.156003,-0.952413,-0.291564,0.032000,1.142613,-0.380798,-0.254387
-0.554963,-0.232972,0.896532,-0.553249,-0.222892,0.992132,-0.538806,-0.216643,1.095514,-0.534781,-0.209782,1.190695,-0.530216,-0.203841,1.285808,-0.509162,-0.198818,1.420261,-0.481893,-0.196048,1.516663,-0.523990,-0.232446,1.363390,-0.555997,-0.379956,1.351362,-0.611911,-0.421824,1.080593,-0.624851,-0.479669,0.849068,-0.513183,-0.169699,1.359322,-0.506891,-0.021026,1.331405,-0.560851,-0.008082,1.057301,-0.638186,-0.013156,0.831192,-0.573153,-0.309893,0.905644,-0.468984,-0.404299,0.527351,-0.478438,-0.474476,0.097308,-0.328133,-0.556084,0.024580,-0.536743,-0.155917,0.888648,-0.617209,-0.193312,0.495025,-0.895697,-0.165717,0.160639,-0.945415,-0.296599,0.042043,1.130616,-0.335457,-0.117772
-0.536942,-0.238051,0.893728,-0.536597,-0.227923,0.989349,-0.523047,-0.221281,1.092834,-0.519728,-0.214589,1.188058,-0.515662,-0.208885,1.283210,-0.494993,-0.203556,1.417709,-0.467901,-0.199512,1.514119,-0.507957,-0.237692,1.360628,-0.531646,-0.386665,1.347170,-0.583774,-0.430916,1.076024,-0.595268,-0.491363,0.845102,-0.500321,-0.174465,1.356943,-0.502320,-0.025536,1.329564,-0.556232,-0.013828,1.055420,-0.632051,-0.020008,0.828866,-0.551852,-0.315708,0.902652,-0.449487,-0.408930,0.523624,-0.477145,-0.475467,0.093478,-0.327533,-0.559462,0.022128,-0.522022,-0.160255,0.886033,-0.584678,-0.191834,0.488649,-0.879021,-0.166622,0.167794,-0.933596,-0.300999,0.051630,1.094000,-0.289441,0.001963
-0.520667,-0.242455,0.893104,-0.521391,-0.232273,0.988722,-0.508316,-0.225226,1.092246,-0.505241,-0.218699,1.187493,-0.501163,-0.213221,1.282660,-0.480136,-0.207527,1.417086,-0.452908,-0.202264,1.513399,-0.491502,-0.241954,1.359799,-0.506435,-0.391868,1.345144,-0.554247,-0.437392,1.073417,-0.565814,-0.500606,0.843229,-0.487221,-0.178409,1.356468,-0.497466,-0.029631,1.330249,-0.551832,-0.021249,1.056107,-0.625364,-0.029650,0.828858,-0.532306,-0.320670,0.902000,-0.432260,-0.411561,0.521756,-0.475923,-0.475359,0.092526,-0.326897,-0.560333,0.021017,-0.509038,-0.164104,0.885439,-0.552206,-0.189900,0.485299,-0.861984,-0.171057,0.179248,-0.917575,-0.304851,0.060695,1.013712,-0.249867,0.083103
-0.505562,-0.246144,0.894031,-0.507106,-0.235900,0.989631,-0.494210,-0.228439,1.093147,-0.491066,-0.222080,1.188401,-0.486638,-0.216833,1.283564,-0.464785,-0.210748,1.417842,-0.437238,-0.204292,1.513990,-0.474694,-0.245326,1.360354,-0.480530,-0.395760,1.344654,-0.523703,-0.441875,1.072250,-0.536081,-0.507749,0.842847,-0.473920,-0.181609,1.357365,-0.492552,-0.033366,1.332658,-0.547733,-0.029354,1.058573,-0.618054,-0.040824,0.830390,-0.513916,-0.324771,0.903006,-0.417243,-0.412993,0.521213,-0.475632,-0.475120,0.093616,-0.327082,-0.559904,0.020941,-0.497232,-0.167386,0.886291,-0.519304,-0.187068,0.484046,-0.843730,-0.177529,0.193220,-0.896733,-0.308068,0.069302,0.908805,-0.209617,0.147362
-0.491071,-0.248605,0.895843,-0.492950,-0.238437,0.991442,-0.479991,-0.230629,1.094921,-0.476639,-0.224444,1.190178,-0.471830,-0.219396,1.285333,-0.449261,-0.212846,1.419471,-0.421486,-0.205240,1.515471,-0.457726,-0.247544,1.361817,-0.454850,-0.398070,1.345323,-0.493463,-0.444842,1.072339,-0.505496,-0.513119,0.843632,-0.460417,-0.183840,1.359159,-0.487426,-0.036649,1.335836,-0.544032,-0.036379,1.061984,-0.609956,-0.051597,0.832777,-0.496293,-0.327525,0.904793,-0.405331,-0.413310,0.521139,-0.475178,-0.474925,0.095071,-0.327209,-0.559468,0.020993,-0.485879,-0.169557,0.888129,-0.487389,-0.183106,0.484830,-0.822696,-0.184625,0.205933,-0.866754,-0.308509,0.074627,0.823842,-0.161078,0.194571
-0.477077,-0.249460,0.898577,-0.478589,-0.239603,0.994214,-0.465280,-0.231591,1.097633,-0.461617,-0.225629,1.192892,-0.456509,-0.220777,1.288042,-0.433582,-0.213710,1.422096,-0.405781,-0.205035,1.518000,-0.440539,-0.248513,1.364306,-0.429575,-0.398643,1.347346,-0.463780,-0.446257,1.073917,-0.473659,-0.516793,0.845782,-0.446640,-0.185038,1.361996,-0.482193,-0.039570,1.339762,-0.541110,-0.041330,1.066384,-0.600942,-0.061393,0.836021,-0.479451,-0.328560,0.907314,-0.397747,-0.412200,0.521248,-0.474243,-0.474760,0.096301,-0.326935,-0.559366,0.020922,-0.474726,-0.170235,0.891078,-0.456609,-0.178094,0.488032,-0.798530,-0.192274,0.217114,-0.823026,-0.304510,0.074856,0.776399,-0.096515,0.221608
-0.463698,-0.249087,0.902196,-0.464356,-0.239679,0.997888,-0.450454,-0.231530,1.101219,-0.446344,-0.225798,1.196475,-0.440906,-0.221109,1.291615,-0.417730,-0.213451,1.425595,-0.389994,-0.203751,1.521419,-0.423192,-0.248328,1.367703,-0.404525,-0.397632,1.350527,-0.434401,-0.446156,1.076752,-0.440971,-0.518693,0.849099,-0.432662,-0.185267,1.365731,-0.476748,-0.042038,1.344457,-0.538585,-0.045201,1.071728,-0.591140,-0.070786,0.840119,-0.463376,-0.328248,0.910616,-0.393268,-0.409976,0.521827,-0.473146,-0.474639,0.097896,-0.326602,-0.559256,0.020980,-0.464026,-0.169802,0.895012,-0.426817,-0.171953,0.493271,-0.771585,-0.200546,0.227036,-0.770161,-0.297736,0.071803,0.748900,-0.023663,0.231594
-0.450724,-0.248103,0.905912,-0.450459,-0.239141,1.001650,-0.435907,-0.230771,1.104873,-0.431283,-0.225150,1.200112,-0.425455,-0.220474,1.295228,-0.401978,-0.212023,1.429105,-0.374325,-0.201252,1.524836,-0.406048,-0.247015,1.371180,-0.380087,-0.395226,1.353908,-0.405882,-0.445122,1.079964,-0.408050,-0.518911,0.852666,-0.418698,-0.184488,1.369457,-0.470627,-0.043693,1.349016,-0.535419,-0.049209,1.077044,-0.580772,-0.079567,0.844378,-0.447625,-0.327220,0.913956,-0.389122,-0.407656,0.522886,-0.471750,-0.474779,0.099946,-0.326352,-0.559393,0.021018,-0.453814,-0.168865,0.899102,-0.398996,-0.164209,0.499343,-0.741345,-0.208232,0.232739,-0.717679,-0.291041,0.068081,0.733179,0.041892,0.233723
-0.438247,-0.246629,0.909646,-0.437043,-0.238083,1.005411,-0.421798,-0.229352,1.108502,-0.416588,-0.223671,1.203706,-0.410286,-0.218801,1.298782,-0.386408,-0.209280,1.432513,-0.358847,-0.197342,1.528131,-0.389225,-0.244465,1.374658,-0.356408,-0.391335,1.357396,-0.378377,-0.443352,1.083520,-0.374792,-0.517415,0.856374,-0.404807,-0.182594,1.373046,-0.463590,-0.044361,1.353337,-0.531349,-0.054054,1.082255,-0.569596,-0.087695,0.848775,-0.432165,-0.325603,0.917242,-0.384560,-0.405562,0.524596,-0.469969,-0.475310,0.102623,-0.326274,-0.560029,0.021004,-0.444306,-0.167539,0.903283,-0.373700,-0.154038,0.506218,-0.707244,-0.215754,0.232608,-0.669748,-0.286455,0.064508,0.729676,0.095665,0.231906
-0.426176,-0.244545,0.913478,-0.423963,-0.236410,1.009259,-0.407968,-0.227234,1.112199,-0.402105,-0.221376,1.207354,-0.395268,-0.216161,1.302376,-0.370937,-0.205369,1.435932,-0.343487,-0.192218,1.531423,-0.372604,-0.240786,1.378217,-0.333341,-0.386049,1.361082,-0.351732,-0.440649,1.087453,-0.341303,-0.514236,0.860333,-0.390930,-0.179692,1.376627,-0.455877,-0.044216,1.357523,-0.526638,-0.059036,1.087438,-0.557854,-0.095211,0.853334,-0.417029,-0.323269,0.920568,-0.380331,-0.403372,0.526786,-0.467888,-0.476102,0.105755,-0.326281,-0.560912,0.020970,-0.435286,-0.165707,0.907618,-0.350375,-0.142264,0.513927,-0.669850,-0.222690,0.228258,-0.622200,-0.281948,0.060266,0.737951,0.142141,0.222232
-0.414031,-0.242107,0.916859,-0.410987,-0.234317,1.012651,-0.394329,-0.224628,1.115440,-0.387835,-0.218506,1.210538,-0.380439,-0.212851,1.305492,-0.355588,-0.200681,1.438833,-0.328232,-0.186336,1.534181,-0.356194,-0.236329,1.381267,-0.310824,-0.379821,1.364286,-0.326046,-0.437007,1.090979,-0.308516,-0.509566,0.863953,-0.377104,-0.176071,1.379674,-0.447743,-0.043420,1.360982,-0.521033,-0.063270,1.091858,-0.546484,-0.102025,0.857421,-0.401874,-0.320474,0.923475,-0.375903,-0.401146,0.528945,-0.465626,-0.476983,0.108922,-0.326252,-0.561538,0.020864,-0.426140,-0.163631,0.911470,-0.328349,-0.130887,0.521347,-0.630346,-0.226558,0.221584,-0.572053,-0.274284,0.055524,0.748512,0.179191,0.202162
-0.401612,-0.239414,0.919666,-0.398067,-0.231886,1.015466,-0.380918,-0.221614,1.118118,-0.373856,-0.215147,1.213154,-0.365883,-0.208966,1.308028,-0.340418,-0.195322,1.441107,-0.313114,-0.179801,1.536284,-0.340043,-0.231184,1.383679,-0.288847,-0.372726,1.366841,-0.301592,-0.432371,1.093920,-0.276696,-0.503286,0.867120,-0.363386,-0.171821,1.382074,-0.439287,-0.042056,1.363563,-0.514521,-0.066501,1.095349,-0.535728,-0.108292,0.860968,-0.386526,-0.317304,0.925873,-0.371116,-0.398926,0.530986,-0.463164,-0.477987,0.112062,-0.326140,-0.561656,0.020629,-0.416647,-0.161419,0.914687,-0.307480,-0.120626,0.528271,-0.589014,-0.226538,0.212634,-0.517717,-0.262571,0.049970,0.759745,0.201721,0.165961
-0.389120,-0.236368,0.922023,-0.385251,-0.229036,1.017824,-0.367698,-0.218112,1.120341,-0.360090,-0.211214,1.215304,-0.351516,-0.204411,1.310084,-0.325370,-0.189187,1.442862,-0.298101,-0.172507,1.537852,-0.324103,-0.225261,1.385583,-0.267420,-0.364690,1.368913,-0.278096,-0.426796,1.096455,-0.245578,-0.495513,0.869949,-0.349719,-0.166851,1.383940,-0.430409,-0.040041,1.365419,-0.507115,-0.068984,1.098077,-0.525344,-0.113857,0.864045,-0.371159,-0.313671,0.927853,-0.366132,-0.396671,0.532996,-0.460520,-0.479080,0.115236,-0.325994,-0.561517,0.020322,-0.407028,-0.158962,0.917421,-0.287912,-0.110761,0.534907,-0.545574,-0.223450,0.201360,-0.460782,-0.247702,0.043915,0.773264,0.214824,0.119365
-0.376673,-0.232927,0.923743,-0.372449,-0.225714,1.019536,-0.354480,-0.214084,1.121902,-0.346312,-0.206688,1.216780,-0.337128,-0.199200,1.311451,-0.310296,-0.182350,1.443896,-0.283087,-0.164595,1.538710,-0.308239,-0.218629,1.386769,-0.246518,-0.355952,1.370312,-0.254848,-0.420438,1.098338,-0.215305,-0.486794,0.872184,-0.335965,-0.161181,1.385081,-0.421062,-0.037299,1.366410,-0.498604,-0.070601,1.099814,-0.515543,-0.118169,0.866228,-0.355954,-0.309572,0.929230,-0.360903,-0.394318,0.534728,-0.457868,-0.479985,0.118216,-0.325840,-0.561377,0.020058,-0.397337,-0.156183,0.919486,-0.269398,-0.101134,0.540757,-0.500371,-0.217283,0.189507,-0.403037,-0.229122,0.038466,0.784418,0.231646,0.077042
-0.364382,-0.229145,0.924748,-0.359731,-0.221987,1.020527,-0.341312,-0.209603,1.122724,-0.332561,-0.201641,1.217504,-0.322758,-0.193400,1.312049,-0.295244,-0.174868,1.444126,-0.268127,-0.156119,1.538775,-0.292523,-0.211328,1.387147,-0.226255,-0.346565,1.370931,-0.231586,-0.413390,1.099459,-0.185977,-0.477373,0.873733,-0.322191,-0.154846,1.385405,-0.411303,-0.033840,1.366414,-0.488819,-0.071424,1.100377,-0.506535,-0.121242,0.867294,-0.341016,-0.305050,0.929918,-0.355608,-0.391873,0.536112,-0.455284,-0.480658,0.120887,-0.325685,-0.561313,0.019852,-0.387686,-0.153143,0.920808,-0.251716,-0.091413,0.545915,-0.452970,-0.207894,0.177255,-0.344478,-0.206278,0.033504,0.792600,0.255377,0.044791
-0.352136,-0.224968,0.925117,-0.347028,-0.217789,1.020872,-0.328146,-0.204595,1.122884,-0.318797,-0.196001,1.217553,-0.308366,-0.186945,1.311957,-0.280167,-0.166684,1.443634,-0.253167,-0.147023,1.538130,-0.276884,-0.203318,1.386808,-0.206518,-0.336477,1.370877,-0.208571,-0.405559,1.099928,-0.157495,-0.467004,0.874689,-0.308331,-0.147810,1.385004,-0.401074,-0.029654,1.365554,-0.477929,-0.071381,1.099949,-0.498110,-0.123063,0.867466,-0.326240,-0.300062,0.930003,-0.350067,-0.389331,0.537217,-0.452691,-0.481144,0.123362,-0.325522,-0.561247,0.019689,-0.377964,-0.149781,0.921463,-0.235089,-0.081929,0.550287,-0.403806,-0.195425,0.164424,-0.285109,-0.179723,0.029148,0.798416,0.282826,0.016813
-0.339725,-0.220199,0.924903,-0.334047,-0.212864,1.020612,-0.314648,-0.198809,1.122410,-0.304681,-0.189536,1.216952,-0.293627,-0.179647,1.311202,-0.264769,-0.157700,1.442468,-0.237939,-0.137284,1.536854,-0.260973,-0.194552,1.385817,-0.186936,-0.325763,1.370287,-0.185874,-0.396824,1.099831,-0.129706,-0.455502,0.875076,-0.294046,-0.139990,1.383962,-0.390157,-0.024626,1.364071,-0.466223,-0.070141,1.098852,-0.489850,-0.123034,0.866997,-0.311487,-0.294470,0.929553,-0.343695,-0.386614,0.538007,-0.450030,-0.481301,0.125758,-0.325355,-0.561198,0.019643,-0.367888,-0.145834,0.921487,-0.219946,-0.073519,0.553089,-0.354537,-0.180293,0.152214,-0.226728,-0.150564,0.026869,0.799035,0.317562,-0.009614
-0.327111,-0.214783,0.924048,-0.320655,-0.207115,1.019677,-0.300642,-0.192131,1.121221,-0.290015,-0.182138,1.215616,-0.278342,-0.171419,1.309700,-0.248873,-0.147870,1.440555,-0.222294,-0.126891,1.534890,-0.244589,-0.185007,1.384102,-0.167331,-0.314434,1.369133,-0.163379,-0.387146,1.099142,-0.102579,-0.442754,0.874793,-0.279145,-0.131370,1.382226,-0.378431,-0.018801,1.361931,-0.453579,-0.067530,1.097009,-0.481817,-0.120638,0.865770,-0.296700,-0.288200,0.928499,-0.336512,-0.383878,0.538507,-0.447425,-0.480996,0.128014,-0.325179,-0.561178,0.019783,-0.357438,-0.141267,0.920827,-0.206970,-0.066341,0.553873,-0.304690,-0.161850,0.140508,-0.168844,-0.117560,0.026949,0.785752,0.360204,-0.034329
-0.314332,-0.208776,0.922610,-0.306984,-0.200638,1.018136,-0.286305,-0.184674,1.119398,-0.274996,-0.173915,1.213630,-0.262709,-0.162349,1.307536,-0.232656,-0.137241,1.437967,-0.206381,-0.115855,1.532294,-0.227935,-0.174707,1.381735,-0.147881,-0.302479,1.367443,-0.141202,-0.376565,1.097887,-0.076145,-0.428872,0.873941,-0.263818,-0.121966,1.379849,-0.366016,-0.012136,1.359168,-0.440120,-0.063722,1.094497,-0.473948,-0.116393,0.863903,-0.281936,-0.281326,0.926911,-0.328497,-0.380967,0.538692,-0.444751,-0.480363,0.130190,-0.324999,-0.561175,0.020040,-0.346633,-0.136115,0.919537,-0.195478,-0.060238,0.553087,-0.254737,-0.140745,0.129422,-0.111948,-0.081951,0.029105,0.767271,0.410133,-0.057495
-0.301293,-0.202143,0.920824,-0.293137,-0.193477,1.016241,-0.271830,-0.176526,1.117214,-0.259875,-0.164964,1.211271,-0.246994,-0.152520,1.304985,-0.216350,-0.125856,1.434967,-0.190391,-0.104184,1.529316,-0.211265,-0.163674,1.378996,-0.128750,-0.289952,1.365434,-0.119761,-0.365077,1.096227,-0.050341,-0.414006,0.872847,-0.248294,-0.111735,1.377067,-0.353061,-0.004388,1.356128,-0.426501,-0.058906,1.091870,-0.465635,-0.111252,0.861997,-0.267234,-0.273939,0.925058,-0.318995,-0.377335,0.538446,-0.441573,-0.479663,0.132579,-0.324827,-0.561171,0.020281,-0.335247,-0.130228,0.917814,-0.183845,-0.055564,0.551294,-0.207746,-0.119334,0.120506,-0.059318,-0.048564,0.033960,0.766873,0.469065,-0.082316
-0.288176,-0.195100,0.918729,-0.279297,-0.185842,1.014026,-0.257345,-0.167864,1.114679,-0.244714,-0.155404,1.208529,-0.231178,-0.141973,1.302009,-0.199801,-0.113632,1.431453,-0.174136,-0.091803,1.525847,-0.194466,-0.151861,1.375816,-0.109771,-0.276777,1.363026,-0.099171,-0.352608,1.094064,-0.025015,-0.398066,0.871493,-0.232444,-0.100613,1.373799,-0.339463,0.004498,1.352873,-0.412832,-0.053286,1.089297,-0.456795,-0.105362,0.860238,-0.252883,-0.266312,0.922989,-0.308256,-0.372697,0.537626,-0.438224,-0.478896,0.135073,-0.324624,-0.561149,0.020477,-0.323359,-0.123760,0.915691,-0.171735,-0.053473,0.548455,-0.163390,-0.096898,0.114985,-0.010443,-0.018101,0.044502,0.798319,0.541112,-0.109784
-0.274798,-0.187431,0.916287,-0.265281,-0.177521,1.011455,-0.242722,-0.158511,1.111783,-0.229450,-0.145117,1.205415,-0.215281,-0.130667,1.298647,-0.183165,-0.100652,1.427528,-0.157803,-0.078787,1.521996,-0.177651,-0.139315,1.372264,-0.091111,-0.263029,1.360299,-0.079318,-0.339232,1.091495,-0.000320,-0.381141,0.869898,-0.216397,-0.088664,1.370127,-0.325325,0.014466,1.349341,-0.399004,-0.046659,1.086609,-0.447512,-0.098576,0.858441,-0.238594,-0.258171,0.920655,-0.296031,-0.367338,0.536374,-0.434371,-0.478063,0.137779,-0.324429,-0.561127,0.020657,-0.310889,-0.116556,0.913135,-0.159484,-0.052812,0.544608,-0.121995,-0.074157,0.111633,0.034167,0.010140,0.057744,0.847848,0.622163,-0.138907
-0.260511,-0.178460,0.913608,-0.250644,-0.167924,1.008675,-0.227775,-0.148022,1.108764,-0.214150,-0.133846,1.202234,-0.199629,-0.118565,1.295286,-0.167136,-0.087211,1.423764,-0.142138,-0.065365,1.518332,-0.161410,-0.126209,1.368821,-0.073428,-0.248986,1.357716,-0.060280,-0.325172,1.088980,0.023354,-0.363656,0.868444,-0.200772,-0.076046,1.366531,-0.311092,0.025589,1.345689,-0.385348,-0.038598,1.083843,-0.437421,-0.091403,0.856659,-0.223534,-0.248781,0.918187,-0.280913,-0.361561,0.535004,-0.428576,-0.477429,0.141310,-0.324370,-0.561138,0.020779,-0.297373,-0.107998,0.910240,-0.146476,-0.050479,0.540434,-0.087614,-0.055630,0.108314,0.069709,0.033433,0.065340,0.897457,0.701595,-0.169926
-0.244800,-0.167863,0.910372,-0.235007,-0.156672,1.005372,-0.212263,-0.136048,1.105346,-0.198704,-0.121295,1.198741,-0.184244,-0.105462,1.291714,-0.151908,-0.073268,1.420033,-0.127353,-0.051452,1.514724,-0.145913,-0.112450,1.365354,-0.056916,-0.234588,1.355204,-0.042201,-0.310402,1.086436,0.045843,-0.345494,0.867063,-0.185714,-0.062634,1.362872,-0.296781,0.038157,1.341738,-0.372034,-0.028942,1.080916,-0.426239,-0.084398,0.854869,-0.207222,-0.237842,0.915367,-0.262661,-0.356025,0.533483,-0.420753,-0.477576,0.145623,-0.324456,-0.561205,0.020102,-0.282263,-0.097735,0.906584,-0.132249,-0.045523,0.535641,-0.062220,-0.043402,0.104099,0.093152,0.050616,0.062886,0.949948,0.785134,-0.215583
-0.228180,-0.155964,0.906899,-0.218750,-0.144143,1.001859,-0.196427,-0.122940,1.101806,-0.183221,-0.107760,1.195181,-0.169105,-0.091563,1.288144,-0.137289,-0.058864,1.416462,-0.113237,-0.037132,1.511302,-0.130989,-0.098130,1.361997,-0.041382,-0.219895,1.352835,-0.024937,-0.294948,1.083944,0.067311,-0.326771,0.865824,-0.171079,-0.048553,1.359290,-0.282376,0.051881,1.337667,-0.358891,-0.017852,1.077912,-0.414250,-0.077006,0.853095,-0.190140,-0.225654,0.912412,-0.241517,-0.350071,0.531843,-0.410989,-0.477922,0.150761,-0.324677,-0.561305,0.019367,-0.266107,-0.086118,0.902589,-0.117263,-0.038896,0.530521,-0.043841,-0.035388,0.099917,0.107527,0.062852,0.054787,1.002519,0.867056,-0.263135
-0.211549,-0.143062,0.904262,-0.202569,-0.130883,0.999221,-0.180804,-0.109303,1.099208,-0.168090,-0.093868,1.192608,-0.154473,-0.077450,1.285603,-0.123400,-0.044425,1.414013,-0.099893,-0.022882,1.509032,-0.116724,-0.083701,1.359631,-0.026904,-0.205365,1.351294,-0.008135,-0.279106,1.082214,0.087856,-0.308255,0.865309,-0.157053,-0.034330,1.356682,-0.268274,0.065970,1.334167,-0.345740,-0.005393,1.075123,-0.401943,-0.068064,0.851458,-0.172896,-0.212380,0.910114,-0.216797,-0.342032,0.530491,-0.398111,-0.476992,0.157467,-0.325130,-0.561406,0.020756,-0.250093,-0.073584,0.899614,-0.102284,-0.030348,0.526630,-0.030615,-0.029854,0.096423,0.117125,0.070902,0.045917,1.028765,0.919564,-0.274589
-0.195142,-0.128848,0.902800,-0.186645,-0.116752,0.997814,-0.165590,-0.095089,1.097933,-0.153540,-0.079627,1.191413,-0.140641,-0.063160,1.284497,-0.110651,-0.030001,1.413124,-0.087761,-0.008829,1.508373,-0.103477,-0.069200,1.358619,-0.014193,-0.191294,1.350908,0.008528,-0.263001,1.081628,0.107995,-0.290400,0.866048,-0.143974,-0.019990,1.355368,-0.254628,0.080522,1.331185,-0.332808,0.008962,1.072389,-0.389574,-0.057221,0.849883,-0.155569,-0.197643,0.908646,-0.187286,-0.331508,0.529444,-0.381145,-0.474760,0.166144,-0.328112,-0.562525,0.025121,-0.234610,-0.059899,0.898165,-0.086955,-0.018849,0.524828,-0.023329,-0.026926,0.093822,0.121920,0.073623,0.036752,1.006963,0.923057,-0.224421
-0.178725,-0.113632,0.902174,-0.170797,-0.101888,0.997281,-0.150588,-0.080347,1.097600,-0.139343,-0.065029,1.191204,-0.127315,-0.048656,1.284421,-0.098633,-0.015542,1.413357,-0.076401,0.005154,1.508866,-0.090888,-0.054590,1.358598,-0.002538,-0.177386,1.351351,0.024729,-0.246507,1.081803,0.127210,-0.272753,0.867512,-0.131504,-0.005509,1.355028,-0.241286,0.095440,1.328774,-0.319867,0.024687,1.069870,-0.376889,-0.044828,0.848447,-0.138079,-0.181820,0.907834,-0.154200,-0.318898,0.528684,-0.361066,-0.471252,0.176388,-0.331326,-0.563646,0.031610,-0.219269,-0.045296,0.897736,-0.071632,-0.005430,0.524256,-0.021198,-0.026479,0.091908,0.121937,0.072159,0.026816,0.958836,0.897136,-0.138154
-0.162490,-0.098633,0.902437,-0.155181,-0.087250,0.997637,-0.135754,-0.065837,1.098141,-0.125196,-0.050676,1.191854,-0.113876,-0.034406,1.285182,-0.086242,-0.001326,1.414362,-0.064607,0.018972,1.510097,-0.077966,-0.040215,1.359369,0.010114,-0.163211,1.352322,0.039855,-0.229547,1.082298,0.144047,-0.254717,0.868702,-0.118808,0.008657,1.355593,-0.228191,0.109643,1.327778,-0.306055,0.040142,1.068344,-0.363606,-0.030782,0.847502,-0.120800,-0.166209,0.907945,-0.120491,-0.303727,0.528570,-0.339618,-0.465063,0.187729,-0.327976,-0.561678,0.039850,-0.204085,-0.030916,0.898164,-0.058148,0.007074,0.523888,-0.020001,-0.026404,0.090724,0.121545,0.070704,0.019558,0.923138,0.872813,-0.054364
-0.146464,-0.084183,0.903713,-0.139873,-0.073147,0.999003,-0.121096,-0.051844,1.099654,-0.110994,-0.036824,1.193441,-0.100050,-0.020633,1.286830,-0.072938,0.012497,1.416112,-0.051772,0.032553,1.512005,-0.064231,-0.026249,1.360945,0.024838,-0.148507,1.353697,0.053279,-0.211653,1.082795,0.157575,-0.235622,0.869077,-0.105489,0.022274,1.357163,-0.215355,0.122573,1.328742,-0.290679,0.054674,1.068169,-0.349552,-0.014791,0.847205,-0.103834,-0.151180,0.909157,-0.086248,-0.285251,0.529185,-0.317527,-0.455326,0.201119,-0.315906,-0.556512,0.051387,-0.189009,-0.017048,0.899510,-0.047119,0.017964,0.523386,-0.018604,-0.026154,0.090451,0.122089,0.070642,0.016931,0.919633,0.860668,0.015625
-0.130620,-0.069952,0.905878,-0.124796,-0.059269,1.001259,-0.106604,-0.038083,1.102041,-0.096843,-0.023217,1.195888,-0.086110,-0.007115,1.289316,-0.059260,0.026078,1.418635,-0.038502,0.045969,1.514651,-0.050162,-0.012519,1.363312,0.040558,-0.133536,1.355601,0.065626,-0.193292,1.083613,0.168725,-0.216139,0.869178,-0.091944,0.035574,1.359638,-0.202766,0.134788,1.331121,-0.274431,0.068935,1.068986,-0.334901,0.002854,0.847400,-0.087077,-0.136362,0.911291,-0.051383,-0.264214,0.530447,-0.294067,-0.442908,0.215607,-0.297273,-0.548259,0.064674,-0.174089,-0.003403,0.901713,-0.037929,0.027937,0.523089,-0.018142,-0.026277,0.090906,0.122223,0.070588,0.016981,0.928558,0.850120,0.083137
-0.115072,-0.056167,0.908622,-0.109869,-0.045643,1.004059,-0.092205,-0.024461,1.104936,-0.082762,-0.009685,1.198829,-0.072254,0.006347,1.292293,-0.045727,0.039588,1.421664,-0.025415,0.059340,1.517802,-0.036208,0.001157,1.366221,0.056104,-0.118644,1.358113,0.078163,-0.175785,1.085267,0.178834,-0.197687,0.869632,-0.078525,0.048796,1.362649,-0.190341,0.146888,1.334129,-0.258527,0.083248,1.070498,-0.319897,0.021378,0.847967,-0.070590,-0.121945,0.914075,-0.018591,-0.242375,0.532462,-0.268811,-0.429004,0.227869,-0.271744,-0.534159,0.074691,-0.159490,0.009750,0.904419,-0.030570,0.036253,0.522991,-0.017806,-0.026305,0.091582,0.122281,0.070584,0.017299,0.929378,0.840432,0.143571
-0.099899,-0.042968,0.912047,-0.095040,-0.032317,1.007491,-0.077810,-0.010970,1.108410,-0.068675,0.003811,1.202333,-0.058457,0.019809,1.295836,-0.032423,0.053083,1.425298,-0.012651,0.072737,1.521568,-0.022420,0.014834,1.369774,0.071198,-0.103935,1.361460,0.091468,-0.159746,1.088181,0.188173,-0.180738,0.870700,-0.065265,0.061999,1.366259,-0.177984,0.159020,1.337649,-0.243336,0.097698,1.072752,-0.304723,0.040918,0.848921,-0.054453,-0.108075,0.917621,0.010694,-0.220689,0.535447,-0.242175,-0.414535,0.237184,-0.238224,-0.512712,0.079379,-0.145285,0.022279,0.907725,-0.025420,0.042415,0.523076,-0.017361,-0.026065,0.092344,0.122350,0.070654,0.017135,0.907372,0.831813,0.201549
-0.085022,-0.030217,0.916051,-0.080361,-0.019242,1.011469,-0.063508,0.002383,1.112392,-0.054658,0.017232,1.206332,-0.044744,0.033216,1.299870,-0.019263,0.066509,1.429437,-0.000069,0.086089,1.525840,-0.008748,0.028456,1.373868,0.086117,-0.089305,1.365416,0.104962,-0.144561,1.091932,0.196471,-0.164821,0.872120,-0.052132,0.075122,1.370404,-0.165791,0.171037,1.341796,-0.228488,0.112200,1.075700,-0.289197,0.061337,0.850247,-0.038584,-0.094605,0.921818,0.037906,-0.198201,0.539186,-0.213742,-0.398580,0.244273,-0.197810,-0.485419,0.080798,-0.131400,0.034317,0.911535,-0.022101,0.046919,0.523361,-0.017041,-0.025730,0.093327,0.122341,0.070773,0.017238,0.877261,0.824054,0.252450
-0.070318,-0.017722,0.920008,-0.065907,-0.006302,1.015383,-0.049486,0.015671,1.116301,-0.040965,0.030621,1.210254,-0.031394,0.046596,1.303829,-0.006512,0.079878,1.433515,0.012132,0.099306,1.530057,0.004516,0.042037,1.377952,0.100517,-0.074791,1.369385,0.118166,-0.129707,1.095760,0.204254,-0.149942,0.873741,-0.039377,0.088224,1.374518,-0.153959,0.183102,1.346138,-0.214093,0.126816,1.078902,-0.273011,0.081447,0.851780,-0.022807,-0.081286,0.926057,0.064645,-0.173796,0.543138,-0.181834,-0.379572,0.247978,-0.153458,-0.454032,0.080108,-0.117771,0.045994,0.915205,-0.019463,0.050514,0.523884,-0.016744,-0.025353,0.094425,0.122323,0.070901,0.017449,0.862676,0.815801,0.277804
-0.055816,-0.005582,0.923916,-0.051741,0.006467,1.019225,-0.035844,0.028890,1.120127,-0.027724,0.043993,1.214091,-0.018563,0.059969,1.307706,0.005646,0.093199,1.437532,0.023788,0.112343,1.534225,0.017188,0.055581,1.382057,0.114140,-0.060459,1.373404,0.130889,-0.115154,1.099675,0.211405,-0.136349,0.875701,-0.027161,0.101330,1.378614,-0.142633,0.195299,1.350830,-0.200155,0.141605,1.082492,-0.255969,0.100669,0.853723,-0.007112,-0.068188,0.930378,0.091728,-0.146708,0.547289,-0.145302,-0.356818,0.247470,-0.105429,-0.418527,0.077006,-0.104466,0.057185,0.918691,-0.017478,0.053094,0.524766,-0.016476,-0.024913,0.095646,0.122305,0.071035,0.017777,0.877394,0.806261,0.263741
-0.041488,0.006302,0.927776,-0.037799,0.019102,1.023005,-0.022482,0.042045,1.123879,-0.014807,0.057334,1.217851,-0.006094,0.073315,1.311508,0.017396,0.106464,1.441487,0.035064,0.125244,1.538339,0.029452,0.069085,1.386151,0.127243,-0.046242,1.377437,0.143323,-0.100931,1.103668,0.218041,-0.123794,0.877860,-0.015325,0.114414,1.382680,-0.131669,0.207543,1.355717,-0.186671,0.156509,1.086337,-0.238268,0.119582,0.855873,0.008492,-0.055241,0.934742,0.118337,-0.117703,0.551654,-0.105294,-0.331011,0.243579,-0.053463,-0.378927,0.071795,-0.091417,0.068014,0.922039,-0.016175,0.054764,0.525886,-0.016230,-0.024431,0.096983,0.122278,0.071177,0.018212,0.907638,0.796227,0.224131
-0.027123,0.018414,0.930972,-0.023961,0.031833,1.026135,-0.009291,0.055219,1.127005,-0.002083,0.070644,1.220992,0.006195,0.086607,1.314692,0.029017,0.119668,1.444813,0.046244,0.138057,1.541820,0.041563,0.082558,1.389587,0.140264,-0.031978,1.380774,0.155558,-0.086602,1.106951,0.225038,-0.111538,0.879655,-0.003644,0.127458,1.386106,-0.120833,0.219744,1.359893,-0.173742,0.171414,1.089592,-0.220192,0.138727,0.857457,0.024163,-0.041986,0.938426,0.143621,-0.087967,0.555742,-0.063573,-0.302660,0.237633,0.000260,-0.337057,0.066543,-0.078365,0.078991,0.924739,-0.014495,0.056583,0.526928,-0.015879,-0.024015,0.098301,0.122275,0.071302,0.018565,0.935701,0.786726,0.182120
-0.012601,0.030927,0.933318,-0.010199,0.044717,1.028448,0.003718,0.068400,1.129355,0.010431,0.083869,1.223370,0.018301,0.099767,1.317116,0.040551,0.132726,1.447363,0.057376,0.150691,1.544519,0.053540,0.095935,1.392194,0.153274,-0.017690,1.383230,0.167549,-0.072044,1.109299,0.232707,-0.099526,0.881007,0.007895,0.140395,1.388738,-0.110100,0.231825,1.363135,-0.161569,0.186184,1.092080,-0.201711,0.158052,0.858228,0.040017,-0.028253,0.941220,0.167339,-0.057592,0.559464,-0.020236,-0.272140,0.229610,0.056116,-0.294155,0.061852,-0.065184,0.090286,0.926631,-0.012130,0.058805,0.527846,-0.015365,-0.023715,0.099586,0.122365,0.071380,0.018772,0.958441,0.776461,0.145697
0.001958,0.043668,0.934999,0.003460,0.057697,1.030113,0.016557,0.081601,1.131077,0.022752,0.097063,1.225129,0.030229,0.112873,1.318922,0.051956,0.145723,1.449284,0.068413,0.163237,1.546585,0.065364,0.109282,1.394144,0.166202,-0.003354,1.384990,0.179341,-0.057379,1.110938,0.240737,-0.087813,0.881994,0.019277,0.153291,1.390732,-0.099495,0.243863,1.365667,-0.149951,0.200956,1.093977,-0.182856,0.177610,0.858432,0.055937,-0.014213,0.943334,0.189731,-0.026485,0.562908,0.024813,-0.239075,0.219533,0.113728,-0.248982,0.057120,-0.051999,0.101728,0.927876,-0.009388,0.061177,0.528686,-0.014746,-0.023481,0.100852,0.122480,0.071439,0.018897,0.979000,0.766728,0.106873
0.016403,0.056606,0.935957,0.017052,0.070828,1.031054,0.029359,0.094940,1.132069,0.035065,0.110395,1.226153,0.042171,0.126130,1.319988,0.063392,0.158906,1.450452,0.079506,0.176013,1.547884,0.077235,0.122801,1.395304,0.179259,0.011264,1.385897,0.191168,-0.042542,1.111746,0.249065,-0.075828,0.882286,0.030683,0.166323,1.391939,-0.088851,0.255997,1.367262,-0.138387,0.216028,1.094965,-0.163999,0.198102,0.858038,0.071739,0.000079,0.944678,0.210665,0.004449,0.565847,0.070101,-0.202852,0.208798,0.169792,-0.199643,0.052615,-0.038922,0.113313,0.928445,-0.006131,0.063996,0.529274,-0.014068,-0.023276,0.102016,0.122457,0.071536,0.018941,0.989103,0.762437,0.064824
0.030699,0.069691,0.936116,0.030589,0.084108,1.031186,0.042151,0.108449,1.132234,0.047405,0.123917,1.226343,0.054157,0.139598,1.320212,0.074864,0.172344,1.450767,0.090656,0.189109,1.548311,0.089186,0.136552,1.395560,0.192517,0.026260,1.385820,0.203046,-0.027555,1.111617,0.257710,-0.063378,0.881731,0.042126,0.179526,1.392243,-0.078168,0.268229,1.367747,-0.126893,0.231483,1.094852,-0.145167,0.219902,0.856924,0.087422,0.014624,0.945180,0.229951,0.035231,0.568232,0.115732,-0.163154,0.197370,0.223820,-0.145020,0.047907,-0.026022,0.124941,0.928261,-0.002169,0.067465,0.529483,-0.013343,-0.023113,0.103002,0.122186,0.071726,0.018913,0.982629,0.764011,0.016896
0.044881,0.082974,0.935552,0.044060,0.097540,1.030594,0.054908,0.122096,1.131668,0.059738,0.137577,1.225798,0.066159,0.153218,1.319697,0.086366,0.185968,1.450328,0.101862,0.202436,1.547970,0.101184,0.150477,1.395028,0.205906,0.041538,1.384891,0.214960,-0.012396,1.110657,0.266653,-0.050656,0.880481,0.053592,0.192864,1.391760,-0.067446,0.280557,1.367295,-0.115453,0.247238,1.093829,-0.126334,0.242635,0.855211,0.102985,0.029420,0.944911,0.247779,0.065840,0.570111,0.161601,-0.120299,0.185284,0.276300,-0.086231,0.043426,-0.013231,0.136711,0.927401,0.002308,0.071380,0.529440,-0.012559,-0.022978,0.103886,0.121777,0.071953,0.018804,0.965699,0.771027,-0.034257
0.058902,0.096571,0.934429,0.057468,0.111190,1.029457,0.067686,0.135909,1.130558,0.072149,0.151393,1.224706,0.078282,0.167011,1.318628,0.098040,0.199815,1.449315,0.113268,0.216047,1.547038,0.113325,0.164598,1.393920,0.219423,0.057040,1.383340,0.227096,0.003069,1.109069,0.275778,-0.037662,0.878671,0.065221,0.206409,1.390697,-0.056518,0.293115,1.366198,-0.103512,0.263347,1.092151,-0.107799,0.265888,0.853222,0.118246,0.044412,0.943997,0.264590,0.095314,0.571405,0.205927,-0.074623,0.174042,0.325381,-0.024740,0.040729,-0.000459,0.148915,0.926071,0.006865,0.075424,0.529350,-0.011726,-0.022791,0.104809,0.121391,0.072106,0.018594,0.948408,0.787120,-0.081492
0.072673,0.110458,0.932721,0.070733,0.124988,1.027755,0.080425,0.149805,1.128884,0.084593,0.165290,1.223045,0.090499,0.180928,1.316980,0.109883,0.213887,1.447683,0.124888,0.229973,1.545466,0.125592,0.178906,1.392210,0.233051,0.072763,1.381133,0.239550,0.018827,1.106821,0.285034,-0.024426,0.876231,0.077004,0.220151,1.389018,-0.045393,0.305896,1.364421,-0.090838,0.279915,1.089745,-0.089676,0.289779,0.850966,0.133064,0.059524,0.942391,0.280374,0.123449,0.572144,0.248252,-0.025842,0.163783,0.370706,0.039667,0.040542,0.012256,0.161576,0.924264,0.011304,0.079326,0.529214,-0.010862,-0.022598,0.105717,0.121062,0.072117,0.018210,0.934353,0.815370,-0.124253
0.086281,0.124660,0.930455,0.083935,0.139004,1.025507,0.093185,0.163866,1.126666,0.097114,0.179342,1.220838,0.102837,0.195018,1.314777,0.121897,0.228182,1.445477,0.136708,0.244184,1.543303,0.138003,0.193410,1.389925,0.246807,0.088709,1.378305,0.252226,0.034890,1.103945,0.294472,-0.010920,0.873231,0.088951,0.234100,1.386758,-0.034061,0.318908,1.361999,-0.077663,0.296836,1.086684,-0.071851,0.314189,0.848435,0.147578,0.074832,0.940139,0.295143,0.150449,0.572297,0.289034,0.025760,0.154369,0.412633,0.106777,0.042139,0.024953,0.174670,0.921986,0.015824,0.083357,0.529032,-0.009949,-0.022352,0.106663,0.120757,0.072054,0.017724,0.919937,0.852697,-0.163097
0.099947,0.139371,0.927876,0.097315,0.153513,1.022951,0.106206,0.178368,1.124144,0.109938,0.193792,1.218333,0.115491,0.209454,1.312284,0.134229,0.242732,1.443001,0.148836,0.258639,1.540872,0.150707,0.208177,1.387366,0.260743,0.104830,1.375190,0.265025,0.051430,1.100730,0.304136,0.002940,0.870009,0.101236,0.248357,1.384233,-0.022332,0.332311,1.359325,-0.064138,0.313852,1.083449,-0.054279,0.338341,0.845931,0.162025,0.090506,0.937511,0.309369,0.175970,0.571694,0.327869,0.078986,0.146877,0.450385,0.174483,0.044899,0.037832,0.188413,0.919459,0.020584,0.088004,0.529002,-0.008934,-0.021837,0.107950,0.120538,0.072009,0.017343,0.904467,0.893499,-0.192553
0.113595,0.154625,0.924948,0.110862,0.168563,1.020050,0.119515,0.193354,1.121280,0.123105,0.208676,1.215492,0.128508,0.224261,1.309465,0.146923,0.257542,1.440228,0.161310,0.273336,1.538151,0.163752,0.223199,1.384503,0.274873,0.121077,1.371817,0.277777,0.068601,1.097165,0.313921,0.017144,0.866610,0.113913,0.262927,1.381416,-0.010153,0.346101,1.356366,-0.050169,0.330932,1.080027,-0.036850,0.362172,0.843460,0.176316,0.106555,0.934441,0.323350,0.199515,0.570223,0.365345,0.134838,0.141747,0.483556,0.243704,0.048374,0.050835,0.202871,0.916676,0.025242,0.093053,0.529297,-0.007826,-0.021097,0.109615,0.120452,0.072022,0.017158,0.882736,0.938178,-0.211306
0.127300,0.170387,0.921708,0.124587,0.184107,1.016842,0.133086,0.208782,1.118114,0.136575,0.223956,1.212353,0.141840,0.239413,1.306356,0.159935,0.272607,1.437186,0.174092,0.288278,1.535162,0.177089,0.238483,1.381366,0.289184,0.137497,1.368158,0.290651,0.086249,1.093262,0.323931,0.031700,0.862989,0.126928,0.277807,1.378334,0.002424,0.360282,1.353156,-0.035849,0.348107,1.076431,-0.019674,0.385744,0.841016,0.190539,0.122970,0.930995,0.336790,0.221581,0.567995,0.400873,0.192315,0.138541,0.512553,0.313520,0.053014,0.064021,0.217977,0.913644,0.030141,0.098719,0.529745,-0.006617,-0.020088,0.111620,0.120453,0.072054,0.017077,0.859952,0.986332,-0.220671
0.141498,0.186743,0.918514,0.138767,0.200277,1.013674,0.147085,0.224796,1.114998,0.150437,0.239763,1.209275,0.155533,0.255004,1.303321,0.173273,0.287951,1.434261,0.187175,0.303437,1.532303,0.190726,0.254107,1.378340,0.303682,0.154179,1.364461,0.304059,0.104085,1.089343,0.334524,0.046725,0.859354,0.140286,0.293080,1.375376,0.015437,0.375028,1.350181,-0.021608,0.365217,1.073184,-0.003032,0.408474,0.838886,0.205188,0.139907,0.927648,0.349266,0.243305,0.565176,0.432284,0.247215,0.137027,0.537826,0.379073,0.059541,0.077767,0.233750,0.910604,0.036473,0.106133,0.530025,-0.005226,-0.018463,0.114148,0.120459,0.072079,0.017027,0.851047,1.031151,-0.219129
0.156432,0.203541,0.915352,0.153592,0.216988,1.010522,0.161652,0.241346,1.111906,0.164794,0.256068,1.206229,0.169649,0.271012,1.300336,0.186957,0.303543,1.431438,0.200551,0.318772,1.529563,0.204671,0.270056,1.375436,0.318361,0.171089,1.360674,0.318184,0.121944,1.085382,0.345833,0.062159,0.855653,0.154012,0.308749,1.372531,0.028976,0.390457,1.347474,-0.007547,0.382182,1.070345,0.013056,0.430261,0.837132,0.220522,0.157236,0.924449,0.360411,0.264703,0.561521,0.459373,0.299361,0.138208,0.558907,0.440589,0.069873,0.092301,0.250014,0.907479,0.044544,0.115323,0.530071,-0.003822,-0.016375,0.117117,0.120449,0.072085,0.016999,0.866869,1.065511,-0.202939
0.171858,0.220933,0.912236,0.168872,0.234326,1.007409,0.176646,0.258481,1.108865,0.179544,0.272898,1.203244,0.184125,0.287460,1.297426,0.200967,0.319414,1.428732,0.214229,0.334324,1.526952,0.218916,0.286345,1.372643,0.333227,0.188261,1.356850,0.332842,0.139991,1.081406,0.357726,0.078060,0.851937,0.168083,0.324812,1.369811,0.042952,0.406450,1.345003,0.006436,0.399082,1.067855,0.028610,0.451206,0.835692,0.236282,0.175086,0.921350,0.370593,0.285759,0.557274,0.482344,0.348931,0.141082,0.576264,0.497841,0.082094,0.107396,0.266945,0.904345,0.054048,0.126262,0.529951,-0.002236,-0.013671,0.120609,0.120445,0.072084,0.017001,0.896570,1.096537,-0.175843
0.187483,0.239456,0.909563,0.184317,0.252686,1.004753,0.191812,0.276497,1.106309,0.194481,0.290474,1.200760,0.198820,0.304508,1.295032,0.215253,0.335676,1.426576,0.228228,0.350185,1.524894,0.233432,0.303103,1.370321,0.348314,0.205881,1.353402,0.347888,0.158433,1.077817,0.370162,0.094717,0.848563,0.182424,0.341346,1.367640,0.057127,0.422825,1.343164,0.020220,0.415989,1.066062,0.043417,0.471025,0.834666,0.252187,0.193996,0.918674,0.380500,0.307565,0.553332,0.499636,0.392256,0.142415,0.591760,0.545284,0.091179,0.122742,0.285078,0.901674,0.065262,0.139997,0.529546,0.000114,-0.009548,0.125060,0.120436,0.072087,0.016988,0.922537,1.138787,-0.147545
0.203257,0.259236,0.907518,0.199799,0.272165,1.002739,0.207003,0.295476,1.104434,0.209470,0.308870,1.198975,0.213634,0.322234,1.293354,0.229796,0.352414,1.425164,0.242572,0.366426,1.523580,0.248202,0.320409,1.368625,0.363575,0.224002,1.350436,0.363279,0.177236,1.074733,0.383169,0.112154,0.845635,0.197017,0.358432,1.366206,0.071449,0.439610,1.342109,0.033708,0.432976,1.065114,0.057375,0.489631,0.834118,0.268170,0.214075,0.916649,0.390132,0.330806,0.550160,0.509871,0.428019,0.141292,0.607367,0.579465,0.096140,0.138302,0.304552,0.899611,0.078431,0.156326,0.528996,0.003074,-0.004438,0.130765,0.120415,0.072102,0.016940,0.940915,1.203307,-0.117167
0.219230,0.280146,0.905916,0.215447,0.292666,1.001182,0.222366,0.315336,1.103043,0.224647,0.328011,1.197691,0.228667,0.340561,1.292191,0.244616,0.369543,1.424301,0.257237,0.382976,1.522818,0.263243,0.338182,1.367400,0.379058,0.242571,1.347848,0.379057,0.196433,1.072036,0.396720,0.130347,0.843048,0.211881,0.375988,1.365321,0.085972,0.456775,1.341685,0.046997,0.449969,1.064863,0.070585,0.507112,0.833984,0.284298,0.235214,0.915047,0.399489,0.354798,0.547292,0.514427,0.457537,0.138627,0.621113,0.603837,0.097966,0.154113,0.325229,0.898012,0.093309,0.175451,0.528163,0.006798,0.002090,0.137429,0.120390,0.072122,0.016877,0.955560,1.279052,-0.085586
0.235255,0.302353,0.904599,0.231355,0.314296,0.999932,0.238081,0.336125,1.101986,0.240211,0.347886,1.196752,0.244071,0.359420,1.291383,0.259719,0.386919,1.423838,0.272179,0.399709,1.522461,0.278582,0.356312,1.366539,0.394933,0.261621,1.345730,0.395210,0.216336,1.069779,0.410702,0.149509,0.840851,0.227005,0.393843,1.364850,0.100618,0.474053,1.341829,0.060260,0.466830,1.065216,0.083130,0.523449,0.834168,0.300484,0.257622,0.913514,0.409264,0.378576,0.544229,0.515873,0.481097,0.133934,0.628942,0.623216,0.094597,0.169975,0.347229,0.896914,0.109436,0.199028,0.526506,0.012338,0.012135,0.144593,0.120368,0.072135,0.016812,0.960421,1.347453,-0.065143
0.251291,0.326480,0.903493,0.247711,0.337616,0.998931,0.254437,0.358311,1.101216,0.256486,0.368870,1.196119,0.260142,0.379084,1.290901,0.275297,0.404663,1.423784,0.287563,0.416689,1.522524,0.294387,0.374939,1.366041,0.411296,0.281098,1.344313,0.411771,0.237079,1.068159,0.425047,0.169731,0.839245,0.242560,0.412146,1.364798,0.115570,0.491658,1.342660,0.073678,0.483618,1.066303,0.095166,0.538511,0.834713,0.316694,0.281890,0.911785,0.419720,0.402219,0.540624,0.513294,0.497300,0.125937,0.626360,0.638429,0.083074,0.185847,0.371208,0.896434,0.127106,0.227791,0.523726,0.020560,0.026383,0.151890,0.119967,0.071972,0.015354,0.947926,1.411939,-0.073745
0.267380,0.351903,0.902672,0.264326,0.362065,0.998238,0.271146,0.381426,1.100780,0.273149,0.390588,1.195830,0.276584,0.399279,1.290774,0.291159,0.422654,1.424129,0.303222,0.433852,1.522991,0.310489,0.393921,1.365907,0.428053,0.301055,1.343367,0.428706,0.258527,1.066979,0.439823,0.190921,0.838028,0.258375,0.430747,1.365161,0.130646,0.509374,1.344058,0.087070,0.500273,1.067995,0.106537,0.552431,0.835577,0.332962,0.307428,0.910124,0.430593,0.425648,0.536824,0.507604,0.507545,0.115912,0.617861,0.648648,0.066356,0.201771,0.396511,0.896455,0.146024,0.261004,0.520122,0.030596,0.044147,0.159686,0.119569,0.071802,0.013894,0.925647,1.469082,-0.093484
0.283502,0.376914,0.902199,0.280731,0.386066,0.997879,0.287514,0.404111,1.100666,0.289432,0.411903,1.195845,0.292672,0.419118,1.290926,0.306736,0.440389,1.424699,0.318612,0.450884,1.523664,0.326409,0.412727,1.366028,0.445091,0.321682,1.342296,0.445896,0.280586,1.065690,0.455117,0.213016,0.836641,0.273929,0.449032,1.365785,0.145232,0.526285,1.345596,0.100060,0.516474,1.069809,0.116856,0.565586,0.836535,0.349314,0.332667,0.908966,0.441779,0.447662,0.533375,0.504121,0.516314,0.107203,0.612880,0.656212,0.051258,0.217669,0.421288,0.896669,0.164852,0.298119,0.516060,0.040894,0.065466,0.168619,0.120333,0.072126,0.016619,0.910250,1.490019,-0.082974
0.299891,0.401203,0.901989,0.296955,0.409254,0.997759,0.303458,0.425960,1.100785,0.305203,0.432368,1.196065,0.308269,0.438114,1.291248,0.321925,0.457338,1.425367,0.333602,0.467262,1.524416,0.342149,0.430926,1.366276,0.462800,0.343274,1.340470,0.463595,0.303279,1.063698,0.470944,0.236041,0.834479,0.289177,0.466492,1.366568,0.159117,0.541546,1.347057,0.112106,0.532062,1.071559,0.125509,0.578171,0.837455,0.366013,0.357367,0.908344,0.453519,0.467624,0.530204,0.505654,0.525368,0.100821,0.616307,0.661339,0.039605,0.233740,0.445152,0.896873,0.182830,0.340578,0.510968,0.050237,0.091025,0.179336,0.122224,0.070195,0.026910,0.918816,1.450509,-0.011211
0.316313,0.425080,0.902128,0.312968,0.431994,0.997972,0.319062,0.447379,1.101227,0.320594,0.452429,1.196589,0.323511,0.456753,1.291848,0.336831,0.474031,1.426261,0.348324,0.483509,1.525374,0.357706,0.448950,1.366779,0.480791,0.365535,1.338520,0.481550,0.326583,1.061597,0.487290,0.259971,0.832148,0.304164,0.483635,1.367613,0.172513,0.556001,1.348658,0.123750,0.547196,1.073431,0.133110,0.589992,0.838468,0.382797,0.381768,0.908225,0.465572,0.486172,0.527384,0.509394,0.532946,0.095756,0.623251,0.663810,0.029572,0.249785,0.468490,0.897269,0.200718,0.386937,0.505417,0.059841,0.120138,0.191189,0.125276,0.068757,0.041386,0.934263,1.374795,0.090802
0.332045,0.447775,0.902935,0.328207,0.453798,0.998826,0.333886,0.468222,1.102250,0.335239,0.472289,1.197671,0.338077,0.475604,1.292980,0.351197,0.491558,1.427587,0.362620,0.500878,1.526722,0.372603,0.467554,1.367815,0.497779,0.387779,1.337743,0.498878,0.350340,1.060624,0.504196,0.284669,0.830902,0.318508,0.501365,1.369078,0.185435,0.571267,1.350623,0.136247,0.562034,1.075502,0.141124,0.600850,0.839745,0.398893,0.405019,0.908952,0.477101,0.504018,0.525677,0.512222,0.538258,0.092322,0.628477,0.665297,0.022498,0.265142,0.490614,0.898157,0.219453,0.432316,0.501476,0.071797,0.150789,0.202879,0.130751,0.076552,0.054088,0.922010,1.306739,0.171431
0.346985,0.468642,0.904598,0.342437,0.474147,1.000491,0.347653,0.488173,1.103999,0.348851,0.491851,1.199443,0.351705,0.494819,1.294770,0.364851,0.510442,1.429421,0.376393,0.520052,1.528514,0.386553,0.487091,1.369516,0.513115,0.409730,1.338717,0.515218,0.374679,1.061307,0.521830,0.309966,0.831326,0.331962,0.520098,1.371028,0.197841,0.588138,1.353045,0.150539,0.576338,1.077740,0.150154,0.610446,0.841251,0.414194,0.426485,0.910864,0.488269,0.522323,0.525821,0.512743,0.540307,0.091150,0.629665,0.666026,0.019820,0.279711,0.510869,0.899572,0.240039,0.474878,0.499715,0.087271,0.181886,0.214763,0.138808,0.096023,0.063515,0.850560,1.265814,0.206567
0.361236,0.488326,0.906930,0.355893,0.493559,1.002796,0.360640,0.507549,1.106329,0.361716,0.511210,1.201773,0.364656,0.514246,1.297092,0.377967,0.530161,1.431688,0.389741,0.540349,1.530696,0.399842,0.507210,1.371750,0.527449,0.431663,1.340864,0.530933,0.399471,1.063119,0.540026,0.336032,0.832836,0.344772,0.539418,1.373399,0.209774,0.605819,1.355831,0.165683,0.590347,1.080175,0.159597,0.619078,0.843021,0.428808,0.446802,0.913621,0.498912,0.539927,0.527079,0.512354,0.540089,0.091610,0.629136,0.665771,0.020102,0.293591,0.529910,0.901479,0.261472,0.516460,0.499566,0.105097,0.214520,0.226484,0.149289,0.124727,0.071168,0.751410,1.232548,0.220321
0.374386,0.507991,0.909689,0.368709,0.513106,1.005542,0.373247,0.527153,1.109074,0.374335,0.530863,1.204512,0.377396,0.534002,1.299821,0.390806,0.550231,1.434366,0.402811,0.560974,1.533289,0.412852,0.527615,1.374399,0.541447,0.453711,1.343744,0.546228,0.424169,1.065708,0.558328,0.363246,0.834936,0.357301,0.558981,1.376158,0.221381,0.623540,1.358930,0.180104,0.604932,1.082985,0.169097,0.627451,0.845321,0.442290,0.467023,0.916547,0.507705,0.554060,0.527999,0.512120,0.539800,0.092124,0.628613,0.665537,0.020365,0.306409,0.549014,0.904071,0.281681,0.557683,0.501393,0.123862,0.249949,0.235667,0.162981,0.164070,0.075592,0.684469,1.192386,0.233392
0.386022,0.528255,0.913031,0.380823,0.533362,1.008909,0.385597,0.547461,1.112423,0.386930,0.551169,1.207858,0.390168,0.554315,1.303160,0.403551,0.570678,1.437692,0.415763,0.581817,1.536546,0.425785,0.548364,1.377650,0.555387,0.476008,1.347525,0.561157,0.448787,1.069269,0.576711,0.391886,0.837685,0.369727,0.578801,1.379529,0.232723,0.641063,1.362561,0.193171,0.620639,1.086470,0.178520,0.635611,0.848473,0.454208,0.487709,0.919531,0.513720,0.562819,0.527842,0.512362,0.540155,0.092029,0.628660,0.665650,0.019528,0.317770,0.568861,0.907770,0.299719,0.599317,0.505840,0.142798,0.288825,0.242141,0.180528,0.216967,0.075704,0.687268,1.128699,0.260590
0.396557,0.548499,0.916799,0.392297,0.553751,1.012717,0.397567,0.567997,1.116187,0.399278,0.571768,1.211613,0.402729,0.574956,1.306907,0.416020,0.591476,1.441428,0.428437,0.602990,1.540214,0.438439,0.569401,1.381315,0.568991,0.498420,1.352038,0.575667,0.473313,1.073608,0.595201,0.421673,0.841023,0.381872,0.598864,1.383289,0.243738,0.658627,1.366505,0.205514,0.636922,1.090329,0.188000,0.643511,0.852154,0.464994,0.508299,0.922684,0.517885,0.568107,0.527348,0.512760,0.540438,0.091989,0.628712,0.665783,0.018672,0.328069,0.588771,0.912156,0.316534,0.640592,0.512265,0.162673,0.330497,0.246076,0.201287,0.280503,0.072587,0.722276,1.058117,0.287106
0.406826,0.568028,0.920287,0.403464,0.573619,1.016222,0.409174,0.588143,1.119631,0.411206,0.592066,1.215045,0.414807,0.595355,1.310330,0.427926,0.612071,1.444844,0.440490,0.624027,1.543558,0.450593,0.590254,1.384717,0.582091,0.520675,1.356342,0.589805,0.497156,1.077798,0.613424,0.452146,0.844281,0.393553,0.618789,1.386736,0.254391,0.676172,1.370049,0.217452,0.653024,1.093826,0.197583,0.651713,0.855673,0.475495,0.528163,0.925659,0.521652,0.572868,0.527288,0.513420,0.540702,0.092421,0.628795,0.665963,0.018069,0.338116,0.607976,0.916155,0.332888,0.679816,0.519110,0.184370,0.374270,0.245615,0.224121,0.347332,0.068034,0.736805,1.015973,0.289217
0.416944,0.586399,0.923383,0.414283,0.592665,1.019293,0.420278,0.607664,1.122616,0.422511,0.611859,1.218015,0.426168,0.615298,1.313293,0.439020,0.632194,1.447810,0.451659,0.644686,1.546449,0.462047,0.610740,1.387754,0.594546,0.542735,1.360268,0.603497,0.519999,1.081692,0.631209,0.483336,0.847263,0.404575,0.638396,1.389771,0.264513,0.693554,1.373108,0.229043,0.668589,1.096853,0.207390,0.660242,0.858976,0.485838,0.546898,0.928507,0.525481,0.577785,0.528115,0.514552,0.540910,0.093645,0.628941,0.666251,0.017884,0.348014,0.625994,0.919494,0.348807,0.716312,0.526153,0.208582,0.419293,0.239360,0.248904,0.415492,0.062219,0.706112,1.022513,0.250028
0.426795,0.604056,0.926197,0.424794,0.611189,1.022063,0.431021,0.626794,1.125282,0.433396,0.631351,1.220660,0.437047,0.634999,1.315931,0.449552,0.652114,1.450456,0.462207,0.665208,1.549015,0.473001,0.631043,1.390529,0.606497,0.564637,1.363984,0.616817,0.542160,1.085437,0.648728,0.515213,0.850164,0.415133,0.657864,1.392492,0.274273,0.710918,1.375768,0.240228,0.683972,1.099518,0.217300,0.669073,0.862116,0.495898,0.564907,0.931177,0.528912,0.582175,0.529377,0.515947,0.541100,0.095342,0.629117,0.666587,0.017950,0.357661,0.643306,0.922447,0.364266,0.750757,0.533617,0.234616,0.466418,0.228708,0.275762,0.486944,0.054969,0.654940,1.057492,0.186433
0.436863,0.621627,0.928358,0.435443,0.629439,1.024186,0.441842,0.645609,1.127310,0.444297,0.650569,1.222666,0.447881,0.654532,1.317925,0.459979,0.672077,1.452429,0.472587,0.685860,1.550899,0.483835,0.651248,1.392669,0.618197,0.586222,1.367049,0.630035,0.564012,1.088547,0.666117,0.547227,0.852901,0.425632,0.677352,1.394494,0.284138,0.728644,1.377565,0.251151,0.699484,1.101412,0.226992,0.678702,0.864562,0.506140,0.582766,0.933175,0.532009,0.586933,0.530490,0.517085,0.541440,0.096975,0.629250,0.666814,0.018045,0.367560,0.660594,0.924766,0.379952,0.783500,0.540616,0.261274,0.517501,0.216000,0.303934,0.560235,0.047561,0.604832,1.095516,0.125395
0.447424,0.639208,0.929757,0.446462,0.647316,1.025570,0.452943,0.663935,1.128618,0.455382,0.669322,1.223951,0.458807,0.673751,1.319195,0.470402,0.692051,1.453639,0.482868,0.706631,1.552011,0.494642,0.671252,1.394093,0.629676,0.607260,1.369397,0.643209,0.585540,1.090936,0.683406,0.579228,0.855496,0.436181,0.696796,1.395655,0.294268,0.746805,1.378324,0.261807,0.715127,1.102388,0.236273,0.689232,0.866164,0.516826,0.600540,0.934348,0.534710,0.592408,0.531266,0.517800,0.541962,0.098374,0.629303,0.666845,0.018116,0.378001,0.677984,0.926391,0.396351,0.814748,0.547152,0.288205,0.573738,0.200893,0.333483,0.635006,0.039602,0.557666,1.132632,0.076614
0.458201,0.656705,0.930503,0.457618,0.664918,1.026309,0.464122,0.681946,1.129288,0.466484,0.687800,1.224596,0.469689,0.692803,1.319820,0.480722,0.712068,1.454178,0.492981,0.727531,1.552442,0.505328,0.691158,1.394882,0.640905,0.627982,1.371094,0.656280,0.606759,1.092689,0.700565,0.611367,0.857927,0.446670,0.716258,1.396098,0.304502,0.765328,1.378220,0.272200,0.730898,1.102594,0.245336,0.700560,0.867073,0.527694,0.618164,0.934848,0.537078,0.598251,0.531893,0.518258,0.542635,0.099708,0.629314,0.666767,0.018215,0.388693,0.695350,0.927382,0.412976,0.844293,0.553223,0.315760,0.633933,0.183730,0.364346,0.711616,0.031485,0.511563,1.172792,0.030390
0.468855,0.674461,0.930546,0.468662,0.682790,1.026341,0.475223,0.700247,1.129244,0.477535,0.706596,1.224521,0.480553,0.712205,1.319718,0.491093,0.732477,1.453969,0.503170,0.748851,1.552108,0.515998,0.711358,1.394903,0.652047,0.648914,1.371901,0.669346,0.628078,1.093580,0.717644,0.643547,0.860042,0.457177,0.736089,1.395784,0.314823,0.784382,1.377313,0.282493,0.747106,1.102062,0.254446,0.712869,0.867213,0.538428,0.636028,0.934644,0.539367,0.604309,0.532349,0.518440,0.543530,0.100956,0.629320,0.666692,0.018271,0.399275,0.712995,0.927670,0.429052,0.871854,0.557929,0.343792,0.696363,0.167869,0.395578,0.789679,0.025666,0.482430,1.202468,-0.015423
0.479325,0.692611,0.929852,0.479604,0.701114,1.025631,0.486311,0.719041,1.128444,0.488647,0.725918,1.223683,0.491550,0.732159,1.318843,0.501708,0.753456,1.452964,0.513644,0.770765,1.550959,0.526806,0.732002,1.394086,0.663275,0.670256,1.371675,0.682517,0.649610,1.093466,0.734700,0.675936,0.861786,0.467856,0.756434,1.394668,0.325364,0.804077,1.375572,0.292736,0.763800,1.100786,0.263670,0.726241,0.866553,0.548978,0.654292,0.933667,0.541492,0.610375,0.532640,0.518261,0.544716,0.102065,0.629335,0.666666,0.018249,0.409672,0.731035,0.927260,0.444451,0.897234,0.561081,0.372298,0.761352,0.153695,0.426671,0.870536,0.022285,0.480373,1.211088,-0.062254
0.489670,0.711020,0.928454,0.490434,0.719707,1.024214,0.497320,0.738125,1.126928,0.499709,0.745558,1.222125,0.502529,0.752462,1.317242,0.512374,0.774827,1.451212,0.524193,0.793098,1.549046,0.537597,0.752939,1.392502,0.674417,0.691808,1.370559,0.695683,0.671242,1.092490,0.751675,0.708367,0.863216,0.478552,0.777146,1.392796,0.335991,0.824302,1.373027,0.302878,0.780931,1.098772,0.272940,0.740594,0.865124,0.559394,0.672796,0.931986,0.543538,0.616656,0.532759,0.517804,0.546124,0.103087,0.629345,0.666643,0.018183,0.419959,0.749355,0.926148,0.459301,0.920630,0.562868,0.401281,0.828575,0.140824,0.458133,0.952846,0.021201,0.495286,1.209223,-0.108673
0.499737,0.729624,0.926400,0.500868,0.738568,1.022133,0.507889,0.757495,1.124746,0.510317,0.765482,1.219896,0.513073,0.773028,1.314967,0.522672,0.796403,1.448784,0.534436,0.815622,1.546444,0.548008,0.774118,1.390230,0.685127,0.713499,1.368743,0.708607,0.693048,1.090847,0.768446,0.740241,0.864344,0.488886,0.798134,1.390271,0.346290,0.844898,1.369834,0.312924,0.798653,1.096070,0.282331,0.755873,0.862946,0.569497,0.691450,0.929766,0.546015,0.623620,0.532666,0.517307,0.547616,0.104151,0.629346,0.666586,0.018111,0.429995,0.767915,0.924259,0.473209,0.942358,0.562959,0.430593,0.895338,0.131461,0.490533,1.032203,0.024444,0.512750,1.215057,-0.152537
0.509328,0.748184,0.923571,0.510676,0.757521,1.019263,0.517783,0.777017,1.121763,0.520242,0.785583,1.216862,0.522969,0.793764,1.311880,0.532431,0.818104,1.445534,0.544237,0.838266,1.542998,0.557872,0.795487,1.387131,0.695229,0.735239,1.366123,0.721322,0.714982,1.088456,0.785121,0.771476,0.865193,0.498686,0.819346,1.386970,0.356092,0.865831,1.365894,0.322912,0.817010,1.092554,0.291903,0.772068,0.859885,0.579080,0.709996,0.926944,0.548900,0.631184,0.532307,0.516647,0.549121,0.105150,0.629338,0.666460,0.018064,0.439595,0.786492,0.921424,0.485592,0.962104,0.560968,0.460983,0.962531,0.126794,0.524493,1.109043,0.033347,0.530426,1.236896,-0.197565
0.518639,0.766938,0.920085,0.520087,0.776742,1.015729,0.527237,0.796824,1.118112,0.529713,0.805969,1.213156,0.532430,0.814761,1.308120,0.541821,0.840008,1.441610,0.553731,0.861101,1.538863,0.567356,0.817097,1.383345,0.704899,0.757117,1.362803,0.733796,0.737090,1.085398,0.801592,0.802153,0.865741,0.508124,0.840834,1.383016,0.365565,0.887135,1.361306,0.332803,0.835958,1.088350,0.301594,0.789187,0.856074,0.588352,0.728691,0.923583,0.552215,0.639432,0.531736,0.515945,0.550711,0.106191,0.629320,0.666302,0.018011,0.448945,0.805309,0.917813,0.497034,0.980181,0.557281,0.491702,1.029263,0.125636,0.559392,1.182930,0.046576,0.550653,1.266434,-0.240038
0.528104,0.786542,0.916343,0.529507,0.796750,1.011946,0.536597,0.817314,1.114238,0.539014,0.826926,1.209239,0.541666,0.836205,1.304159,0.550935,0.862168,1.437521,0.562940,0.884105,1.534578,0.576599,0.839045,1.379374,0.714325,0.779332,1.359290,0.745688,0.759586,1.082123,0.817408,0.831921,0.865939,0.517324,0.862667,1.378889,0.374802,0.908753,1.356508,0.342486,0.855519,1.083891,0.311289,0.807197,0.851932,0.597762,0.748219,0.920049,0.556542,0.649088,0.531068,0.515802,0.552462,0.107723,0.629294,0.666182,0.017886,0.458461,0.824991,0.913863,0.508894,0.997844,0.552732,0.520353,1.090158,0.126626,0.593940,1.248142,0.062162,0.566039,1.296943,-0.266657
0.537855,0.807107,0.912207,0.538992,0.817625,1.007779,0.545872,0.838525,1.110018,0.548125,0.848451,1.204992,0.550643,0.858048,1.299886,0.559734,0.884472,1.433172,0.571828,0.907155,1.530046,0.585585,0.861248,1.375113,0.723521,0.801878,1.355456,0.756863,0.782550,1.078487,0.832570,0.860788,0.865704,0.526269,0.884761,1.374490,0.383788,0.930607,1.351380,0.351859,0.875708,1.079042,0.320883,0.826110,0.847319,0.607445,0.768704,0.916244,0.562017,0.659828,0.530363,0.516323,0.554150,0.109647,0.629258,0.666134,0.017611,0.468272,0.845638,0.909397,0.521676,1.014737,0.546968,0.545894,1.144491,0.130942,0.629140,1.302671,0.082291,0.574200,1.322520,-0.270373
0.547758,0.828521,0.907815,0.548485,0.839288,1.003364,0.555052,0.860418,1.105575,0.557065,0.870547,1.200533,0.559396,0.880337,1.295411,0.568257,0.907031,1.428659,0.580430,0.930373,1.525365,0.594331,0.883789,1.370668,0.732473,0.824762,1.351428,0.767456,0.805901,1.074634,0.847076,0.888745,0.865119,0.534977,0.907199,1.369917,0.392537,0.952776,1.346042,0.361024,0.896511,1.073938,0.330480,0.845912,0.842376,0.617266,0.790022,0.912266,0.568505,0.671975,0.529561,0.517401,0.556000,0.112061,0.629214,0.666126,0.017264,0.478248,0.867150,0.904592,0.534877,1.031215,0.540341,0.569366,1.192987,0.137406,0.663988,1.348526,0.104777,0.577521,1.349067,-0.258235
0.557853,0.851098,0.903980,0.558220,0.862016,0.999515,0.564452,0.883276,1.101721,0.566174,0.893512,1.196671,0.568237,0.903398,1.291545,0.576716,0.930227,1.424788,0.588875,0.954106,1.521365,0.603029,0.907014,1.366858,0.741330,0.848205,1.348093,0.777544,0.829609,1.071439,0.860475,0.915411,0.864383,0.543630,0.930296,1.365943,0.401184,0.975438,1.341306,0.370173,0.917902,1.069412,0.340283,0.866534,0.837936,0.627270,0.812477,0.908770,0.576177,0.687219,0.528599,0.519314,0.558760,0.115706,0.629169,0.666129,0.017016,0.488427,0.889849,0.900419,0.548341,1.049604,0.534736,0.591510,1.232444,0.141132,0.694185,1.386021,0.121086,0.575763,1.387563,-0.238089
0.568170,0.874902,0.900936,0.568383,0.885875,0.996467,0.574331,0.907184,1.098681,0.575741,0.917461,1.193634,0.577444,0.927380,1.288512,0.585324,0.954264,1.421781,0.597318,0.978559,1.518277,0.611873,0.931106,1.363915,0.750255,0.872304,1.345753,0.787184,0.853786,1.069182,0.872754,0.940720,0.863588,0.552408,0.954202,1.362766,0.409875,0.998606,1.337336,0.379411,0.939859,1.065637,0.350329,0.888089,0.834143,0.637494,0.836127,0.905876,0.584504,0.706217,0.527415,0.521673,0.562062,0.120817,0.629117,0.666145,0.017028,0.498836,0.913810,0.897225,0.561983,1.071052,0.530972,0.613025,1.260166,0.140138,0.717424,1.414191,0.128409,0.565844,1.448858,-0.212624
0.578677,0.899869,0.898449,0.578788,0.910800,0.993986,0.584429,0.932057,1.096230,0.585477,0.942278,1.191195,0.586738,0.952134,1.286088,0.593869,0.978938,1.419417,0.605604,1.003525,1.515870,0.620671,0.955882,1.361607,0.759085,0.896962,1.344107,0.796319,0.878320,1.067584,0.883925,0.964737,0.862642,0.561131,0.978766,1.360187,0.418464,1.022267,1.333967,0.388633,0.962404,1.062441,0.360580,0.910463,0.830854,0.647902,0.860914,0.903464,0.594016,0.728311,0.526070,0.524866,0.566276,0.127158,0.629064,0.666172,0.017138,0.509448,0.938959,0.894664,0.575889,1.094409,0.528231,0.633211,1.278849,0.136405,0.736011,1.433999,0.129554,0.550847,1.522103,-0.179152
0.589325,0.926121,0.896633,0.589104,0.936876,0.992186,0.594284,0.957914,1.094497,0.594859,0.967918,1.189486,0.595605,0.977542,1.284406,0.601929,1.004018,1.417840,0.613395,1.028736,1.514291,0.629035,0.981133,1.360067,0.767479,0.922117,1.343131,0.804841,0.902849,1.066673,0.893570,0.987284,0.861466,0.569440,1.003854,1.358380,0.426648,1.046561,1.331512,0.397724,0.985581,1.060140,0.371133,0.933247,0.828478,0.658432,0.886977,0.901835,0.606474,0.753223,0.524684,0.530336,0.573254,0.134771,0.629031,0.666181,0.017036,0.520213,0.965400,0.892664,0.590167,1.118559,0.525945,0.650701,1.293381,0.130985,0.752568,1.448654,0.124418,0.539775,1.585723,-0.137450
0.600296,0.954237,0.895494,0.599256,0.964625,0.991074,0.603673,0.985186,1.093511,0.603580,0.994721,1.188545,0.603707,1.003848,1.283514,0.609188,1.029604,1.417121,0.620392,1.054219,1.513628,0.636698,1.006995,1.359336,0.775221,0.948051,1.342761,0.812537,0.927312,1.066412,0.901348,1.008267,0.859829,0.577070,1.029622,1.357414,0.434124,1.071610,1.330206,0.406656,1.009265,1.059000,0.382250,0.956129,0.827294,0.669238,0.914873,0.901162,0.622873,0.781309,0.523191,0.538880,0.583447,0.143944,0.629388,0.666602,0.015761,0.531339,0.993735,0.891063,0.605629,1.143312,0.523762,0.665247,1.304040,0.123122,0.768662,1.457617,0.110456,0.534751,1.642218,-0.084325
0.611408,0.983637,0.895026,0.609319,0.993526,0.990642,0.612819,1.013442,1.093242,0.611948,1.022345,1.188334,0.611381,1.030806,1.283363,0.615962,1.055597,1.417188,0.626895,1.079946,1.513794,0.643928,1.033332,1.359373,0.782525,0.974482,1.343062,0.819621,0.951770,1.066839,0.907599,1.027778,0.857962,0.584285,1.055913,1.357221,0.441195,1.097293,1.329813,0.415457,1.033581,1.058755,0.393668,0.979421,0.827023,0.680166,0.944044,0.901271,0.642219,0.812213,0.521656,0.549699,0.596406,0.154388,0.629765,0.667004,0.014275,0.542619,1.023361,0.890023,0.621463,1.168857,0.522035,0.677097,1.310549,0.113571,0.782724,1.461426,0.090213,0.533653,1.689090,-0.022971
0.622061,1.012705,0.895332,0.619195,1.022100,0.990985,0.621927,1.041407,1.093731,0.620357,1.049722,1.188872,0.619117,1.057566,1.283950,0.622778,1.081459,1.417970,0.633469,1.105562,1.514665,0.651143,1.059523,1.360184,0.789700,1.000492,1.344200,0.826634,0.976044,1.068098,0.912925,1.045915,0.856477,0.591514,1.082120,1.357773,0.448474,1.123381,1.329948,0.424085,1.058950,1.058925,0.404696,1.003649,0.827238,0.690696,0.972958,0.901948,0.663286,0.844583,0.520393,0.561847,0.612640,0.165277,0.629069,0.666064,0.015157,0.553385,1.052579,0.889959,0.635334,1.194641,0.521258,0.685623,1.316964,0.105654,0.792670,1.464900,0.071219,0.539117,1.697269,0.037254
0.631980,1.040945,0.896513,0.628865,1.049956,0.992201,0.631093,1.068790,1.095049,0.628953,1.076643,1.190219,0.627043,1.083994,1.285325,0.629678,1.107147,1.419496,0.640153,1.131050,1.516265,0.658346,1.085512,1.361871,0.796635,1.025751,1.346364,0.833903,1.000033,1.070414,0.917621,1.062458,0.855546,0.598776,1.108215,1.359115,0.456155,1.150239,1.330357,0.432308,1.085880,1.059255,0.415193,1.028903,0.827798,0.700600,1.001172,0.903144,0.686461,0.877694,0.519400,0.575354,0.632576,0.176080,0.625018,0.660355,0.019455,0.563322,1.080837,0.891121,0.646159,1.221359,0.521963,0.689647,1.325282,0.100746,0.796565,1.469953,0.055255,0.558964,1.634373,0.099079
0.641441,1.068852,0.898467,0.638349,1.077484,0.994190,0.640221,1.095883,1.097123,0.637589,1.103316,1.192314,0.635031,1.110223,1.287437,0.636619,1.132705,1.421737,0.646907,1.156427,1.518570,0.665535,1.111356,1.364332,0.803440,1.050590,1.349366,0.841101,1.023838,1.073562,0.921390,1.077626,0.854996,0.606052,1.134227,1.361202,0.464043,1.177504,1.331292,0.440358,1.113864,1.060001,0.425300,1.055093,0.828846,0.710105,1.029128,0.904908,0.711357,0.912273,0.518679,0.590189,0.655787,0.187329,0.619894,0.653304,0.026121,0.572744,1.108687,0.893261,0.655021,1.248315,0.523619,0.690346,1.333506,0.097472,0.796343,1.474670,0.040542,0.585374,1.532785,0.159776
0.650668,1.096295,0.900990,0.647602,1.104383,0.996756,0.649219,1.122284,1.099780,0.646226,1.129290,1.194992,0.643187,1.135797,1.290131,0.643998,1.157727,1.424533,0.654175,1.181388,1.521393,0.673122,1.136602,1.367274,0.810754,1.075092,1.352814,0.847788,1.047586,1.077011,0.923946,1.092176,0.854922,0.613713,1.159629,1.363870,0.472162,1.203858,1.333126,0.448893,1.141801,1.061452,0.434742,1.082477,0.830380,0.719380,1.056614,0.907171,0.735593,0.949144,0.518552,0.605309,0.681502,0.199786,0.619444,0.653859,0.034592,0.581927,1.136079,0.896039,0.662838,1.272869,0.525127,0.690626,1.339704,0.095033,0.795718,1.478124,0.029265,0.597524,1.460589,0.201797
0.659701,1.123441,0.904096,0.656577,1.130621,0.999927,0.658053,1.147849,1.103065,0.654886,1.154359,1.198306,0.651628,1.160492,1.293464,0.652098,1.182016,1.427937,0.662270,1.205795,1.524768,0.681402,1.161046,1.370679,0.819034,1.099400,1.356719,0.853410,1.071612,1.080627,0.924610,1.106308,0.855284,0.622028,1.184167,1.367180,0.480586,1.228603,1.336196,0.458485,1.169391,1.063818,0.443301,1.111309,0.832493,0.728422,1.083723,0.909937,0.758483,0.989623,0.518908,0.620260,0.709406,0.215027,0.626536,0.667133,0.034187,0.590947,1.163251,0.899488,0.669918,1.294286,0.526102,0.691334,1.342666,0.093265,0.795757,1.479642,0.022932,0.582212,1.456790,0.208595
0.668500,1.150123,0.907770,0.665321,1.156229,1.003673,0.666757,1.172722,1.106931,0.663546,1.178728,1.202204,0.660237,1.184533,1.297380,0.660636,1.205769,1.431897,0.670879,1.229786,1.528662,0.690081,1.184892,1.374564,0.827824,1.123372,1.361070,0.858522,1.095581,1.084544,0.924060,1.119822,0.856122,0.630729,1.208096,1.371072,0.489241,1.252438,1.340164,0.468561,1.196935,1.066890,0.451195,1.141334,0.835093,0.737232,1.110361,0.913201,0.780712,1.032396,0.519857,0.635497,0.739813,0.231477,0.636712,0.684263,0.054157,0.599727,1.189965,0.903576,0.675954,1.313301,0.526929,0.691622,1.343602,0.092333,0.795393,1.479897,0.020036,0.552639,1.482383,0.196718
0.677173,1.175714,0.911759,0.673939,1.180996,1.007716,0.675342,1.196936,1.111064,0.672106,1.202568,1.206359,0.668772,1.208135,1.301548,0.669162,1.229170,1.436095,0.679506,1.253468,1.532779,0.698683,1.208309,1.378687,0.836395,1.146660,1.365446,0.864337,1.118621,1.088623,0.924043,1.132874,0.857658,0.639380,1.231652,1.375205,0.497926,1.276148,1.344388,0.478060,1.224229,1.070328,0.458797,1.172052,0.837906,0.745979,1.136034,0.916884,0.801957,1.074342,0.522047,0.651332,0.772896,0.245173,0.651887,0.710116,0.070278,0.608322,1.215464,0.907875,0.680944,1.329469,0.527675,0.691856,1.344204,0.091933,0.795130,1.479976,0.018245,0.527587,1.488427,0.198270
0.685716,1.199832,0.916180,0.682433,1.204698,1.012161,0.683782,1.220372,1.115552,0.680501,1.225830,1.210857,0.677120,1.231297,1.306050,0.677491,1.252247,1.440611,0.687939,1.276877,1.537199,0.707008,1.231293,1.383136,0.844407,1.168975,1.369833,0.871664,1.140367,1.092980,0.925259,1.145294,0.860164,0.647808,1.254874,1.379626,0.506591,1.300045,1.348731,0.486370,1.251289,1.074116,0.465847,1.203609,0.840870,0.754689,1.160426,0.921163,0.822157,1.114334,0.525980,0.667715,0.808798,0.255157,0.673591,0.746127,0.078809,0.616696,1.239304,0.912443,0.684664,1.341903,0.528309,0.692188,1.344868,0.092065,0.795164,1.480177,0.017077,0.509394,1.447747,0.236903
0.694133,1.222859,0.920917,0.690800,1.227559,1.016903,0.692103,1.243149,1.120307,0.688795,1.248561,1.215613,0.685393,1.254020,1.310805,0.685809,1.274972,1.445366,0.696389,1.299978,1.541843,0.715257,1.253848,1.387823,0.852200,1.190606,1.374245,0.879696,1.161182,1.097499,0.927007,1.157252,0.863369,0.656188,1.277725,1.384289,0.515286,1.323818,1.353330,0.494102,1.278100,1.078271,0.472604,1.235858,0.844047,0.763336,1.183853,0.925860,0.841373,1.153501,0.531153,0.684697,0.847377,0.262386,0.700133,0.790251,0.085376,0.624885,1.261928,0.917222,0.687339,1.351490,0.528861,0.692465,1.345199,0.092728,0.795299,1.480202,0.017013,0.495722,1.387519,0.288965
0.702546,1.245312,0.925362,0.699134,1.250044,1.021341,0.700391,1.265654,1.124741,0.697076,1.271073,1.220046,0.693690,1.276530,1.315240,0.694219,1.297444,1.449805,0.705002,1.322775,1.546175,0.723550,1.276152,1.392238,0.860067,1.212072,1.378308,0.887224,1.181286,1.101694,0.928935,1.169407,0.866677,0.664610,1.300330,1.388715,0.523963,1.347321,1.357959,0.502027,1.304418,1.082501,0.480223,1.267859,0.847339,0.772004,1.206774,0.930363,0.859463,1.192106,0.536703,0.702744,0.888380,0.265767,0.727874,0.839391,0.088289,0.633043,1.283912,0.921610,0.689631,1.360441,0.529485,0.692589,1.345699,0.093621,0.795452,1.480250,0.017168,0.498330,1.340329,0.315599
0.710982,1.267183,0.929440,0.707449,1.272245,1.025397,0.708661,1.288022,1.128772,0.705362,1.293506,1.224074,0.702038,1.298951,1.319270,0.702774,1.319736,1.453854,0.713860,1.345300,1.550129,0.731926,1.298278,1.396344,0.868091,1.233553,1.381966,0.893731,1.200610,1.105469,0.930926,1.181874,0.870065,0.673110,1.322766,1.392886,0.532603,1.370581,1.362777,0.510565,1.330104,1.086952,0.489304,1.299221,0.850927,0.780702,1.229155,0.934642,0.876542,1.229982,0.542625,0.721980,0.931549,0.264568,0.755769,0.892789,0.086086,0.641215,1.305279,0.925483,0.691565,1.369428,0.530290,0.692396,1.346647,0.094721,0.795634,1.480404,0.017339,0.529863,1.320411,0.297906
0.719413,1.288479,0.933228,0.715732,1.294070,1.029150,0.716898,1.310118,1.132483,0.713635,1.315720,1.227779,0.710410,1.321158,1.322979,0.711421,1.341776,1.457587,0.722879,1.367521,1.553770,0.740347,1.320153,1.400178,0.876188,1.254869,1.385274,0.899736,1.219222,1.108919,0.933098,1.194537,0.873556,0.681653,1.344956,1.396820,0.541225,1.393572,1.367626,0.519296,1.355297,1.091479,0.499245,1.330335,0.854632,0.789422,1.251031,0.938727,0.892495,1.267298,0.548925,0.742282,0.977143,0.259521,0.784863,0.951204,0.080228,0.649358,1.326006,0.928965,0.693117,1.377780,0.531167,0.692051,1.347764,0.096050,0.795834,1.480581,0.017729,0.577675,1.313530,0.254785
0.727880,1.309735,0.936343,0.724036,1.315701,1.032237,0.725144,1.331933,1.135543,0.721925,1.337594,1.230837,0.718810,1.342996,1.326043,0.720105,1.363439,1.460675,0.731957,1.389351,1.556766,0.748827,1.341744,1.403337,0.884398,1.275989,1.388023,0.905582,1.237547,1.111850,0.935440,1.207705,0.876625,0.690225,1.366789,1.400096,0.549841,1.416073,1.371799,0.527731,1.380168,1.095357,0.509397,1.361426,0.857817,0.798221,1.272957,0.942086,0.906831,1.304820,0.554762,0.763751,1.025686,0.251731,0.814652,1.013804,0.073412,0.657492,1.346597,0.931828,0.694881,1.385690,0.531939,0.691946,1.348727,0.097373,0.795940,1.480724,0.018053,0.615589,1.309569,0.204074
0.736340,1.331150,0.938711,0.732334,1.337150,1.034598,0.733377,1.353360,1.137908,0.730214,1.358942,1.233209,0.727225,1.364232,1.328424,0.728797,1.384471,1.463084,0.741063,1.410535,1.559081,0.757364,1.362878,1.405757,0.892758,1.296808,1.390215,0.911207,1.255599,1.114260,0.937855,1.221450,0.879194,0.698806,1.388049,1.402656,0.558430,1.437813,1.375163,0.535602,1.404625,1.098447,0.519577,1.392466,0.860336,0.807089,1.295186,0.944556,0.919171,1.343307,0.559962,0.786665,1.077500,0.240883,0.845194,1.081002,0.065983,0.665542,1.367197,0.934091,0.696991,1.393132,0.532631,0.692198,1.349492,0.098680,0.795872,1.480806,0.018208,0.633100,1.307096,0.147875
0.744836,1.352525,0.940407,0.740654,1.358406,1.036293,0.741619,1.374505,1.139622,0.738520,1.379951,1.234932,0.735670,1.385099,1.330160,0.737525,1.405126,1.464848,0.750228,1.431328,1.560751,0.765960,1.383728,1.407503,0.901231,1.317433,1.391848,0.916674,1.273364,1.116150,0.940441,1.235700,0.881341,0.707417,1.408953,1.404558,0.567012,1.459063,1.377851,0.543176,1.428761,1.100888,0.529967,1.423484,0.862336,0.816037,1.317465,0.946301,0.929895,1.382000,0.564700,0.810747,1.132263,0.227292,0.876432,1.152386,0.057596,0.673583,1.387661,0.935736,0.699313,1.400132,0.533219,0.692691,1.350102,0.099980,0.795709,1.480854,0.018299,0.640713,1.307542,0.084087
0.753536,1.373797,0.941268,0.749122,1.379619,1.037147,0.749978,1.395679,1.140483,0.746922,1.401057,1.235799,0.744197,1.406133,1.331034,0.746329,1.426050,1.465735,0.759440,1.452410,1.561539,0.774635,1.404774,1.408364,0.909743,1.338153,1.392699,0.922512,1.291232,1.117322,0.943488,1.250545,0.882765,0.716106,1.430047,1.405554,0.575661,1.480415,1.379550,0.550772,1.453017,1.102375,0.540464,1.454781,0.863623,0.825151,1.339600,0.947277,0.939656,1.419392,0.568658,0.835259,1.189534,0.213014,0.907688,1.225894,0.049912,0.681865,1.408065,0.936482,0.702047,1.406960,0.533450,0.693468,1.350355,0.101072,0.795580,1.480893,0.018358,0.643764,1.305077,0.024248
0.762588,1.394854,0.941219,0.757822,1.400775,1.037074,0.758498,1.416930,1.140396,0.755435,1.422356,1.235709,0.752811,1.427463,1.330946,0.755207,1.447402,1.465639,0.768672,1.473947,1.561344,0.783386,1.426121,1.408241,0.918275,1.359034,1.392674,0.928956,1.309195,1.117721,0.946850,1.265824,0.883390,0.724874,1.451445,1.405535,0.584359,1.501941,1.380158,0.558396,1.477460,1.102813,0.551071,1.486530,0.864152,0.834559,1.361466,0.947495,0.948523,1.455069,0.571850,0.860113,1.249538,0.197978,0.938920,1.301397,0.042908,0.690555,1.428314,0.936164,0.705339,1.413401,0.533201,0.694663,1.350032,0.101795,0.795549,1.480932,0.018390,0.643323,1.293811,-0.026474
0.771843,1.415808,0.940336,0.766670,1.421888,1.036160,0.767136,1.438209,1.139457,0.764044,1.443752,1.234762,0.761507,1.448961,1.329996,0.764161,1.469022,1.464667,0.777950,1.495773,1.560267,0.792215,1.447663,1.407234,0.926846,1.380012,1.391868,0.935771,1.327261,1.117402,0.950674,1.281698,0.883292,0.733720,1.473032,1.404609,0.593123,1.523569,1.379778,0.566042,1.502022,1.102297,0.561785,1.518559,0.863968,0.844135,1.383187,0.946945,0.956427,1.489446,0.574262,0.885397,1.312049,0.182256,0.970170,1.379025,0.036607,0.699485,1.448502,0.934948,0.709043,1.419670,0.532597,0.696141,1.349352,0.102309,0.795552,1.480962,0.018391,0.638319,1.279633,-0.073246
0.781029,1.436928,0.938688,0.775551,1.443161,1.034486,0.775871,1.459681,1.137752,0.772777,1.465395,1.233047,0.770329,1.470778,1.328273,0.773224,1.491079,1.462902,0.787343,1.518076,1.558385,0.801155,1.469564,1.405432,0.935444,1.401181,1.390344,0.942787,1.345845,1.116334,0.955688,1.298736,0.882396,0.742690,1.495008,1.402853,0.602075,1.545675,1.378399,0.574006,1.526946,1.100807,0.572490,1.550655,0.863010,0.853584,1.404944,0.945554,0.963810,1.522259,0.575528,0.910646,1.375954,0.168114,1.000896,1.457098,0.032736,0.708403,1.468986,0.933043,0.712910,1.426688,0.531752,0.697549,1.348762,0.102892,0.795516,1.480974,0.018384,0.630887,1.274386,-0.120033
0.790082,1.458244,0.936226,0.784439,1.464607,1.032006,0.784699,1.481366,1.135234,0.781631,1.487325,1.230514,0.779268,1.492986,1.325726,0.782371,1.513702,1.460286,0.796821,1.541006,1.555632,0.810189,1.491919,1.402769,0.944012,1.422547,1.388096,0.949733,1.365125,1.114470,0.962136,1.317067,0.880673,0.751772,1.517474,1.400183,0.611221,1.568397,1.375880,0.582403,1.552296,1.098196,0.583182,1.582886,0.861186,0.862828,1.426723,0.943240,0.970898,1.553487,0.575637,0.935994,1.441358,0.155894,1.031605,1.535570,0.031498,0.717263,1.489842,0.930435,0.716876,1.434613,0.530697,0.698807,1.348272,0.103569,0.795410,1.480966,0.018417,0.620180,1.283010,-0.171268
0.799065,1.479725,0.932998,0.793360,1.486212,1.028767,0.793626,1.503244,1.131950,0.790610,1.509502,1.227213,0.788333,1.515513,1.322406,0.791628,1.536762,1.456878,0.806413,1.564413,1.552074,0.819334,1.514631,1.399312,0.952607,1.444104,1.385130,0.956879,1.384923,1.111858,0.969774,1.336561,0.878153,0.760980,1.540329,1.396683,0.620555,1.591597,1.372363,0.591119,1.578008,1.094610,0.593865,1.615184,0.858589,0.871945,1.448539,0.940085,0.977464,1.583153,0.574600,0.961306,1.508157,0.145254,1.061790,1.614488,0.032691,0.726112,1.510994,0.927140,0.721005,1.443287,0.529403,0.699995,1.347873,0.104314,0.795265,1.480941,0.018442,0.607044,1.300565,-0.222517
0.807888,1.501547,0.929221,0.802273,1.508139,1.024987,0.802650,1.525417,1.128129,0.799748,1.531954,1.223377,0.797593,1.538293,1.318551,0.801113,1.560042,1.452939,0.816273,1.588028,1.547977,0.828666,1.537577,1.395350,0.961388,1.465939,1.381534,0.964865,1.405124,1.108609,0.978595,1.357400,0.874842,0.770399,1.563464,1.392689,0.630178,1.615231,1.368262,0.600100,1.604120,1.090469,0.604445,1.647132,0.855430,0.880878,1.470612,0.936262,0.983267,1.611054,0.572079,0.985716,1.574923,0.137444,1.089387,1.692314,0.037438,0.734826,1.532566,0.923412,0.725238,1.453153,0.527895,0.700996,1.347982,0.105323,0.795100,1.480893,0.018345,0.596147,1.324069,-0.264444
0.816313,1.523676,0.924782,0.811016,1.530356,1.020559,0.811667,1.547858,1.123661,0.808976,1.554658,1.218897,0.807001,1.561313,1.314053,0.810800,1.583534,1.448356,0.826405,1.611861,1.543219,0.838134,1.560757,1.390803,0.970315,1.488101,1.377168,0.974044,1.425633,1.104621,0.988934,1.379975,0.870539,0.779987,1.586898,1.388124,0.640076,1.639374,1.363463,0.609280,1.630858,1.085662,0.614825,1.678823,0.851581,0.889389,1.492897,0.931601,0.988142,1.636567,0.567602,1.009602,1.642805,0.133186,1.113761,1.770410,0.046746,0.743170,1.554540,0.919196,0.729321,1.464283,0.526116,0.701713,1.348638,0.106501,0.794891,1.480803,0.018025,0.586779,1.354009,-0.295196
0.824578,1.546145,0.919794,0.819751,1.552895,1.015591,0.820782,1.570595,1.118656,0.818365,1.577637,1.213881,0.816604,1.584587,1.309021,0.820714,1.607246,1.443241,0.836806,1.635903,1.537924,0.847790,1.584170,1.385750,0.979428,1.510540,1.372172,0.984064,1.446545,1.099997,1.000457,1.403896,0.865446,0.789788,1.610612,1.383066,0.650262,1.663950,1.358080,0.618726,1.657998,1.080299,0.625102,1.710163,0.847171,0.897716,1.515440,0.926273,0.992254,1.660316,0.561641,1.032586,1.710654,0.131757,1.135546,1.847413,0.059608,0.751380,1.576935,0.914547,0.733508,1.476605,0.524124,0.702243,1.349803,0.107942,0.794663,1.480691,0.017583,0.579650,1.389898,-0.316625
0.833305,1.569228,0.914807,0.828915,1.576011,1.010624,0.830309,1.593812,1.113667,0.828160,1.600985,1.208890,0.826615,1.608094,1.304022,0.831048,1.630974,1.438194,0.847620,1.659852,1.532728,0.857870,1.607687,1.380725,0.989006,1.533192,1.367043,0.994499,1.468036,1.095157,1.012152,1.428177,0.860184,0.800017,1.634446,1.378080,0.660883,1.688695,1.352870,0.628584,1.684904,1.075133,0.635475,1.740452,0.842800,0.906508,1.538606,0.920958,0.995849,1.683969,0.555275,1.052667,1.773604,0.132243,1.154582,1.917706,0.074124,0.760050,1.599932,0.909887,0.738507,1.490352,0.522123,0.702763,1.351778,0.110130,0.794508,1.480604,0.017207,0.581562,1.427301,-0.324950
0.842672,1.592912,0.909869,0.838668,1.599685,1.005704,0.840388,1.617474,1.108745,0.838484,1.624642,1.203974,0.837144,1.631747,1.299110,0.841895,1.654587,1.433280,0.858933,1.683554,1.527705,0.868488,1.631198,1.375775,0.999207,1.556022,1.361798,1.005247,1.490109,1.090102,1.023761,1.452668,0.854798,0.810786,1.658290,1.373212,0.672047,1.713511,1.347942,0.639039,1.711407,1.070264,0.646172,1.769459,0.838527,0.915969,1.562447,0.915713,0.998249,1.707383,0.548291,1.069809,1.831348,0.136163,1.170946,1.980887,0.092715,0.769329,1.623456,0.905257,0.744583,1.505225,0.520225,0.703238,1.354369,0.113106,0.794482,1.480564,0.016954,0.598491,1.463013,-0.315544
0.852503,1.617209,0.904933,0.848850,1.623935,1.000785,0.850879,1.641616,1.103839,0.849216,1.648668,1.199081,0.848081,1.655634,1.294231,0.853162,1.678216,1.428434,0.870659,1.707163,1.522781,0.879530,1.654812,1.370852,1.009872,1.579065,1.356419,1.016412,1.512762,1.084833,1.035542,1.477520,0.849243,0.821983,1.682253,1.368416,0.683647,1.738496,1.343186,0.649906,1.737677,1.065592,0.656966,1.797414,0.834294,0.925895,1.586912,0.910483,1.000131,1.730702,0.540903,1.084048,1.884192,0.141999,1.184561,2.037358,0.112961,0.779067,1.647583,0.900616,0.751471,1.521522,0.518318,0.703703,1.357771,0.116827,0.794528,1.480550,0.016766,0.624461,1.500238,-0.293034
0.862886,1.642427,0.900403,0.859424,1.649072,0.996268,0.861690,1.666532,1.099354,0.860230,1.673336,1.194617,0.859303,1.679999,1.289789,0.864752,1.702063,1.424061,0.882691,1.730835,1.518378,0.890889,1.678729,1.366348,1.020808,1.602368,1.351362,1.027885,1.536160,1.079769,1.047264,1.502196,0.844008,0.833493,1.706508,1.364114,0.695505,1.763675,1.339035,0.660780,1.763589,1.061564,0.667370,1.824304,0.830518,0.936328,1.612209,0.905775,1.003785,1.756029,0.534829,1.093487,1.928189,0.144275,1.195025,2.082704,0.125704,0.789404,1.672720,0.896264,0.759075,1.540366,0.516273,0.704434,1.362871,0.121654,0.794568,1.480539,0.016653,0.648338,1.544151,-0.267527
0.873995,1.668638,0.896347,0.870464,1.675261,0.992213,0.872840,1.692428,1.095348,0.871514,1.698865,1.190640,0.870778,1.705055,1.285846,0.876629,1.726299,1.420233,0.894993,1.754716,1.514575,0.902527,1.703114,1.362322,1.031879,1.625901,1.346801,1.039625,1.560235,1.075089,1.058922,1.526236,0.839314,0.845282,1.731221,1.360375,0.707587,1.789199,1.335548,0.671524,1.789242,1.058245,0.677176,1.850340,0.827263,0.947395,1.638330,0.901769,1.010085,1.784634,0.530944,1.095450,1.960463,0.140190,1.201834,2.112660,0.127183,0.800553,1.699022,0.892157,0.767436,1.561106,0.514293,0.705309,1.368825,0.127875,0.794578,1.480522,0.016644,0.668796,1.606529,-0.248709
0.885656,1.695770,0.892697,0.881897,1.702337,0.988560,0.884310,1.719097,1.091764,0.883082,1.725036,1.187091,0.882539,1.730589,1.282340,0.888830,1.750752,1.416877,0.907601,1.778659,1.511293,0.914481,1.727802,1.358714,1.043221,1.649693,1.342561,1.051674,1.585055,1.070616,1.070521,1.550100,0.834939,0.857383,1.756226,1.357130,0.719928,1.814917,1.332666,0.682276,1.814539,1.055571,0.686592,1.875311,0.824465,0.958968,1.665284,0.898287,1.018157,1.815248,0.528374,1.092614,1.983889,0.132546,1.205493,2.131492,0.121159,0.812300,1.726334,0.888339,0.776514,1.584394,0.512174,0.706450,1.376477,0.135201,0.794581,1.480508,0.016710,0.687161,1.675595,-0.226893
0.897447,1.723914,0.889657,0.893465,1.730111,0.985531,0.895941,1.746216,1.088834,0.894854,1.751461,1.184200,0.894560,1.756214,1.279490,0.901374,1.775106,1.414183,0.920517,1.802382,1.508707,0.926753,1.752500,1.355738,1.055041,1.673873,1.338568,1.064047,1.610996,1.066239,1.081836,1.574635,0.830709,0.869782,1.781194,1.354601,0.732460,1.840396,1.330632,0.693038,1.839065,1.053795,0.695762,1.898570,0.822357,0.970700,1.693304,0.895306,1.027654,1.846160,0.526211,1.091117,2.003142,0.124279,1.207114,2.147585,0.109766,0.824146,1.754600,0.885241,0.786097,1.613312,0.509181,0.708510,1.389251,0.143131,0.794569,1.480505,0.016780,0.696282,1.721192,-0.183137
0.909233,1.753898,0.887116,0.905170,1.759128,0.983035,0.907813,1.774117,1.086491,0.906978,1.778301,1.181903,0.907035,1.781958,1.277234,0.914496,1.799236,1.412097,0.933959,1.825658,1.506793,0.939566,1.777158,1.353332,1.067626,1.698561,1.334477,1.077001,1.638104,1.061597,1.092782,1.599878,0.826243,0.882697,1.806065,1.352780,0.745346,1.865454,1.329460,0.703668,1.862514,1.052981,0.704566,1.919861,0.820967,0.982538,1.723375,0.892513,1.039017,1.877521,0.523857,1.093942,2.019376,0.115402,1.206080,2.164253,0.090196,0.835877,1.784489,0.882949,0.796277,1.649987,0.504531,0.711879,1.409066,0.151046,0.794203,1.479828,0.015213,0.695600,1.731126,-0.091520
0.921147,1.784894,0.885185,0.917010,1.788844,0.981164,0.919847,1.802468,1.084803,0.919306,1.805395,1.180264,0.919770,1.807793,1.275633,0.927960,1.823267,1.410672,0.947708,1.848714,1.505576,0.952696,1.801826,1.351559,1.080688,1.723636,1.330632,1.090280,1.666333,1.057052,1.103445,1.625790,0.821921,0.895910,1.830900,1.351675,0.758423,1.890273,1.329136,0.714307,1.885193,1.053066,0.713123,1.939440,0.820266,0.994535,1.754512,0.890221,1.051806,1.909182,0.521912,1.098106,2.031436,0.105902,1.203008,2.178182,0.065256,0.847707,1.815332,0.881377,0.806962,1.692291,0.499008,0.716165,1.434003,0.159565,0.793823,1.479161,0.013650,0.685673,1.717590,0.022039
0.933170,1.814507,0.884408,0.928728,1.817438,0.980418,0.931642,1.829955,1.084204,0.931318,1.831864,1.179701,0.932157,1.833242,1.275097,0.941074,1.847248,1.410263,0.961112,1.871951,1.505308,0.965477,1.826364,1.350815,1.093576,1.748867,1.327992,1.103127,1.695918,1.053579,1.113853,1.653107,0.818708,0.908748,1.855552,1.351535,0.771141,1.914968,1.329869,0.725380,1.907608,1.054104,0.721938,1.957427,0.820400,1.006505,1.783996,0.889346,1.064358,1.938978,0.521268,1.100808,2.040533,0.098665,1.200863,2.187816,0.045501,0.859778,1.845065,0.880698,0.817656,1.736926,0.494229,0.720845,1.461723,0.170038,0.794436,1.480566,0.016949,0.661018,1.687012,0.098724
0.945641,1.841541,0.885142,0.940446,1.844031,0.981126,0.943202,1.855957,1.084991,0.942926,1.857308,1.180502,0.944059,1.858089,1.275907,0.953671,1.871198,1.411121,0.973982,1.895526,1.506208,0.977732,1.850712,1.351372,1.106201,1.774319,1.326978,1.115156,1.727447,1.051503,1.123586,1.681999,0.817039,0.921045,1.879986,1.352566,0.783410,1.939708,1.331939,0.737453,1.929795,1.056291,0.731559,1.973313,0.821467,1.018658,1.810370,0.890519,1.076659,1.966595,0.522946,1.100602,2.046359,0.095284,1.200993,2.191270,0.035647,0.872557,1.872748,0.880994,0.827835,1.783835,0.490402,0.725158,1.491636,0.183879,0.796311,1.481929,0.029121,0.607693,1.633809,0.096312
0.958220,1.867192,0.887030,0.952043,1.869502,0.982959,0.954522,1.881094,1.086867,0.954218,1.882127,1.182380,0.955614,1.882549,1.277781,0.965918,1.895099,1.412994,0.986507,1.919282,1.508057,0.989639,1.874930,1.352959,1.118653,1.799928,1.327168,1.126755,1.760331,1.050500,1.133064,1.712294,0.816478,0.932968,1.904237,1.354561,0.795319,1.964324,1.335065,0.749959,1.951718,1.059432,0.741438,1.987606,0.823369,1.030785,1.835090,0.893109,1.088723,1.992348,0.525927,1.098933,2.049221,0.094166,1.202050,2.190429,0.030978,0.885578,1.899322,0.882182,0.838024,1.833073,0.487318,0.729865,1.524331,0.199674,0.799178,1.485365,0.046154,0.539641,1.563562,0.057027
0.969868,1.892662,0.889547,0.962895,1.894666,0.985429,0.965191,1.905911,1.089377,0.964933,1.906652,1.184890,0.966632,1.906787,1.280285,0.977620,1.918951,1.415476,0.998592,1.943155,1.510448,1.001058,1.899060,1.355162,1.130550,1.825261,1.328247,1.138329,1.793043,1.050575,1.143582,1.744213,0.816690,0.944342,1.928267,1.357150,0.806582,1.988420,1.338612,0.761629,1.973779,1.063001,0.750434,2.001945,0.825951,1.042068,1.859805,0.896136,1.098936,2.015019,0.528038,1.097332,2.051251,0.093422,1.202946,2.189395,0.027912,0.897584,1.925541,0.884191,0.849310,1.881513,0.485979,0.736713,1.559245,0.214529,0.803237,1.499273,0.060866,0.493203,1.499443,0.048726
0.980119,1.918695,0.892662,0.972649,1.919972,0.988518,0.974925,1.930681,1.092522,0.974853,1.931037,1.188037,0.976951,1.930897,1.283423,0.988667,1.942819,1.418575,1.010239,1.967218,1.513359,1.011902,1.923172,1.357959,1.141668,1.850144,1.330223,1.150002,1.825410,1.051844,1.155727,1.778166,0.817595,0.955055,1.952089,1.360342,0.817054,2.011906,1.342504,0.771776,1.996391,1.066983,0.757966,2.016676,0.829326,1.052133,1.885450,0.899378,1.106505,2.034007,0.528256,1.096232,2.052948,0.092442,1.203256,2.189477,0.025697,0.908012,1.951953,0.887185,0.862300,1.928195,0.486864,0.746711,1.596057,0.228410,0.808301,1.527041,0.071334,0.490930,1.449131,0.111190
0.989439,1.944546,0.896405,0.981660,1.944972,0.992243,0.984007,1.955130,1.096301,0.984196,1.955126,1.191817,0.986732,1.954784,1.287191,0.999169,1.966639,1.422284,1.021446,1.991396,1.516812,1.022259,1.947195,1.361373,1.152232,1.874753,1.333088,1.161651,1.857605,1.054190,1.168911,1.813743,0.819271,0.965220,1.975689,1.364127,0.826880,2.034873,1.346815,0.781088,2.019140,1.071393,0.764616,2.031453,0.833382,1.061354,1.911088,0.903057,1.112224,2.049913,0.527606,1.095199,2.053812,0.091835,1.203406,2.189366,0.025085,0.917425,1.978010,0.890999,0.876386,1.974078,0.489492,0.758851,1.635087,0.241352,0.814557,1.565281,0.079481,0.510272,1.404946,0.204639
0.998194,1.969190,0.900338,0.990361,1.969129,0.996175,0.992878,1.978983,1.100259,0.993349,1.978783,1.195774,0.996272,1.978343,1.291138,1.009266,1.990218,1.426177,1.032120,2.015410,1.520455,1.032254,1.970959,1.365058,1.162531,1.899184,1.336504,1.173318,1.888615,1.057269,1.182669,1.849932,0.821621,0.975000,1.998981,1.368105,0.836214,2.057191,1.351139,0.790354,2.041191,1.075747,0.770992,2.046877,0.837615,1.070033,1.935557,0.906858,1.116860,2.063311,0.526987,1.094463,2.054472,0.091539,1.203590,2.189230,0.024747,0.926253,2.002826,0.895070,0.890829,2.018903,0.493421,0.771863,1.676728,0.250564,0.822760,1.612237,0.083890,0.519913,1.367028,0.277587
1.006437,1.992029,0.904464,0.998912,1.992140,1.000325,1.001732,2.002100,1.104390,1.002506,2.001955,1.199903,1.005734,2.001547,1.295258,1.019043,2.013501,1.430261,1.042255,2.039191,1.524317,1.041956,1.994421,1.369053,1.172722,1.923543,1.340502,1.185306,1.918102,1.061167,1.197317,1.886650,0.824643,0.984463,2.021916,1.372289,0.845067,2.078641,1.355406,0.799911,2.062168,1.079926,0.777084,2.063397,0.841988,1.078216,1.958236,0.910806,1.120497,2.073807,0.526637,1.094166,2.055040,0.091558,1.203913,2.189089,0.024339,0.934561,2.025829,0.899373,0.905516,2.062681,0.498707,0.785137,1.721147,0.255073,0.832916,1.669153,0.083176,0.506057,1.334576,0.313478
1.014114,2.013660,0.908780,1.007154,2.014308,1.004681,1.010374,2.024620,1.108700,1.011473,2.024695,1.204210,1.014954,2.024421,1.299556,1.028416,2.036543,1.434529,1.051856,2.062807,1.528369,1.051297,2.017624,1.373318,1.182647,1.947724,1.345052,1.197311,1.946405,1.065798,1.212538,1.923981,0.828338,0.993542,2.044542,1.376665,0.853427,2.099441,1.359685,0.809423,2.082447,1.084049,0.782903,2.080564,0.846539,1.085858,1.979746,0.914876,1.123051,2.081795,0.526318,1.094166,2.055404,0.091887,1.204272,2.188925,0.024207,0.942284,2.047591,0.903933,0.920561,2.105401,0.505292,0.799282,1.768178,0.255852,0.845019,1.734784,0.078725,0.482501,1.308391,0.328869
1.021428,2.034850,0.912846,1.015052,2.036005,1.008785,1.018658,2.046686,1.112755,1.020049,2.047017,1.208260,1.023733,2.046935,1.303599,1.037273,2.059320,1.438539,1.060844,2.086180,1.532177,1.060190,2.040523,1.377392,1.192130,1.971509,1.349719,1.208469,1.973531,1.070561,1.226919,1.961159,0.832611,1.002198,2.066920,1.380793,0.861427,2.120122,1.363767,0.818669,2.102313,1.087989,0.789086,2.097639,0.850889,1.093121,2.000782,0.918673,1.125038,2.089032,0.526221,1.094265,2.055852,0.092448,1.204547,2.188854,0.024051,0.949657,2.068941,0.908265,0.935563,2.146773,0.512568,0.814854,1.817708,0.253029,0.859811,1.803635,0.073278,0.459311,1.291013,0.321948
1.028335,2.055678,0.916606,1.022494,2.057179,1.012573,1.026447,2.068179,1.116497,1.028084,2.068777,1.211997,1.031927,2.068947,1.307329,1.045502,2.081722,1.442228,1.069107,2.109205,1.535677,1.068552,2.063002,1.381231,1.201082,1.994717,1.354616,1.218200,1.999265,1.075511,1.239764,1.997916,0.837589,1.010364,2.088965,1.384633,0.869039,2.140726,1.367750,0.827625,2.121680,1.091856,0.795855,2.114332,0.855083,1.099948,2.021402,0.922143,1.126404,2.095838,0.526458,1.094460,2.056468,0.093239,1.204674,2.188953,0.023744,0.956648,2.089981,0.912307,0.950416,2.187023,0.520756,0.832231,1.869569,0.246150,0.878036,1.874120,0.067464,0.442482,1.286289,0.283109
1.034879,2.076064,0.920115,1.029592,2.077882,1.016108,1.033878,2.089217,1.119983,1.035728,2.090119,1.215477,1.039680,2.090599,1.310803,1.053216,2.103859,1.445660,1.076758,2.131987,1.538932,1.076468,2.085178,1.384877,1.209591,2.017527,1.359630,1.227083,2.023822,1.080594,1.251769,2.034521,0.843144,1.018107,2.110760,1.388225,0.876289,2.161211,1.371537,0.836315,2.140634,1.095539,0.802989,2.130932,0.859077,1.106397,2.041548,0.925341,1.127204,2.101894,0.526916,1.094754,2.057168,0.094261,1.204719,2.189147,0.023414,0.963289,2.110608,0.916121,0.965225,2.225926,0.529635,0.851036,1.923929,0.235668,0.898949,1.947824,0.060654,0.426019,1.290372,0.221958
1.041390,2.096533,0.923104,1.036639,2.098642,1.019120,1.041220,2.110296,1.122947,1.043230,2.111499,1.218434,1.047229,2.112288,1.313757,1.060638,2.126031,1.448578,1.084051,2.154765,1.541699,1.084102,2.107355,1.387998,1.217743,2.040260,1.363986,1.235992,2.047847,1.085046,1.263603,2.071015,0.848795,1.025596,2.132619,1.391245,0.883384,2.181977,1.374619,0.844581,2.159715,1.098583,0.810459,2.147571,0.862361,1.112798,2.061750,0.928027,1.128120,2.107995,0.527441,1.094956,2.057991,0.095434,1.204757,2.189326,0.023153,0.969914,2.131343,0.919407,0.979913,2.262518,0.537930,0.870685,1.981178,0.223077,0.921058,2.024010,0.053707,0.402009,1.294267,0.165494
1.047942,2.117296,0.925523,1.043708,2.119647,1.021558,1.048533,2.131573,1.125344,1.050640,2.133033,1.220827,1.054608,2.134089,1.316148,1.067779,2.148248,1.450951,1.090989,2.177507,1.543959,1.091464,2.129572,1.390529,1.225511,2.062933,1.367517,1.245259,2.071318,1.088702,1.275467,2.107497,0.854518,1.032835,2.154570,1.393633,0.890343,2.203082,1.376883,0.852230,2.179003,1.100903,0.818304,2.164087,0.864816,1.119240,2.082247,0.930146,1.129386,2.114329,0.528025,1.094975,2.058949,0.096763,1.204816,2.189444,0.023037,0.976581,2.152374,0.922126,0.994721,2.296425,0.545513,0.890791,2.041733,0.207812,0.944034,2.102830,0.046105,0.360802,1.293723,0.124465
1.054462,2.138141,0.927423,1.050725,2.140708,1.023473,1.055756,2.152892,1.127219,1.057908,2.154604,1.222696,1.061783,2.155927,1.318019,1.074629,2.170499,1.452809,1.097570,2.200244,1.545730,1.098545,2.151791,1.392533,1.232922,2.085528,1.370390,1.254552,2.094256,1.091726,1.287160,2.143869,0.860337,1.039819,2.176585,1.395450,0.897147,2.224469,1.378443,0.859456,2.198419,1.102584,0.826487,2.180641,0.866561,1.125635,2.102801,0.931753,1.130768,2.120708,0.528675,1.094903,2.060029,0.098243,1.204869,2.189547,0.022989,0.983231,2.173512,0.924316,1.009408,2.328021,0.552512,0.911742,2.105177,0.190438,0.968206,2.184131,0.038365,0.312048,1.292990,0.088124
1.061063,2.158955,0.928678,1.057773,2.161786,1.024736,1.062978,2.174285,1.128436,1.065136,2.176317,1.223906,1.068882,2.177976,1.319228,1.081375,2.193057,1.453994,1.104050,2.223301,1.546818,1.105490,2.174200,1.393866,1.240147,2.108307,1.372333,1.263754,2.117374,1.093843,1.298750,2.179869,0.865849,1.046705,2.198881,1.396552,0.903949,2.246360,1.379133,0.866685,2.218257,1.103419,0.834862,2.197843,0.867447,1.132055,2.123226,0.932779,1.132253,2.127368,0.529258,1.094822,2.061232,0.099772,1.204917,2.189669,0.022877,0.990019,2.194716,0.925800,1.023167,2.357470,0.558044,0.934126,2.170640,0.174141,0.993059,2.266717,0.032898,0.276788,1.295820,0.051233
1.067754,2.179615,0.929246,1.064895,2.182807,1.025307,1.070271,2.195728,1.128945,1.072412,2.198188,1.224405,1.076004,2.200297,1.319723,1.088129,2.216042,1.454446,1.110555,2.246826,1.547153,1.112390,2.196863,1.394478,1.247317,2.131465,1.373114,1.272891,2.140895,1.094810,1.310309,2.215572,0.870928,1.053588,2.221536,1.396882,0.910852,2.268850,1.378851,0.874022,2.238565,1.103312,0.843419,2.215846,0.867388,1.138491,2.143361,0.933176,1.133723,2.134223,0.529761,1.094744,2.062525,0.101296,1.204897,2.189898,0.022649,0.996972,2.215907,0.926540,1.035837,2.384652,0.561930,0.958472,2.238627,0.159124,1.018158,2.351722,0.029681,0.261252,1.302675,0.012719
1.074526,2.200242,0.929170,1.072046,2.203844,1.025227,1.077562,2.217246,1.128797,1.079647,2.220200,1.224244,1.083049,2.222831,1.319557,1.094779,2.239334,1.454224,1.116959,2.270670,1.546805,1.119153,2.219716,1.394418,1.254302,2.154807,1.372965,1.281938,2.164597,1.094869,1.321765,2.250903,0.875699,1.060373,2.244472,1.396498,0.917753,2.291844,1.377700,0.881363,2.259296,1.102359,0.852168,2.234496,0.866470,1.144953,2.163367,0.932991,1.135296,2.141359,0.530196,1.094658,2.063940,0.102870,1.204872,2.190145,0.022357,1.004063,2.237164,0.926573,1.047580,2.409686,0.564348,0.984251,2.308632,0.145185,1.043938,2.438012,0.028737,0.259211,1.313093,-0.026344
1.081465,2.221088,0.928448,1.079175,2.225078,1.024495,1.084722,2.238951,1.128002,1.086676,2.242403,1.223436,1.089847,2.245566,1.318740,1.101179,2.262845,1.453345,1.123141,2.294709,1.545798,1.125653,2.242764,1.393695,1.260885,2.178009,1.372315,1.290696,2.188521,1.094474,1.332964,2.285379,0.880131,1.066931,2.267683,1.395433,0.924500,2.315288,1.375823,0.888828,2.280605,1.100646,0.861000,2.253943,0.864791,1.151540,2.183548,0.932299,1.137311,2.149259,0.530471,1.094615,2.065574,0.104557,1.205033,2.190173,0.022018,1.011360,2.258680,0.925824,1.058081,2.433096,0.564948,1.010472,2.378270,0.134896,1.071200,2.520981,0.032547,0.273019,1.329442,-0.067974
1.088654,2.242043,0.927032,1.086293,2.246389,1.023062,1.091741,2.260743,1.126508,1.093486,2.264732,1.221925,1.096402,2.268492,1.317214,1.107380,2.286654,1.451731,1.129179,2.319053,1.544036,1.131911,2.266060,1.392231,1.267011,2.200905,1.371267,1.299195,2.212727,1.093751,1.343968,2.318873,0.884319,1.073292,2.291239,1.393606,0.931105,2.339238,1.373192,0.896604,2.302558,1.098127,0.869963,2.274197,0.862330,1.158303,2.203752,0.931101,1.139825,2.157790,0.530602,1.094544,2.067439,0.106298,1.205579,2.189788,0.021631,1.018975,2.280390,0.924191,1.066319,2.454656,0.563266,1.037311,2.448717,0.129539,1.100775,2.600857,0.042722,0.312243,1.355039,-0.115969
1.096009,2.263215,0.924970,1.093389,2.267896,1.020978,1.098629,2.282722,1.124368,1.100090,2.287253,1.219766,1.102711,2.291621,1.315038,1.113331,2.310682,1.449459,1.134995,2.343593,1.541615,1.137904,2.289551,1.390104,1.272736,2.223662,1.369717,1.307406,2.237156,1.092574,1.354717,2.351512,0.888168,1.079427,2.315069,1.391098,0.937554,2.363639,1.369835,0.904503,2.325088,1.094849,0.879009,2.295247,0.859109,1.165191,2.224130,0.929395,1.142781,2.167086,0.530573,1.094514,2.069522,0.108152,1.206310,2.189185,0.021198,1.026796,2.302360,0.921775,1.073316,2.474592,0.559764,1.064592,2.518796,0.127833,1.131832,2.677412,0.057652,0.367316,1.386565,-0.166529
1.103372,2.285179,0.922411,1.100374,2.290142,1.018392,1.105280,2.305300,1.121751,1.106359,2.310204,1.217135,1.108592,2.314976,1.312399,1.118737,2.334608,1.446776,1.140234,2.367879,1.538843,1.143446,2.313083,1.387561,1.278003,2.246452,1.367776,1.315050,2.261673,1.091023,1.364871,2.383183,0.891360,1.085115,2.338947,1.388182,0.943652,2.388269,1.365971,0.912080,2.348153,1.091030,0.887893,2.317217,0.855294,1.172154,2.245436,0.927250,1.146353,2.178035,0.530231,1.094793,2.071879,0.110361,1.206822,2.188710,0.020743,1.034555,2.324983,0.918804,1.081823,2.494102,0.555486,1.090790,2.582587,0.128510,1.162678,2.745365,0.074981,0.411896,1.416437,-0.210279
1.110544,2.308094,0.919187,1.107051,2.313293,1.015139,1.111482,2.328601,1.118497,1.112068,2.333642,1.213880,1.113809,2.338522,1.309150,1.123337,2.358240,1.443563,1.144640,2.391667,1.535619,1.148337,2.336533,1.384482,1.282678,2.269286,1.365302,1.321874,2.286257,1.088947,1.374191,2.413949,0.893789,1.090157,2.362742,1.384759,0.949255,2.413130,1.361458,0.919187,2.371704,1.086542,0.896602,2.340088,0.850738,1.179055,2.267940,0.924496,1.150264,2.190529,0.529526,1.095270,2.074254,0.112757,1.206913,2.188525,0.020291,1.041987,2.348312,0.915112,1.093363,2.512684,0.550284,1.115950,2.639000,0.132995,1.194439,2.802958,0.097270,0.437160,1.437890,-0.248598
1.117724,2.331800,0.915466,1.113617,2.337182,1.011385,1.117448,2.352502,1.114767,1.117442,2.357512,1.210154,1.118600,2.362295,1.305439,1.127392,2.381770,1.439938,1.148470,2.415201,1.532045,1.152776,2.360023,1.380986,1.286895,2.292153,1.362437,1.328130,2.310928,1.086498,1.382917,2.443747,0.895561,1.094753,2.386584,1.380929,0.954507,2.438221,1.356437,0.925971,2.395790,1.081514,0.905148,2.363878,0.845587,1.186031,2.291371,0.921304,1.154791,2.204677,0.528510,1.096056,2.076904,0.115508,1.206785,2.188468,0.019818,1.049356,2.372294,0.910864,1.106413,2.530840,0.544306,1.140027,2.689125,0.139863,1.225990,2.851949,0.121960,0.451931,1.457687,-0.280105
1.125349,2.356392,0.911898,1.120573,2.361843,1.007782,1.123714,2.377038,1.111204,1.123024,2.381882,1.206595,1.123497,2.386426,1.301895,1.131389,2.405456,1.436509,1.152137,2.438764,1.528734,1.157165,2.383772,1.377677,1.291004,2.315192,1.359719,1.334301,2.335621,1.084213,1.391433,2.472284,0.896674,1.099288,2.410647,1.377266,0.959640,2.463318,1.351552,0.932429,2.420511,1.076552,0.913326,2.388765,0.840459,1.193442,2.315680,0.918250,1.160937,2.221694,0.527179,1.097739,2.080652,0.119350,1.206635,2.188400,0.019273,1.057182,2.397168,0.906782,1.119162,2.551274,0.539026,1.161361,2.730317,0.143575,1.252259,2.892325,0.139016,0.456336,1.488536,-0.291282
1.133713,2.381800,0.908560,1.128262,2.387219,1.004412,1.130624,2.402175,1.107890,1.129141,2.406746,1.203284,1.128785,2.410942,1.298599,1.135526,2.429374,1.433356,1.155784,2.462450,1.525772,1.161669,2.407851,1.374644,1.295101,2.338350,1.357264,1.340792,2.360334,1.082272,1.400139,2.499466,0.897175,1.103917,2.434979,1.373820,0.964779,2.488316,1.346766,0.938445,2.445999,1.071600,0.921030,2.414970,0.835283,1.201572,2.340768,0.915384,1.168493,2.241978,0.525412,1.100130,2.085029,0.124489,1.206500,2.188262,0.018617,1.065773,2.422895,0.902972,1.130718,2.575227,0.534934,1.179220,2.759887,0.141620,1.270027,2.922873,0.144959,0.447144,1.544489,-0.272788
1.142521,2.408094,0.905375,1.136341,2.413367,1.001193,1.137834,2.427947,1.104744,1.135466,2.432110,1.200142,1.134179,2.435817,1.295472,1.139605,2.453447,1.430398,1.159268,2.486165,1.523073,1.166123,2.432189,1.371798,1.299090,2.361681,1.354955,1.347198,2.385068,1.080496,1.408634,2.525387,0.897017,1.108486,2.459530,1.370541,0.969800,2.513320,1.342115,0.944136,2.472122,1.066715,0.928365,2.442271,0.830129,1.210137,2.366734,0.912657,1.177668,2.265132,0.523331,1.103420,2.090506,0.130721,1.206342,2.188112,0.017889,1.074821,2.449514,0.899328,1.141973,2.601458,0.531541,1.194335,2.780523,0.136509,1.282514,2.944806,0.143269,0.427586,1.611494,-0.233964
1.151331,2.435570,0.902762,1.144280,2.440492,0.998533,1.144841,2.454488,1.102171,1.141563,2.458062,1.197564,1.139359,2.461108,1.292899,1.143518,2.477705,1.428002,1.162571,2.509900,1.520984,1.170441,2.456785,1.369470,1.303031,2.385483,1.352982,1.352775,2.409759,1.078881,1.416095,2.550035,0.896056,1.112908,2.484323,1.367856,0.974560,2.538413,1.338350,0.949848,2.498586,1.062667,0.935441,2.470182,0.825815,1.218653,2.393817,0.910504,1.190095,2.291175,0.521301,1.108770,2.099321,0.138163,1.206248,2.187981,0.017165,1.083917,2.477379,0.896256,1.153783,2.628945,0.528856,1.207246,2.797647,0.130230,1.294302,2.961763,0.134348,0.407473,1.660091,-0.189314
1.160287,2.464863,0.900883,1.152000,2.469177,0.996574,1.151453,2.482287,1.100317,1.147191,2.484996,1.195692,1.144083,2.487105,1.291021,1.147083,2.502279,1.426312,1.165518,2.533690,1.519680,1.174486,2.481802,1.367761,1.306897,2.410156,1.351273,1.357048,2.434467,1.077241,1.422104,2.573478,0.894021,1.117046,2.509527,1.365922,0.978829,2.563641,1.335815,0.955801,2.525273,1.059785,0.942294,2.498635,0.822677,1.227204,2.422589,0.909220,1.207081,2.320684,0.519346,1.116919,2.112461,0.147077,1.206741,2.188068,0.015509,1.093263,2.507190,0.893784,1.167079,2.658083,0.526897,1.218145,2.812645,0.122615,1.307920,2.973941,0.114812,0.391675,1.681172,-0.138703
1.169244,2.495339,0.899577,1.159580,2.498839,0.995174,1.157862,2.510855,1.099037,1.152592,2.512517,1.194385,1.148592,2.513517,1.289698,1.150483,2.527037,1.425184,1.168284,2.557501,1.518988,1.178394,2.507078,1.366571,1.310716,2.435301,1.349899,1.360493,2.459131,1.075762,1.427080,2.595649,0.891184,1.121037,2.534971,1.364581,0.982838,2.588957,1.334165,0.961775,2.552301,1.057742,0.948887,2.527698,0.820379,1.235707,2.452479,0.908511,1.227320,2.353084,0.517442,1.127128,2.128940,0.157202,1.207297,2.188174,0.013855,1.102657,2.538246,0.891883,1.180930,2.688478,0.525647,1.226841,2.824130,0.113832,1.320839,2.981143,0.088047,0.375322,1.683845,-0.082266
1.177320,2.525387,0.898780,1.166728,2.527935,0.994318,1.164136,2.538858,1.098293,1.158059,2.539530,1.193614,1.153289,2.539531,1.288904,1.154153,2.551609,1.424546,1.171372,2.581229,1.518734,1.182493,2.532125,1.365927,1.314639,2.460026,1.349273,1.363794,2.483511,1.075000,1.431456,2.616337,0.888210,1.125215,2.560172,1.363785,0.987135,2.614309,1.333118,0.967457,2.579729,1.056321,0.955221,2.557092,0.818726,1.243424,2.482018,0.907924,1.248526,2.386664,0.515884,1.138343,2.148034,0.167880,1.206437,2.187736,0.015085,1.111080,2.568795,0.890878,1.193410,2.717926,0.525066,1.233295,2.833366,0.106376,1.330057,2.986409,0.064608,0.353627,1.665985,-0.034916
1.184006,2.554716,0.898393,1.173299,2.556148,0.993942,1.170324,2.566027,1.098014,1.163753,2.565829,1.193307,1.158368,2.565030,1.288564,1.158250,2.576030,1.424303,1.174965,2.604974,1.518794,1.186891,2.556958,1.365810,1.318645,2.484056,1.349638,1.367231,2.507429,1.075247,1.435500,2.635237,0.885251,1.129684,2.585129,1.363468,0.991959,2.639989,1.332514,0.972731,2.607975,1.055380,0.961307,2.586936,0.817590,1.249942,2.511004,0.907094,1.270735,2.420924,0.514531,1.150569,2.169705,0.178912,1.201688,2.183879,0.020931,1.117936,2.598454,0.890930,1.203822,2.746348,0.525402,1.236934,2.840542,0.101160,1.333392,2.990368,0.047813,0.320004,1.616828,-0.008178
1.189811,2.583618,0.898516,1.179438,2.583794,0.994110,1.176377,2.592631,1.098271,1.169512,2.591620,1.193535,1.163634,2.590132,1.288752,1.162618,2.600266,1.424551,1.178881,2.628635,1.519292,1.191479,2.581561,1.366239,1.322756,2.507666,1.350750,1.370525,2.531063,1.076210,1.438945,2.652654,0.882155,1.134340,2.609843,1.363696,0.997071,2.665705,1.332513,0.977712,2.636622,1.055063,0.967134,2.617111,0.817099,1.255675,2.539639,0.906386,1.293911,2.456365,0.513523,1.163802,2.193991,0.190496,1.195522,2.179479,0.029660,1.123821,2.627605,0.891876,1.212863,2.773824,0.526407,1.238332,2.845468,0.097271,1.333026,2.992391,0.034345,0.281038,1.547137,0.009474
1.195371,2.611358,0.899383,1.185294,2.610284,0.995004,1.182212,2.618146,1.099242,1.175147,2.616417,1.194481,1.168906,2.614365,1.289665,1.167228,2.623842,1.425506,1.183077,2.651810,1.520437,1.196258,2.605408,1.367302,1.327182,2.530781,1.352293,1.373528,2.554699,1.077565,1.441418,2.669288,0.879142,1.139199,2.633833,1.364612,1.002298,2.690532,1.333301,0.982433,2.664483,1.055587,0.972662,2.646984,0.817446,1.261124,2.567070,0.906443,1.315667,2.492784,0.513576,1.176971,2.220281,0.202572,1.193873,2.182599,0.038954,1.129499,2.655636,0.893550,1.220688,2.798387,0.527297,1.239176,2.848832,0.094474,1.332499,2.993633,0.024808,0.251696,1.487077,0.037707
1.200842,2.637719,0.901172,1.190870,2.635326,0.996775,1.187793,2.642241,1.101080,1.180614,2.639882,1.196298,1.174179,2.637410,1.291461,1.172178,2.646486,1.427329,1.187662,2.674282,1.522372,1.201331,2.628196,1.369093,1.332156,2.553356,1.354223,1.375824,2.578719,1.079217,1.442329,2.685404,0.876084,1.144376,2.656828,1.366339,1.007654,2.713962,1.335015,0.986844,2.691184,1.057098,0.977703,2.676579,0.818752,1.266319,2.592919,0.907498,1.335402,2.530717,0.514962,1.189680,2.248060,0.216550,1.198453,2.195134,0.049269,1.135245,2.682491,0.896076,1.227313,2.819355,0.527819,1.239868,2.850370,0.092938,1.332963,2.994222,0.020552,0.236545,1.452391,0.089367
1.206069,2.662919,0.903706,1.196164,2.659210,0.999272,1.193156,2.665246,1.103632,1.185956,2.662354,1.198832,1.179459,2.659587,1.293981,1.177370,2.668470,1.429859,1.192527,2.696268,1.524953,1.206596,2.650226,1.371518,1.337446,2.575436,1.356583,1.377829,2.602741,1.081260,1.442269,2.700737,0.873109,1.149755,2.679099,1.368755,1.013126,2.736503,1.337520,0.990995,2.717099,1.059451,0.982445,2.705874,0.820895,1.271230,2.617564,0.909320,1.353715,2.569627,0.517408,1.202326,2.277844,0.231019,1.207549,2.215190,0.060149,1.140785,2.708225,0.899330,1.232722,2.837411,0.528226,1.240005,2.850346,0.092492,1.333265,2.994031,0.020227,0.231017,1.427336,0.151609
1.211225,2.686866,0.906691,1.201313,2.682216,1.002222,1.198326,2.687632,1.106618,1.191110,2.684363,1.201806,1.184584,2.681391,1.296945,1.182485,2.690140,1.432830,1.197304,2.718017,1.527953,1.211739,2.671872,1.374386,1.342562,2.597084,1.359184,1.380642,2.625907,1.083654,1.442643,2.715185,0.870821,1.155011,2.700974,1.371636,1.018499,2.758755,1.340591,0.995070,2.742160,1.062429,0.987413,2.734161,0.823703,1.276269,2.641283,0.911852,1.370025,2.607703,0.520805,1.215038,2.310572,0.241686,1.221956,2.245154,0.067898,1.146057,2.732388,0.902771,1.237033,2.852636,0.528494,1.240071,2.850240,0.092390,1.333486,2.993832,0.020385,0.236371,1.394853,0.205559
1.216386,2.709399,0.910206,1.206326,2.704369,1.005708,1.203232,2.709531,1.110117,1.195944,2.706089,1.205294,1.189370,2.703006,1.300427,1.187285,2.711629,1.436320,1.201729,2.739650,1.531459,1.216519,2.693207,1.377789,1.347090,2.618101,1.362010,1.384827,2.647949,1.086521,1.443809,2.728500,0.869454,1.159930,2.722583,1.375059,1.023714,2.781189,1.344266,0.999055,2.766368,1.066099,0.992951,2.761266,0.827256,1.281635,2.664109,0.915335,1.383989,2.643979,0.525367,1.227207,2.346432,0.247111,1.243318,2.287238,0.070870,1.151009,2.754625,0.906321,1.240274,2.864531,0.528547,1.240284,2.850454,0.092465,1.333638,2.993866,0.020018,0.256814,1.345175,0.249085
1.221476,2.730681,0.914172,1.211195,2.725643,1.009648,1.207945,2.730810,1.114050,1.200591,2.727353,1.209221,1.194001,2.724249,1.304353,1.192008,2.732804,1.440251,1.206066,2.761045,1.535383,1.221179,2.714158,1.381635,1.351445,2.638687,1.365077,1.389820,2.669134,1.089738,1.445408,2.740932,0.868775,1.164725,2.743796,1.378948,1.028831,2.803334,1.348507,1.002964,2.789722,1.070393,0.998716,2.787365,0.831472,1.287129,2.686010,0.919529,1.395948,2.679422,0.530880,1.239442,2.385235,0.248734,1.269991,2.339229,0.070712,1.155692,2.775292,0.910059,1.242416,2.873594,0.528460,1.240425,2.850586,0.092883,1.333708,2.993893,0.020134,0.288139,1.288070,0.284320
1.226450,2.751109,0.918050,1.216039,2.746237,1.013518,1.212708,2.751540,1.117909,1.205380,2.748144,1.213084,1.198868,2.745068,1.308221,1.197052,2.753622,1.444122,1.210729,2.782088,1.539242,1.226138,2.734873,1.385457,1.356373,2.659499,1.368240,1.395023,2.689410,1.092898,1.447772,2.753125,0.868682,1.169701,2.764546,1.382845,1.033813,2.824380,1.352983,1.007020,2.812148,1.074900,1.004198,2.812283,0.835935,1.292567,2.707166,0.923659,1.406347,2.715118,0.536591,1.253696,2.427361,0.246575,1.297831,2.396877,0.068663,1.160201,2.794997,0.913685,1.243489,2.881402,0.528433,1.240317,2.850909,0.093387,1.333730,2.993958,0.020309,0.318973,1.235774,0.298782
1.231222,2.770512,0.921823,1.220862,2.766018,1.017312,1.217604,2.771613,1.121690,1.210460,2.768369,1.216883,1.204178,2.765373,1.312038,1.202672,2.774003,1.447937,1.216000,2.802701,1.543037,1.231625,2.755367,1.389282,1.362251,2.680774,1.371626,1.400217,2.708584,1.095977,1.451012,2.765071,0.869336,1.175020,2.784731,1.386801,1.038614,2.843847,1.357910,1.011428,2.833548,1.079790,1.009347,2.835920,0.840822,1.297822,2.727332,0.927650,1.415099,2.751927,0.542500,1.270712,2.473249,0.239888,1.325999,2.459963,0.064585,1.164493,2.813640,0.917236,1.243178,2.888012,0.528574,1.239775,2.851576,0.093915,1.333694,2.994094,0.020452,0.350144,1.189445,0.283291
1.235878,2.789061,0.925508,1.225661,2.785120,1.021037,1.222551,2.791136,1.125396,1.215682,2.788121,1.220617,1.209723,2.785256,1.315797,1.208611,2.794026,1.451691,1.221598,2.822961,1.546766,1.237413,2.775626,1.393082,1.368703,2.702276,1.375108,1.405621,2.726849,1.098998,1.455016,2.776780,0.870575,1.180520,2.804453,1.390766,1.043280,2.862215,1.363070,1.015982,2.854019,1.084892,1.014213,2.858378,0.845956,1.303021,2.746754,0.931577,1.422291,2.788990,0.548607,1.289748,2.522458,0.229419,1.355335,2.528705,0.058616,1.168611,2.831322,0.920675,1.241797,2.893365,0.528773,1.238984,2.852434,0.094528,1.333611,2.994270,0.020654,0.380823,1.147927,0.247027
1.240625,2.807672,0.928627,1.230541,2.804139,1.024188,1.227546,2.810506,1.128530,1.220935,2.807681,1.223776,1.215277,2.804937,1.318978,1.214501,2.813878,1.454864,1.227101,2.842984,1.549939,1.243237,2.795761,1.396310,1.375346,2.723951,1.378164,1.411292,2.744723,1.101621,1.459776,2.788922,0.871818,1.186021,2.823956,1.394135,1.047907,2.880114,1.367480,1.020295,2.873785,1.089281,1.018444,2.879784,0.850382,1.308359,2.766349,0.934886,1.428620,2.824817,0.554164,1.310531,2.574053,0.217433,1.384212,2.599518,0.052419,1.172769,2.848952,0.923599,1.240317,2.898866,0.528908,1.238311,2.853289,0.095159,1.333545,2.994443,0.020757,0.397158,1.119989,0.205052
1.245567,2.826694,0.931069,1.235550,2.823275,1.026643,1.232595,2.829820,1.130976,1.226191,2.827080,1.226238,1.220787,2.824410,1.321457,1.220268,2.833522,1.457333,1.232418,2.862699,1.552445,1.249069,2.815741,1.398832,1.382168,2.745792,1.380737,1.417158,2.762123,1.103803,1.465384,2.801548,0.873038,1.191511,2.843231,1.396774,1.052536,2.897574,1.370895,1.024193,2.892916,1.092737,1.021676,2.900117,0.853875,1.313945,2.786466,0.937441,1.434295,2.858974,0.559094,1.333754,2.627901,0.203820,1.412240,2.671837,0.045953,1.177069,2.866878,0.925924,1.238850,2.904985,0.528987,1.237852,2.854131,0.095817,1.333518,2.994609,0.020698,0.389149,1.112864,0.161802
1.250601,2.845777,0.932944,1.240640,2.842328,1.028522,1.237692,2.848980,1.132849,1.231478,2.846285,1.228125,1.226306,2.843682,1.323359,1.225986,2.852995,1.459222,1.237639,2.882176,1.554395,1.254938,2.835597,1.400781,1.389180,2.767807,1.382883,1.423291,2.779134,1.105587,1.471748,2.814608,0.874261,1.197003,2.862288,1.398817,1.057125,2.914566,1.373560,1.027850,2.911341,1.095479,1.024271,2.919400,0.856661,1.319671,2.806756,0.939378,1.439108,2.891894,0.563474,1.358724,2.684134,0.188690,1.439810,2.746225,0.039259,1.181408,2.884753,0.927734,1.237283,2.911250,0.529002,1.237511,2.854969,0.096493,1.333507,2.994773,0.020540,0.366795,1.119320,0.112840
1.255617,2.864787,0.934097,1.245779,2.861303,1.029686,1.242822,2.868091,1.134003,1.236762,2.865480,1.229291,1.231756,2.862993,1.324537,1.231502,2.872591,1.460380,1.242614,2.901743,1.555626,1.260666,2.855532,1.402002,1.396032,2.789963,1.384255,1.429960,2.796527,1.106760,1.478576,2.828629,0.874988,1.202354,2.881391,1.400067,1.061653,2.931637,1.375228,1.031402,2.929078,1.097245,1.026964,2.937833,0.858465,1.325411,2.827090,0.940546,1.443136,2.923397,0.566784,1.383096,2.742211,0.174632,1.466464,2.820791,0.034123,1.185700,2.902436,0.928869,1.236244,2.917648,0.528800,1.237374,2.855635,0.097082,1.333507,2.994903,0.020318,0.346236,1.126426,0.059916
1.260604,2.883615,0.934461,1.250957,2.880150,1.030070,1.247960,2.887160,1.134371,1.241991,2.884716,1.229670,1.237048,2.882438,1.324924,1.236673,2.892454,1.460735,1.247202,2.921569,1.556060,1.266116,2.875623,1.402429,1.402506,2.812172,1.384753,1.437363,2.814469,1.107306,1.485864,2.843782,0.875124,1.207451,2.900668,1.400421,1.066077,2.949089,1.375737,1.034803,2.946158,1.097867,1.029982,2.955438,0.859112,1.331158,2.847369,0.940903,1.446459,2.953391,0.568955,1.406339,2.802348,0.162090,1.492811,2.895027,0.030775,1.189927,2.919814,0.929238,1.236027,2.924102,0.528342,1.237518,2.856035,0.097538,1.333563,2.994972,0.020026,0.333237,1.128744,-0.000203
1.265574,2.902370,0.934102,1.256184,2.898918,1.029739,1.253130,2.906179,1.134021,1.247217,2.903942,1.229328,1.242271,2.901923,1.324588,1.241643,2.912440,1.460361,1.251543,2.941484,1.555775,1.271424,2.895793,1.402129,1.408819,2.834523,1.384477,1.445303,2.832793,1.107241,1.493617,2.859896,0.874763,1.212408,2.919991,1.399982,1.070439,2.966621,1.375249,1.038100,2.962549,1.097513,1.033097,2.972194,0.858776,1.336921,2.867692,0.940492,1.448998,2.981966,0.570057,1.428983,2.864329,0.150619,1.518242,2.969441,0.028986,1.194106,2.937001,0.928933,1.236339,2.930687,0.527668,1.237866,2.856264,0.097907,1.333630,2.995009,0.019670,0.322032,1.131712,-0.064285
1.270453,2.921241,0.933069,1.261450,2.917757,1.028740,1.258391,2.925236,1.133007,1.252567,2.923182,1.228323,1.247623,2.921405,1.323588,1.246692,2.932412,1.459321,1.255900,2.961311,1.554848,1.276817,2.916010,1.401147,1.415272,2.857254,1.383372,1.453451,2.851781,1.106408,1.501564,2.876980,0.873679,1.217428,2.939253,1.398854,1.074846,2.983874,1.374008,1.041569,2.978168,1.096417,1.036360,2.988240,0.857704,1.342598,2.888230,0.939292,1.450587,3.009218,0.569785,1.450266,2.926960,0.141473,1.540470,3.043665,0.029848,1.198192,2.954205,0.928069,1.236927,2.937621,0.526742,1.238274,2.856432,0.098222,1.333566,2.995067,0.019295,0.311473,1.138723,-0.120873
1.275223,2.940206,0.931307,1.266808,2.936607,1.027025,1.263829,2.944267,1.131281,1.258147,2.942376,1.226609,1.253213,2.940840,1.321879,1.251913,2.952363,1.457565,1.260318,2.981034,1.553232,1.282378,2.936273,1.399428,1.422008,2.880514,1.381312,1.461815,2.871471,1.104674,1.509696,2.895089,0.871726,1.222582,2.958426,1.396976,1.079354,3.000832,1.371919,1.045247,2.992885,1.094494,1.039764,3.003574,0.855814,1.348187,2.909002,0.937182,1.450604,3.034915,0.567733,1.470281,2.990849,0.134967,1.559276,3.118824,0.034662,1.202153,2.971363,0.926658,1.237653,2.944741,0.525574,1.238741,2.856506,0.098437,1.333254,2.995195,0.018908,0.300253,1.153088,-0.167602
1.279903,2.959288,0.928870,1.272204,2.955528,1.024642,1.269358,2.963335,1.128891,1.263852,2.961584,1.224233,1.258931,2.960272,1.319507,1.257213,2.972300,1.455144,1.264752,3.000669,1.550974,1.288024,2.956583,1.397027,1.428885,2.904153,1.378425,1.470389,2.891824,1.102172,1.518023,2.914169,0.869051,1.227800,2.977536,1.394409,1.083907,3.017511,1.369077,1.049097,3.006829,1.091829,1.043315,3.018198,0.853188,1.353690,2.929988,0.934282,1.449670,3.059289,0.564307,1.488935,3.055388,0.130786,1.574879,3.193793,0.042128,1.206020,2.988538,0.924688,1.238656,2.952209,0.524155,1.239267,2.856521,0.098597,1.332811,2.995344,0.018504,0.289677,1.171496,-0.206837
1.284480,2.978744,0.925972,1.277471,2.974838,1.021793,1.274776,2.982719,1.126040,1.269487,2.981009,1.221395,1.264645,2.979791,1.316674,1.262596,2.992103,1.452282,1.269330,3.020079,1.548288,1.293728,2.976911,1.394152,1.435769,2.927957,1.375036,1.478825,2.913001,1.099139,1.526305,2.934062,0.865871,1.233070,2.996554,1.391451,1.088440,3.033607,1.366012,1.053283,3.020309,1.088912,1.047093,3.032258,0.850308,1.359023,2.951308,0.930935,1.449487,3.083121,0.560426,1.505188,3.117563,0.129231,1.585654,3.264832,0.049440,1.209851,3.006127,0.922243,1.240098,2.960720,0.522427,1.239709,2.856690,0.098880,1.332451,2.995426,0.018107,0.282516,1.187401,-0.234224
1.288828,2.998583,0.922554,1.282471,2.994595,1.018417,1.279964,3.002480,1.122669,1.274965,3.000699,1.218038,1.270306,2.999410,1.313325,1.268088,3.011717,1.448933,1.274128,3.039193,1.545131,1.299495,2.997231,1.390744,1.442638,2.951797,1.371136,1.487102,2.934992,1.095558,1.534633,2.954696,0.862180,1.238397,3.015449,1.388090,1.092886,3.048927,1.362820,1.057907,3.033359,1.085814,1.051070,3.045789,0.847254,1.364035,2.972941,0.927099,1.450797,3.105930,0.556074,1.518918,3.177767,0.131689,1.590178,3.332030,0.056368,1.213545,3.024171,0.919246,1.241945,2.970250,0.520348,1.239936,2.856987,0.099165,1.332260,2.995378,0.017719,0.278346,1.196364,-0.246335
1.293073,3.018796,0.918675,1.287341,3.014742,1.014574,1.285040,3.022556,1.118836,1.280373,3.020607,1.214219,1.275961,3.019116,1.309516,1.273663,3.031197,1.445144,1.279070,3.058082,1.541546,1.305321,3.017569,1.386861,1.449515,2.975802,1.366736,1.495241,2.957807,1.091446,1.542916,2.976144,0.857984,1.243776,3.034252,1.384337,1.097312,3.063664,1.359406,1.062867,3.045943,1.082464,1.055272,3.058757,0.843948,1.368876,2.994908,0.922816,1.452857,3.128197,0.551267,1.530248,3.235606,0.136773,1.589874,3.395299,0.063143,1.217201,3.042629,0.915772,1.244231,2.980823,0.517960,1.240078,2.857439,0.099572,1.332153,2.995263,0.017339,0.277590,1.202824,-0.246598
1.297576,3.039611,0.914721,1.292325,3.035421,1.010643,1.290154,3.043038,1.114922,1.285786,3.040793,1.210312,1.281620,3.038954,1.305613,1.279255,3.050579,1.441277,1.284062,3.076826,1.537886,1.311159,3.037974,1.382889,1.456340,3.000140,1.362193,1.502964,2.981631,1.087091,1.550645,2.998467,0.853519,1.249192,3.053030,1.380520,1.101853,3.078093,1.356008,1.068028,3.058268,1.079133,1.059865,3.071202,0.840641,1.373907,3.017391,0.918553,1.455136,3.152150,0.546965,1.538506,3.286885,0.140623,1.587390,3.450634,0.067642,1.221183,3.061775,0.912128,1.247228,2.993201,0.515337,1.240383,2.858344,0.100637,1.332081,2.995175,0.016992,0.284288,1.213548,-0.240933
1.302555,3.060959,0.910816,1.297528,3.056565,1.006743,1.295354,3.063849,1.111046,1.291205,3.061169,1.206435,1.287262,3.058825,1.301734,1.284832,3.069743,1.437456,1.289066,3.095342,1.534266,1.317010,3.058385,1.378933,1.463126,3.024863,1.357523,1.510194,3.006553,1.082476,1.557679,3.021642,0.848748,1.254648,3.071727,1.376740,1.106530,3.092128,1.352753,1.073349,3.070319,1.075945,1.064895,3.083041,0.837449,1.379314,3.040166,0.914511,1.457457,3.178884,0.543766,1.542547,3.330457,0.142612,1.582142,3.496854,0.069801,1.225734,3.081690,0.908361,1.251367,3.007266,0.512571,1.240881,2.859469,0.102397,1.332048,2.995153,0.016794,0.305056,1.233774,-0.226355
1.307792,3.082910,0.906836,1.302845,3.078242,1.002755,1.300592,3.085065,1.107089,1.296628,3.081822,1.202470,1.292907,3.078828,1.297761,1.290427,3.088809,1.433556,1.294120,3.113713,1.530571,1.322874,3.078864,1.374888,1.469861,3.049919,1.352711,1.517007,3.032484,1.077617,1.564159,3.045693,0.843707,1.260141,3.090398,1.372896,1.111323,3.105856,1.349513,1.078869,3.082110,1.072776,1.070315,3.094357,0.834258,1.384912,3.063457,0.910489,1.459996,3.207305,0.541073,1.543515,3.367469,0.143367,1.574714,3.535140,0.069686,1.230610,3.102293,0.904423,1.256217,3.023135,0.509570,1.241541,2.861047,0.104816,1.332052,2.995159,0.016629,0.333277,1.258264,-0.205850
1.312998,3.105901,0.902800,1.308202,3.100802,0.998701,1.305877,3.107010,1.103070,1.302117,3.103074,1.198431,1.298622,3.099307,1.293703,1.296063,3.108170,1.429572,1.299244,3.132265,1.526806,1.328704,3.099632,1.370827,1.476450,3.075322,1.348066,1.523354,3.059342,1.072853,1.569997,3.070750,0.838744,1.265648,3.109280,1.369010,1.116301,3.119811,1.346151,1.084573,3.093889,1.069531,1.076148,3.105441,0.830977,1.390500,3.088117,0.906357,1.462752,3.236353,0.538062,1.544170,3.397164,0.140911,1.569509,3.565035,0.065367,1.235436,3.123611,0.900480,1.260756,3.041926,0.506128,1.242516,2.864075,0.108321,1.332041,2.995171,0.016173,0.353146,1.278079,-0.194293
1.318290,3.130957,0.898271,1.313880,3.125225,0.994153,1.311546,3.130573,1.098565,1.308025,3.125707,1.193887,1.304733,3.120915,1.289113,1.301992,3.128275,1.425058,1.304713,3.151343,1.522550,1.334698,3.121052,1.366402,1.483125,3.101083,1.343500,1.529291,3.087316,1.068057,1.575380,3.097058,0.833758,1.271368,3.128771,1.364690,1.121671,3.134640,1.342268,1.090416,3.106059,1.065863,1.082385,3.116622,0.827253,1.396263,3.115345,0.901531,1.465882,3.266999,0.534076,1.545825,3.418660,0.133186,1.568348,3.585162,0.053602,1.240269,3.146503,0.896239,1.265182,3.064434,0.501848,1.243848,2.868663,0.112960,1.332034,2.995159,0.014958,0.356416,1.293637,-0.216345
1.323549,3.157054,0.893686,1.319599,3.150532,0.989539,1.317262,3.154865,1.093999,1.314000,3.148938,1.189270,1.310914,3.142999,1.284438,1.307963,3.148674,1.420458,1.310253,3.170603,1.518225,1.340656,3.142763,1.361961,1.489655,3.127190,1.339102,1.534761,3.116216,1.063355,1.580122,3.124373,0.828849,1.277103,3.148473,1.360329,1.127226,3.149697,1.338263,1.096442,3.118217,1.062119,1.089034,3.127571,0.823439,1.402016,3.143942,0.896595,1.469228,3.298272,0.529773,1.547168,3.432839,0.122249,1.569410,3.596898,0.037635,1.245051,3.170111,0.891994,1.269297,3.089863,0.497127,1.245495,2.874700,0.118687,1.332013,2.995153,0.013451,0.351335,1.304519,-0.247344
1.328134,3.181549,0.890373,1.324447,3.174131,0.986172,1.322028,3.177545,1.090668,1.319049,3.170746,1.185896,1.316258,3.163940,1.281021,1.313254,3.168416,1.417096,1.315066,3.189333,1.515099,1.345939,3.163904,1.358626,1.495253,3.153624,1.335448,1.539549,3.145396,1.059463,1.583577,3.152100,0.824666,1.282237,3.167426,1.357115,1.132425,3.163580,1.335192,1.102771,3.129411,1.059246,1.096146,3.137579,0.820500,1.407008,3.171158,0.893168,1.472321,3.326196,0.526294,1.547024,3.441588,0.112301,1.571639,3.603914,0.025271,1.249237,3.191884,0.888791,1.271480,3.116943,0.492954,1.247486,2.882860,0.125790,1.331873,2.995221,0.012733,0.346842,1.300530,-0.228184
1.331815,3.203414,0.888803,1.327980,3.194900,0.984499,1.325335,3.197535,1.089012,1.322675,3.190158,1.184208,1.320350,3.182938,1.279318,1.317627,3.187014,1.415417,1.318878,3.207122,1.513599,1.350349,3.184098,1.356696,1.499671,3.180613,1.332326,1.543890,3.174941,1.056262,1.585647,3.180333,0.821030,1.286563,3.185209,1.355407,1.137084,3.175583,1.333277,1.109451,3.139202,1.057394,1.103374,3.146211,0.818578,1.410986,3.195984,0.891926,1.475157,3.349083,0.524048,1.544152,3.443545,0.104368,1.575491,3.605737,0.020060,1.252613,3.210763,0.886898,1.271225,3.146305,0.489237,1.249303,2.893811,0.134418,1.331595,2.993930,0.012704,0.353388,1.279573,-0.112963
1.334821,3.223677,0.888506,1.330641,3.213962,0.984072,1.327692,3.215913,1.088590,1.325376,3.208147,1.183763,1.323605,3.200793,1.278874,1.321318,3.204954,1.414976,1.321964,3.224382,1.513298,1.354083,3.203723,1.355872,1.503157,3.207928,1.329947,1.547548,3.204765,1.053871,1.586431,3.208977,0.818119,1.290289,3.202244,1.354848,1.141387,3.186413,1.332295,1.116433,3.148029,1.056414,1.111063,3.153903,0.817531,1.414203,3.219430,0.892193,1.477739,3.368621,0.522628,1.539794,3.440072,0.097424,1.580509,3.602841,0.018453,1.255391,3.227807,0.886048,1.269038,3.177318,0.486067,1.251465,2.906885,0.144423,1.331197,2.992712,0.013463,0.360522,1.243745,0.052418
1.337198,3.242779,0.889400,1.332847,3.232094,0.984863,1.329630,3.233564,1.089382,1.327645,3.225599,1.184545,1.326361,3.218286,1.279666,1.324322,3.222739,1.415759,1.324344,3.241627,1.514189,1.357092,3.223040,1.356371,1.505674,3.234862,1.329523,1.549604,3.233962,1.053357,1.585584,3.237151,0.817120,1.293421,3.218836,1.355553,1.145345,3.196786,1.332641,1.123691,3.156253,1.056804,1.120299,3.161256,0.817897,1.416667,3.241771,0.893551,1.479613,3.385908,0.521949,1.536496,3.437137,0.092584,1.584265,3.600314,0.017609,1.257670,3.243642,0.886485,1.264816,3.206814,0.484715,1.255557,2.920742,0.155651,1.330626,2.995935,0.016393,0.345821,1.189133,0.189367
1.338859,3.260920,0.891629,1.334677,3.249561,0.987025,1.331285,3.250799,1.091544,1.329620,3.242860,1.186716,1.328701,3.235792,1.281858,1.326586,3.240770,1.417931,1.326003,3.259301,1.516430,1.359306,3.242288,1.358457,1.507162,3.261387,1.331812,1.549249,3.262373,1.055368,1.582528,3.264367,0.818714,1.295901,3.235196,1.357747,1.148846,3.207143,1.334660,1.131425,3.164117,1.058937,1.132122,3.168611,0.820048,1.418279,3.263191,0.896032,1.480610,3.401343,0.522080,1.535429,3.436798,0.090635,1.585579,3.599937,0.016759,1.259380,3.258495,0.888462,1.257912,3.233997,0.485780,1.262212,2.934199,0.169248,1.330399,3.005357,0.023161,0.291645,1.106489,0.268092
1.339891,3.277900,0.895048,1.336052,3.266098,0.990404,1.332522,3.267307,1.094918,1.331164,3.259585,1.190113,1.330542,3.252937,1.285288,1.328162,3.258646,1.421328,1.326956,3.276961,1.519861,1.360796,3.261230,1.361867,1.507682,3.287530,1.336055,1.547291,3.290158,1.059257,1.577842,3.291112,0.822221,1.297787,3.251112,1.361206,1.152002,3.217044,1.338006,1.139436,3.171379,1.062440,1.145491,3.175628,0.823612,1.419139,3.283507,0.899604,1.480898,3.414526,0.522953,1.535423,3.436997,0.090790,1.585631,3.599928,0.016672,1.260590,3.272139,0.891725,1.248973,3.259663,0.488663,1.270797,2.948438,0.184068,1.329999,3.019219,0.032100,0.215633,1.005062,0.318385
1.340601,3.293559,0.899148,1.337151,3.281693,0.994508,1.333463,3.283043,1.099013,1.332369,3.275620,1.194234,1.331972,3.269384,1.289439,1.329196,3.275678,1.425447,1.327276,3.293798,1.524003,1.361716,3.279415,1.366027,1.507378,3.312663,1.341190,1.545228,3.316890,1.064152,1.572911,3.317970,0.826778,1.299265,3.266254,1.365366,1.155163,3.225882,1.342029,1.147098,3.177671,1.066695,1.158365,3.181893,0.828017,1.419555,3.302443,0.903762,1.480528,3.425360,0.524285,1.535516,3.437537,0.091804,1.585542,3.600033,0.016824,1.261599,3.284524,0.895766,1.239835,3.283043,0.492826,1.281001,2.965671,0.196516,1.327822,3.036612,0.039593,0.148290,0.908684,0.351035
1.341105,3.307709,0.904061,1.338064,3.296314,0.999489,1.334184,3.298005,1.103982,1.333283,3.290937,1.199233,1.333020,3.285022,1.294459,1.329688,3.291573,1.430442,1.326920,3.309495,1.529013,1.362084,3.296682,1.371074,1.506286,3.336509,1.347298,1.543625,3.342341,1.070212,1.568279,3.345170,0.832516,1.300374,3.280454,1.370341,1.158468,3.233235,1.346765,1.153946,3.182518,1.071780,1.170066,3.187207,0.833404,1.419660,3.319726,0.908622,1.479342,3.433060,0.526071,1.535343,3.438363,0.093453,1.585606,3.600232,0.017152,1.262506,3.295551,0.900733,1.230816,3.303491,0.498494,1.294137,2.986685,0.205716,1.321965,3.057278,0.044523,0.103278,0.821063,0.367528
1.341286,3.320539,0.909656,1.338700,3.309992,1.005196,1.334610,3.312195,1.109672,1.333858,3.305565,1.204955,1.333658,3.299962,1.300201,1.329637,3.306624,1.436160,1.325931,3.324368,1.534733,1.361883,3.313193,1.376870,1.504372,3.359346,1.354297,1.541917,3.366739,1.077277,1.563403,3.372483,0.839304,1.301075,3.293880,1.376018,1.161778,3.239525,1.352178,1.160445,3.186394,1.077616,1.181272,3.191768,0.839633,1.419321,3.335630,0.914068,1.477498,3.438411,0.528316,1.535269,3.439529,0.095961,1.585529,3.600544,0.017720,1.263212,3.305320,0.906476,1.221597,3.321652,0.505443,1.308891,3.010691,0.212545,1.314331,3.081475,0.048007,0.066934,0.738490,0.366377
1.341106,3.332448,0.915023,1.338960,3.322816,1.010672,1.334647,3.325573,1.115127,1.334032,3.319437,1.210444,1.333886,3.314199,1.305709,1.329193,3.321018,1.441639,1.324503,3.338563,1.540206,1.361217,3.328987,1.382437,1.501675,3.381379,1.360873,1.539902,3.390344,1.084000,1.558040,3.399808,0.845893,1.301423,3.306705,1.381497,1.165015,3.245423,1.357507,1.167369,3.190352,1.083355,1.191981,3.195762,0.845707,1.418454,3.350708,0.919240,1.475525,3.443665,0.530742,1.535426,3.441001,0.098752,1.585554,3.600775,0.018196,1.263723,3.314074,0.912040,1.213055,3.338690,0.512462,1.321012,3.037540,0.216034,1.309028,3.109074,0.049772,0.028770,0.673683,0.353911
1.340500,3.343422,0.919980,1.338802,3.334716,1.015723,1.334279,3.338053,1.120151,1.333826,3.332472,1.215502,1.333765,3.327676,1.310791,1.328494,3.334756,1.446687,1.322774,3.352052,1.545242,1.360182,3.344015,1.387579,1.498272,3.402618,1.366704,1.537685,3.413158,1.090057,1.552245,3.427329,0.851984,1.301504,3.318935,1.386615,1.168245,3.251065,1.362682,1.175205,3.194674,1.088891,1.202098,3.199059,0.851441,1.416957,3.365078,0.923930,1.473509,3.449647,0.533400,1.535891,3.442866,0.101800,1.585843,3.600817,0.018485,1.264017,3.321664,0.917261,1.205552,3.354656,0.519311,1.328885,3.067584,0.215075,1.308926,3.140047,0.049161,-0.018508,0.635404,0.330644
1.339532,3.353476,0.924710,1.338267,3.345762,1.020544,1.333523,3.349720,1.124941,1.333218,3.344752,1.220327,1.333235,3.340451,1.315640,1.327402,3.347838,1.451498,1.320607,3.364863,1.550032,1.358683,3.358325,1.392491,1.494087,3.423053,1.372113,1.535161,3.435178,1.095771,1.545963,3.454860,0.857876,1.301232,3.330566,1.391535,1.171403,3.256313,1.367772,1.183466,3.199079,1.094329,1.211717,3.201789,0.857020,1.414930,3.378622,0.928346,1.471364,3.455533,0.536238,1.536587,3.445037,0.105130,1.586235,3.600778,0.018682,1.264116,3.328239,0.922302,1.198725,3.369500,0.526231,1.334125,3.100471,0.210778,1.311154,3.174422,0.046830,-0.067605,0.614890,0.296061
1.338356,3.363052,0.928861,1.337388,3.356249,1.024772,1.332332,3.360797,1.129130,1.332092,3.356454,1.224547,1.332114,3.352691,1.319883,1.325653,3.360455,1.455690,1.317786,3.377220,1.554190,1.356539,3.372100,1.396778,1.488938,3.442857,1.376751,1.531817,3.456653,1.100764,1.538774,3.481742,0.863203,1.300413,3.341755,1.395847,1.174215,3.261422,1.372219,1.191472,3.203769,1.099137,1.221123,3.204520,0.862004,1.412597,3.391530,0.932252,1.469355,3.461096,0.538831,1.537409,3.447209,0.108247,1.586488,3.600788,0.018743,1.264102,3.334492,0.926696,1.192362,3.384234,0.532727,1.337318,3.134989,0.205498,1.311209,3.212153,0.044482,-0.107129,0.598564,0.254941
1.337073,3.372165,0.932326,1.336188,3.366169,1.028293,1.330686,3.371276,1.132601,1.330389,3.367585,1.228045,1.330319,3.364428,1.323401,1.323136,3.372690,1.459141,1.314216,3.389228,1.557590,1.353684,3.385403,1.400319,1.482692,3.462170,1.380457,1.527488,3.477615,1.104863,1.530386,3.507867,0.867848,1.298983,3.352558,1.399433,1.176609,3.266483,1.375863,1.199090,3.208795,1.103175,1.230442,3.207364,0.866266,1.410080,3.403715,0.935587,1.467662,3.466177,0.541079,1.538491,3.449353,0.111039,1.586464,3.600923,0.018599,1.264053,3.340542,0.930288,1.186429,3.399425,0.538736,1.338947,3.171230,0.199892,1.308216,3.254376,0.042603,-0.129788,0.584421,0.204620
1.335582,3.380800,0.935213,1.334644,3.375531,1.031220,1.328606,3.381165,1.135472,1.328166,3.378139,1.230938,1.327934,3.375631,1.326313,1.319963,3.384461,1.461974,1.309994,3.400781,1.560359,1.350185,3.398171,1.403236,1.475482,3.480852,1.383393,1.522338,3.498032,1.108240,1.521092,3.533341,0.871928,1.297005,3.362920,1.402412,1.178657,3.271404,1.378865,1.206453,3.214106,1.106584,1.239548,3.210210,0.869933,1.407256,3.415265,0.938413,1.466104,3.470936,0.543081,1.539699,3.451499,0.113618,1.586301,3.601107,0.018318,1.263890,3.346270,0.933233,1.180960,3.414507,0.544321,1.338531,3.209101,0.193304,1.303049,3.299954,0.040707,-0.142873,0.574466,0.147761
1.333729,3.389353,0.937493,1.332711,3.384658,1.033530,1.326107,3.390702,1.137726,1.325477,3.388269,1.233209,1.325027,3.386364,1.328599,1.316204,3.395707,1.464173,1.305189,3.411791,1.562484,1.346056,3.410392,1.405497,1.467526,3.498660,1.385693,1.516349,3.518057,1.111038,1.511350,3.557824,0.875443,1.294470,3.372842,1.404728,1.180311,3.276161,1.381142,1.213282,3.219764,1.109246,1.248342,3.213289,0.872939,1.403977,3.426634,0.940678,1.464413,3.475616,0.544707,1.540525,3.453434,0.115818,1.586169,3.601240,0.018063,1.263460,3.352011,0.935528,1.175843,3.428793,0.549183,1.335214,3.247119,0.186123,1.293829,3.345433,0.039032,-0.156863,0.561142,0.097135
1.331499,3.397971,0.939130,1.330430,3.393638,1.035185,1.323267,3.399936,1.139330,1.322422,3.398003,1.234824,1.321708,3.396640,1.330221,1.311971,3.406428,1.465701,1.299900,3.422260,1.563930,1.341363,3.422086,1.407052,1.458912,3.515543,1.387359,1.509626,3.537829,1.113275,1.501272,3.581205,0.878391,1.291450,3.382339,1.406339,1.181675,3.280735,1.382656,1.219647,3.225865,1.111104,1.256879,3.216629,0.875226,1.400233,3.437983,0.942331,1.462515,3.480190,0.545873,1.540648,3.455050,0.117503,1.586139,3.601263,0.017894,1.262745,3.357901,0.937150,1.170872,3.442236,0.553361,1.328336,3.284988,0.178298,1.279635,3.390449,0.037485,-0.175202,0.539870,0.057413
1.328908,3.406507,0.940161,1.327760,3.402384,1.036224,1.320009,3.408819,1.140319,1.318900,3.407314,1.235817,1.317868,3.406448,1.331217,1.307153,3.416624,1.466595,1.294029,3.432186,1.564732,1.336041,3.433233,1.407952,1.449553,3.531552,1.388389,1.502064,3.557208,1.114932,1.490747,3.603595,0.880774,1.287872,3.391396,1.407287,1.182644,3.285144,1.383446,1.225479,3.232313,1.112217,1.265104,3.220203,0.876852,1.396035,3.449151,0.943423,1.460482,3.484687,0.546662,1.540390,3.456455,0.118809,1.586140,3.601236,0.017751,1.261763,3.363804,0.938121,1.166253,3.454884,0.556816,1.318558,3.323004,0.169880,1.261389,3.435367,0.036159,-0.194445,0.515229,0.023924
1.325849,3.414915,0.940671,1.324526,3.410954,1.036737,1.316114,3.417439,1.140775,1.314665,3.416281,1.236274,1.313246,3.415819,1.331672,1.301490,3.426236,1.466945,1.287349,3.441469,1.564992,1.329917,3.443766,1.408316,1.439405,3.546599,1.388910,1.493332,3.575933,1.116098,1.479902,3.624983,0.882592,1.283513,3.399970,1.407655,1.182852,3.289417,1.383547,1.230282,3.238868,1.112641,1.272761,3.224165,0.877926,1.391271,3.460115,0.944056,1.458268,3.489441,0.547201,1.540199,3.457767,0.119986,1.586129,3.601237,0.017606,1.260407,3.369655,0.938508,1.162495,3.466190,0.559130,1.307006,3.360564,0.161415,1.239975,3.477822,0.035577,-0.214731,0.493398,-0.004575
1.322274,3.423127,0.940631,1.320649,3.419355,1.036700,1.311470,3.425832,1.140674,1.309585,3.424949,1.236167,1.307692,3.424793,1.331558,1.294820,3.435276,1.466724,1.279712,3.450107,1.564689,1.322867,3.453681,1.408124,1.428361,3.560649,1.388862,1.483254,3.594161,1.116744,1.468794,3.645577,0.883787,1.278252,3.408064,1.407411,1.182171,3.293584,1.382906,1.233888,3.245526,1.112329,1.279870,3.228554,0.878441,1.385841,3.470863,0.944196,1.455996,3.494491,0.547513,1.540222,3.458960,0.121045,1.586091,3.601296,0.017459,1.258682,3.375334,0.938290,1.159700,3.475759,0.560141,1.293675,3.397711,0.152751,1.214704,3.517244,0.035814,-0.235083,0.472006,-0.026326
1.318230,3.431210,0.940069,1.316207,3.427582,1.036137,1.306189,3.433963,1.140040,1.303793,3.433275,1.235525,1.301356,3.433330,1.330903,1.287306,3.443731,1.465959,1.271265,3.458102,1.563844,1.315014,3.462982,1.407397,1.416528,3.573737,1.388305,1.472005,3.611735,1.116899,1.457367,3.665170,0.884418,1.272209,3.415675,1.406586,1.180728,3.297615,1.381577,1.236466,3.252291,1.111330,1.286410,3.233332,0.878404,1.379845,3.481406,0.943877,1.453543,3.499799,0.547574,1.540314,3.460059,0.121975,1.586042,3.601383,0.017312,1.256583,3.380962,0.937487,1.157766,3.483985,0.560011,1.278569,3.434403,0.144040,1.186266,3.554203,0.036793,-0.256478,0.453425,-0.043086
1.313754,3.439319,0.939155,1.311272,3.435678,1.035211,1.300391,3.441824,1.139041,1.297440,3.441199,1.234510,1.294425,3.441345,1.329872,1.279181,3.451507,1.464816,1.262228,3.465360,1.562621,1.306558,3.471614,1.406317,1.404182,3.585873,1.387552,1.459784,3.627918,1.116746,1.445577,3.683134,0.884666,1.265524,3.422758,1.405357,1.178547,3.301450,1.379752,1.238034,3.258943,1.109841,1.292059,3.238540,0.877940,1.373474,3.491751,0.943310,1.450486,3.505581,0.547434,1.540489,3.461263,0.122982,1.585985,3.601490,0.017132,1.253993,3.386837,0.936229,1.156896,3.491509,0.558806,1.262835,3.469914,0.136281,1.157608,3.588048,0.038807,-0.281976,0.450950,-0.061378
1.308981,3.447432,0.937939,1.305956,3.443605,1.033972,1.294167,3.449378,1.137724,1.290595,3.448698,1.233171,1.286934,3.448831,1.328510,1.270438,3.458636,1.463332,1.252558,3.471927,1.561050,1.297486,3.479613,1.404925,1.391266,3.597130,1.386648,1.446470,3.642405,1.116266,1.433361,3.699166,0.884494,1.258187,3.429350,1.403769,1.175640,3.305117,1.377493,1.238621,3.265469,1.107936,1.296836,3.244209,0.877133,1.366908,3.501811,0.942555,1.446845,3.511592,0.547131,1.540779,3.462543,0.124027,1.585918,3.601636,0.016883,1.251006,3.393000,0.934553,1.157390,3.498015,0.556341,1.246468,3.504782,0.129878,1.128847,3.618885,0.042711,-0.311253,0.476023,-0.082821
1.303775,3.455571,0.936370,1.300145,3.451403,1.032369,1.287425,3.456661,1.136040,1.283189,3.455795,1.231460,1.278847,3.455794,1.326772,1.261084,3.465085,1.461470,1.242297,3.477757,1.559100,1.287811,3.486944,1.403180,1.377836,3.607436,1.385548,1.432184,3.655501,1.115478,1.420783,3.713569,0.883939,1.250207,3.435413,1.401776,1.171994,3.308588,1.374739,1.238197,3.271881,1.105542,1.300722,3.250308,0.875899,1.359967,3.511673,0.941551,1.442601,3.518078,0.546627,1.541154,3.463928,0.125150,1.585843,3.601803,0.016603,1.247529,3.399410,0.932420,1.158949,3.503819,0.552801,1.229472,3.538469,0.124427,1.099867,3.646608,0.047648,-0.344635,0.517203,-0.105796
1.297762,3.463956,0.934468,1.293565,3.459238,1.030417,1.280004,3.463768,1.134015,1.275178,3.462508,1.229401,1.270238,3.462161,1.324682,1.251370,3.470668,1.459282,1.231795,3.482619,1.556848,1.277772,3.493445,1.401142,1.364341,3.616589,1.384419,1.417495,3.667384,1.114622,1.407992,3.726616,0.883292,1.241748,3.440796,1.399412,1.167591,3.311723,1.371499,1.236696,3.277998,1.102637,1.303334,3.256783,0.874113,1.352300,3.521604,0.940319,1.437268,3.525999,0.545861,1.541535,3.465700,0.126678,1.585772,3.601926,0.016378,1.243164,3.406242,0.929851,1.160877,3.510509,0.548815,1.213000,3.568633,0.119721,1.073258,3.670252,0.051344,-0.386157,0.553469,-0.131968
1.290775,3.472666,0.932159,1.286057,3.467165,1.028042,1.271778,3.470738,1.131582,1.266469,3.468851,1.226933,1.261056,3.467931,1.322187,1.241317,3.475366,1.456729,1.221111,3.486500,1.554266,1.267392,3.499085,1.398766,1.350848,3.624538,1.383314,1.402437,3.678043,1.113734,1.394995,3.738170,0.882560,1.232796,3.445487,1.396639,1.162382,3.314511,1.367808,1.234014,3.283833,1.099238,1.304518,3.263706,0.871775,1.343772,3.531667,0.938791,1.430767,3.535110,0.544712,1.541904,3.467375,0.128440,1.585713,3.601972,0.016279,1.237711,3.413588,0.926761,1.163998,3.518510,0.544273,1.196085,3.594681,0.115973,1.048625,3.689249,0.053366,-0.442130,0.584008,-0.166646
1.282982,3.481623,0.929518,1.277779,3.475130,1.025317,1.262874,3.477532,1.128806,1.257153,3.474809,1.224117,1.251351,3.473105,1.319340,1.230904,3.479198,1.453849,1.210186,3.489413,1.551381,1.256648,3.503896,1.396098,1.337289,3.631335,1.382181,1.386975,3.687490,1.112777,1.381785,3.748368,0.881736,1.223365,3.449497,1.393494,1.156416,3.316961,1.363632,1.230253,3.289374,1.095329,1.304428,3.271004,0.868885,1.334519,3.541799,0.937035,1.423177,3.545655,0.543299,1.542280,3.469437,0.130607,1.585659,3.601974,0.016234,1.231370,3.421355,0.923234,1.167488,3.527396,0.539286,1.179694,3.617206,0.112971,1.026364,3.704167,0.054147,-0.506243,0.609632,-0.204522
1.274513,3.490813,0.926791,1.268930,3.483135,1.022478,1.253506,3.484136,1.125909,1.247460,3.480348,1.221159,1.241350,3.477620,1.316333,1.220321,3.482034,1.450809,1.199185,3.491165,1.548355,1.245710,3.507807,1.393334,1.323907,3.636934,1.381035,1.371577,3.695935,1.111880,1.368488,3.757901,0.881091,1.213665,3.452705,1.390124,1.149816,3.318967,1.358871,1.225650,3.294403,1.090830,1.303142,3.278409,0.865323,1.324590,3.552079,0.935278,1.414253,3.559329,0.541919,1.542636,3.473623,0.134019,1.585600,3.601975,0.016115,1.224356,3.429438,0.919538,1.168185,3.537478,0.534817,1.167883,3.635655,0.109868,1.010251,3.715746,0.052708,-0.563607,0.611761,-0.231333
1.265374,3.500638,0.923884,1.259472,3.491440,1.019406,1.243619,3.490656,1.122760,1.237331,3.485440,1.217915,1.231005,3.481318,1.313015,1.209552,3.483541,1.447462,1.188116,3.491335,1.545053,1.234560,3.510566,1.390357,1.310847,3.641000,1.379732,1.356347,3.703432,1.110999,1.355157,3.767139,0.880675,1.203658,3.454866,1.386336,1.142403,3.320383,1.353106,1.220217,3.298635,1.085383,1.300737,3.285941,0.860757,1.313924,3.562939,0.933547,1.404236,3.577073,0.540462,1.543748,3.480289,0.138976,1.585299,3.601889,0.015275,1.216740,3.438210,0.915457,1.164461,3.550081,0.531248,1.163603,3.649277,0.106189,1.003496,3.723421,0.047667,-0.613009,0.577785,-0.247269
1.255558,3.510696,0.920892,1.249442,3.499786,1.016220,1.233269,3.496986,1.119489,1.226825,3.490114,1.214529,1.220363,3.484356,1.309535,1.198613,3.484052,1.443955,1.176970,3.490344,1.541610,1.223217,3.512426,1.387284,1.297964,3.643868,1.378417,1.341180,3.709927,1.110178,1.341739,3.775712,0.880438,1.193382,3.456226,1.382322,1.134356,3.321353,1.346758,1.213941,3.302355,1.079348,1.297137,3.293580,0.855519,1.302582,3.573946,0.931814,1.392885,3.597945,0.539038,1.544841,3.489079,0.145178,1.584993,3.601803,0.014360,1.208450,3.447297,0.911207,1.157944,3.563879,0.528198,1.163902,3.658822,0.102410,1.002889,3.727757,0.040407,-0.655662,0.520314,-0.252141
1.245185,3.519762,0.918343,1.239156,3.507400,1.013511,1.222849,3.502794,1.116708,1.216350,3.494420,1.211635,1.209795,3.487145,1.306540,1.187749,3.484439,1.440899,1.165896,3.489256,1.538594,1.211908,3.514080,1.384660,1.285066,3.646504,1.377536,1.326223,3.715474,1.109677,1.328206,3.783202,0.880500,1.183159,3.457406,1.378799,1.126340,3.322200,1.340991,1.207026,3.306207,1.073721,1.292192,3.300993,0.850489,1.290804,3.583883,0.930224,1.379229,3.620814,0.538262,1.543565,3.500655,0.152573,1.585389,3.602007,0.015179,1.199484,3.455477,0.907699,1.150355,3.575204,0.525484,1.163979,3.665992,0.099115,1.002578,3.731191,0.034088,-0.680308,0.458586,-0.231119
1.233975,3.527368,0.916365,1.228563,3.513980,1.011432,1.212411,3.507926,1.114583,1.205996,3.498319,1.209401,1.199368,3.489738,1.304193,1.176936,3.484860,1.438425,1.154829,3.488292,1.536123,1.200616,3.515625,1.382615,1.272153,3.649024,1.377268,1.311637,3.720030,1.109671,1.314622,3.789632,0.881065,1.172973,3.458496,1.375921,1.118270,3.323018,1.335976,1.199280,3.310500,1.068618,1.285692,3.308088,0.845790,1.278401,3.592255,0.928692,1.362814,3.646816,0.538323,1.538798,3.516173,0.161284,1.587731,3.601219,0.018281,1.189479,3.462306,0.905275,1.141795,3.582532,0.523018,1.161942,3.670920,0.096434,1.000520,3.734495,0.029701,-0.676078,0.395780,-0.163831
1.222207,3.533983,0.914829,1.217713,3.519828,1.009829,1.201903,3.512537,1.112948,1.195673,3.501850,1.207658,1.189016,3.492082,1.302331,1.166197,3.485156,1.436402,1.143833,3.487231,1.534079,1.189359,3.516965,1.381019,1.259224,3.651312,1.377434,1.297261,3.723637,1.109985,1.300923,3.794980,0.881930,1.162840,3.459408,1.373535,1.110232,3.323713,1.331542,1.190894,3.314925,1.063924,1.277846,3.314958,0.841298,1.265560,3.599557,0.927303,1.344095,3.674814,0.539033,1.531664,3.534478,0.171187,1.590774,3.600723,0.023117,1.178799,3.468227,0.903594,1.132163,3.587387,0.520889,1.159682,3.673473,0.094236,0.998759,3.736897,0.026256,-0.653842,0.328718,-0.070650
1.210830,3.539793,0.913882,1.207076,3.525073,1.008831,1.191555,3.516752,1.111917,1.185522,3.505185,1.206538,1.178902,3.494432,1.301109,1.155850,3.485724,1.435042,1.133246,3.486476,1.532683,1.178423,3.518504,1.380028,1.246077,3.653984,1.377944,1.282762,3.726481,1.110366,1.286878,3.798753,0.882609,1.153129,3.460491,1.371904,1.103140,3.324324,1.328348,1.182643,3.319205,1.060294,1.269141,3.321549,0.837524,1.253082,3.606053,0.926459,1.323470,3.700262,0.540445,1.523182,3.552765,0.181865,1.591493,3.604661,0.029845,1.168535,3.473345,0.902542,1.122870,3.590672,0.519178,1.158064,3.674947,0.092722,0.997571,3.738520,0.023948,-0.634959,0.267113,0.002140
1.200263,3.544697,0.913655,1.196857,3.529702,1.008579,1.181490,3.520645,1.111632,1.175646,3.508476,1.206193,1.169173,3.497019,1.300695,1.146159,3.486895,1.434543,1.123331,3.486357,1.532133,1.168022,3.520582,1.379810,1.232572,3.657551,1.378853,1.267906,3.728208,1.110624,1.272259,3.800225,0.882786,1.144116,3.462044,1.371268,1.097661,3.324928,1.326893,1.174671,3.323388,1.058098,1.259441,3.327741,0.834686,1.241418,3.611642,0.926328,1.300600,3.721559,0.542646,1.513565,3.569655,0.193669,1.590740,3.614672,0.039814,1.159070,3.477559,0.902217,1.113869,3.592191,0.517985,1.157582,3.675384,0.092165,0.997243,3.739155,0.023204,-0.627401,0.209825,0.032720
1.190088,3.548796,0.914016,1.186851,3.533728,1.008933,1.171585,3.524142,1.111951,1.165941,3.511571,1.206470,1.159683,3.499613,1.300922,1.136860,3.488337,1.434706,1.113825,3.486544,1.532232,1.157941,3.522860,1.380197,1.218848,3.661503,1.380106,1.252928,3.729170,1.110948,1.257294,3.800123,0.882776,1.135525,3.463770,1.371387,1.093130,3.325448,1.326678,1.166835,3.327425,1.056965,1.248881,3.333654,0.832565,1.230115,3.616425,0.926741,1.275825,3.740305,0.545549,1.502601,3.586527,0.206249,1.587664,3.629118,0.051674,1.150022,3.480971,0.902522,1.105207,3.592141,0.517211,1.157741,3.674743,0.092292,0.997490,3.739011,0.023597,-0.623197,0.157993,0.042909
1.179997,3.552583,0.914711,1.176909,3.537326,1.009600,1.161713,3.527154,1.112568,1.156237,3.514186,1.207041,1.150158,3.501769,1.301444,1.127479,3.489445,1.435157,1.104268,3.486445,1.532612,1.147824,3.524728,1.380845,1.205125,3.664928,1.381449,1.238198,3.730609,1.111652,1.242440,3.800136,0.883045,1.126896,3.465122,1.371800,1.088463,3.325693,1.326868,1.159475,3.330896,1.056444,1.238347,3.339596,0.831017,1.218621,3.620975,0.927602,1.250557,3.756762,0.548950,1.490671,3.604710,0.218132,1.576684,3.647231,0.061541,1.141333,3.483991,0.903050,1.098442,3.592009,0.516638,1.157930,3.674185,0.092476,0.997725,3.738839,0.024036,-0.619792,0.124747,0.051875
1.169835,3.556264,0.915770,1.166912,3.540552,1.010588,1.151739,3.529623,1.113480,1.146371,3.516184,1.207894,1.140385,3.503295,1.302240,1.117715,3.489984,1.435861,1.094369,3.485800,1.533240,1.137461,3.525940,1.381726,1.191438,3.667461,1.382846,1.223866,3.733191,1.112974,1.227922,3.800831,0.883810,1.117963,3.465887,1.372437,1.083141,3.325573,1.327284,1.152782,3.333500,1.056548,1.228181,3.345871,0.830149,1.206648,3.625561,0.929029,1.225327,3.771204,0.553053,1.478612,3.624940,0.229500,1.554069,3.669823,0.067781,1.132980,3.486762,0.903738,1.094541,3.592336,0.516214,1.157967,3.674172,0.092504,0.997758,3.738895,0.024139,-0.616107,0.121130,0.067322
1.159757,3.559632,0.917162,1.156979,3.543349,1.011889,1.141798,3.531606,1.114691,1.136506,3.517701,1.209041,1.130578,3.504384,1.303330,1.107869,3.490189,1.436853,1.084419,3.484868,1.534149,1.127063,3.526741,1.382868,1.177750,3.669468,1.384332,1.209783,3.736248,1.114676,1.213515,3.801642,0.884854,1.108994,3.466278,1.373368,1.077683,3.325178,1.328105,1.146566,3.335539,1.057264,1.218040,3.352174,0.829854,1.194483,3.629913,0.930902,1.199604,3.783356,0.557654,1.465588,3.646482,0.240171,1.523551,3.696082,0.072028,1.124986,3.489141,0.904649,1.092536,3.592582,0.515992,1.158033,3.674243,0.092590,0.997780,3.738922,0.024287,-0.613222,0.136099,0.081546
1.149926,3.562559,0.918550,1.147324,3.545721,1.013185,1.132161,3.533187,1.115898,1.126961,3.518861,1.210190,1.121100,3.505169,1.304431,1.098367,3.490164,1.437860,1.074827,3.483838,1.535077,1.116901,3.527255,1.384016,1.164170,3.671133,1.385769,1.195870,3.739028,1.116355,1.198997,3.802557,0.885991,1.100325,3.466398,1.374348,1.072567,3.324581,1.329030,1.140601,3.337491,1.058100,1.207792,3.357907,0.829667,1.182435,3.633802,0.932761,1.173205,3.792650,0.561932,1.449469,3.668454,0.248133,1.490744,3.722807,0.075298,1.117371,3.491101,0.905564,1.091077,3.592605,0.515910,1.158064,3.674183,0.092749,0.997786,3.738901,0.024542,-0.611821,0.149654,0.090604
1.140525,3.564974,0.919895,1.138154,3.547620,1.014443,1.123053,3.534335,1.117070,1.117973,3.519640,1.211312,1.112200,3.505628,1.305511,1.089466,3.489873,1.438855,1.065836,3.482724,1.535995,1.107154,3.527446,1.385152,1.150856,3.672446,1.387179,1.182248,3.741296,1.117973,1.184388,3.803697,0.887286,1.092161,3.466198,1.375361,1.067950,3.323726,1.330017,1.135022,3.339589,1.059006,1.197465,3.362999,0.829528,1.170748,3.637128,0.934542,1.145897,3.798833,0.565688,1.429428,3.690703,0.252360,1.457578,3.748988,0.077789,1.110261,3.492599,0.906470,1.089841,3.592346,0.516009,1.158037,3.673882,0.093025,0.997768,3.738797,0.024984,-0.612261,0.156892,0.091999
1.131371,3.566948,0.921235,1.129261,3.549094,1.015696,1.114248,3.535082,1.118238,1.109305,3.520061,1.212437,1.103630,3.505784,1.306601,1.080909,3.489351,1.439865,1.057203,3.481512,1.536931,1.097643,3.527350,1.386294,1.137649,3.673417,1.388540,1.168796,3.743286,1.119569,1.169669,3.804941,0.888674,1.084297,3.465728,1.376423,1.063675,3.322670,1.331109,1.129694,3.341602,1.060031,1.187030,3.367521,0.829498,1.159179,3.639990,0.936309,1.117912,3.802158,0.569120,1.406293,3.713384,0.253876,1.422124,3.775634,0.079305,1.103531,3.493679,0.907380,1.089151,3.591864,0.516248,1.157974,3.673450,0.093373,0.997734,3.738645,0.025532,-0.614185,0.162717,0.088228
1.122073,3.568563,0.922346,1.120241,3.550279,1.016730,1.105347,3.535596,1.119197,1.100564,3.520317,1.213362,1.095014,3.505840,1.307504,1.072357,3.488808,1.440703,1.048607,3.480347,1.537706,1.088099,3.527195,1.387237,1.124182,3.674267,1.389642,1.155075,3.744943,1.120852,1.154554,3.805928,0.889781,1.076472,3.465230,1.377338,1.059744,3.321650,1.332130,1.123986,3.343312,1.060835,1.176258,3.371078,0.829299,1.147302,3.642452,0.937797,1.089774,3.802816,0.572002,1.380412,3.736073,0.253742,1.384208,3.802573,0.080269,1.096821,3.494444,0.908111,1.088623,3.591202,0.516444,1.157881,3.673007,0.093681,0.997708,3.738531,0.025997,-0.617206,0.161846,0.082840
1.112500,3.569769,0.923153,1.110974,3.551159,1.017480,1.096249,3.535887,1.119886,1.091674,3.520445,1.214035,1.086305,3.505864,1.308171,1.063803,3.488342,1.441334,1.040054,3.479334,1.538289,1.078513,3.527079,1.387932,1.110364,3.675110,1.390430,1.140983,3.746251,1.121730,1.138874,3.806649,0.890517,1.068698,3.464800,1.378078,1.056357,3.320727,1.333101,1.117686,3.344661,1.061337,1.165076,3.373420,0.828862,1.134955,3.644475,0.938907,1.061302,3.800667,0.574245,1.351935,3.759380,0.252124,1.344377,3.831205,0.080757,1.090027,3.494827,0.908613,1.088181,3.590275,0.516545,1.157739,3.672543,0.093918,0.997699,3.738486,0.026327,-0.622050,0.149889,0.077161
1.102783,3.570616,0.923732,1.101579,3.551752,1.018012,1.087055,3.535947,1.120365,1.082712,3.520408,1.214509,1.077550,3.505789,1.308650,1.055255,3.487854,1.441793,1.031539,3.478369,1.538710,1.068894,3.526906,1.388427,1.096286,3.675832,1.390959,1.126623,3.747225,1.122296,1.122799,3.807113,0.890972,1.060961,3.464343,1.378670,1.053314,3.319840,1.334003,1.111006,3.345707,1.061617,1.153558,3.374799,0.828256,1.122300,3.646098,0.939737,1.032677,3.795850,0.575939,1.320713,3.782696,0.248854,1.302084,3.860129,0.080694,1.083255,3.494895,0.908935,1.087900,3.589168,0.516602,1.157566,3.672067,0.094113,0.997699,3.738478,0.026575,-0.627991,0.131236,0.069866
1.092932,3.571344,0.924077,1.092010,3.552251,1.018314,1.077656,3.535915,1.120608,1.073509,3.520284,1.214745,1.068519,3.505622,1.308890,1.046397,3.487262,1.442002,1.022721,3.477279,1.538879,1.058996,3.526608,1.388662,1.081862,3.676302,1.391188,1.111862,3.747853,1.122531,1.106554,3.806977,0.891039,1.052957,3.463818,1.378998,1.050020,3.319047,1.334598,1.103949,3.346417,1.061579,1.141694,3.375577,0.827406,1.109397,3.647499,0.940316,1.004954,3.788978,0.577124,1.286653,3.803775,0.244492,1.255516,3.884973,0.080276,1.076460,3.494947,0.909044,1.087629,3.588175,0.516588,1.157420,3.671724,0.094246,0.997703,3.738499,0.026708,-0.632469,0.113769,0.060526
1.082974,3.572107,0.924198,1.082253,3.552780,1.018390,1.068009,3.535887,1.120608,1.063993,3.520141,1.214732,1.059118,3.505412,1.308872,1.037106,3.486589,1.441939,1.013486,3.476067,1.538772,1.048722,3.526216,1.388615,1.066992,3.676531,1.391071,1.096650,3.748195,1.122405,1.090200,3.806057,0.890627,1.044578,3.463264,1.379023,1.046323,3.318426,1.334806,1.096459,3.346720,1.061164,1.129384,3.375669,0.826241,1.096259,3.648818,0.940684,0.978457,3.779884,0.577720,1.249482,3.822391,0.239003,1.202982,3.905361,0.079760,1.069685,3.495150,0.908916,1.087400,3.587461,0.516485,1.157341,3.671607,0.094287,0.997721,3.738566,0.026700,-0.632363,0.102672,0.048909
1.072882,3.572751,0.924087,1.072322,3.553216,1.018237,1.058158,3.535768,1.120373,1.054237,3.519910,1.214482,1.049441,3.505110,1.308615,1.027506,3.485811,1.441626,1.003950,3.474730,1.538412,1.038170,3.525700,1.388307,1.051776,3.676509,1.390654,1.081037,3.748191,1.121949,1.073675,3.804537,0.889827,1.035931,3.462642,1.378784,1.042375,3.317899,1.334706,1.088593,3.346688,1.060430,1.116729,3.375160,0.824831,1.082873,3.649916,0.940802,0.952863,3.768733,0.577808,1.209473,3.838770,0.232422,1.146172,3.921668,0.078890,1.062888,3.495338,0.908573,1.087180,3.586861,0.516312,1.157288,3.671623,0.094264,0.997744,3.738662,0.026579,-0.630793,0.092760,0.035246
1.062580,3.573050,0.923711,1.062205,3.553389,1.017836,1.048130,3.535420,1.119894,1.044287,3.519461,1.213989,1.039543,3.504579,1.308112,1.017645,3.484771,1.441054,0.994120,3.473097,1.537778,1.027384,3.524910,1.387739,1.036432,3.676073,1.390038,1.065036,3.747648,1.121237,1.057027,3.802630,0.888805,1.027029,3.461802,1.378274,1.038035,3.317291,1.334301,1.080527,3.346495,1.059458,1.104021,3.374668,0.823309,1.069250,3.650545,0.940576,0.928265,3.756637,0.577670,1.167352,3.851344,0.225412,1.088344,3.930645,0.077092,1.055906,3.495305,0.908048,1.086712,3.586182,0.516091,1.157195,3.671640,0.094247,0.997744,3.738724,0.026389,-0.634559,0.076362,0.019801
1.052020,3.573031,0.923069,1.051880,3.553338,1.017188,1.037917,3.534879,1.119174,1.034140,3.518821,1.213255,1.029416,3.503832,1.307361,1.007507,3.483454,1.440215,0.983971,3.471138,1.536856,1.016349,3.523833,1.386903,1.021007,3.675199,1.389287,1.048564,3.746480,1.120299,1.040284,3.800346,0.887613,1.017859,3.460739,1.377473,1.033245,3.316609,1.333553,1.072288,3.346145,1.058232,1.091286,3.374346,0.821681,1.055314,3.650719,0.939982,0.904813,3.743667,0.577309,1.122641,3.859970,0.218046,1.029574,3.931088,0.073842,1.048724,3.495093,0.907358,1.085986,3.585336,0.515814,1.157061,3.671603,0.094233,0.997705,3.738713,0.026174,-0.648198,0.049045,0.002256
1.041250,3.572668,0.922163,1.041368,3.553024,1.016292,1.027527,3.534110,1.118211,1.023799,3.517963,1.212278,1.019069,3.502855,1.306366,0.997110,3.481874,1.439117,0.973529,3.468883,1.535659,1.005082,3.522482,1.385807,1.005454,3.673911,1.388336,1.031703,3.744773,1.119104,1.023417,3.797676,0.886199,1.008435,3.459457,1.376402,1.028064,3.315846,1.332500,1.063849,3.345635,1.056768,1.078499,3.374041,0.819940,1.041142,3.650426,0.939044,0.882358,3.729751,0.576723,1.075819,3.864790,0.210252,0.969786,3.924200,0.069663,1.041358,3.494661,0.906484,1.085011,3.584411,0.515489,1.156886,3.671568,0.094224,0.997642,3.738669,0.025892,-0.667172,0.015242,-0.017072
1.030332,3.571657,0.920971,1.030721,3.552154,1.015129,1.017014,3.532864,1.116995,1.013330,3.516670,1.211057,1.008580,3.501470,1.305128,0.986556,3.479921,1.437778,0.962880,3.466249,1.534203,0.993675,3.520739,1.384478,0.989844,3.672119,1.387097,1.014717,3.742599,1.117632,1.006389,3.794799,0.884569,0.998817,3.457825,1.375113,1.022530,3.314816,1.331249,1.055308,3.345128,1.055201,1.065875,3.373909,0.818195,1.026978,3.649383,0.937738,0.860543,3.715783,0.576183,1.029044,3.864667,0.202475,0.912012,3.910352,0.065558,1.033689,3.493682,0.905407,1.083558,3.583474,0.515162,1.156605,3.671562,0.094293,0.997574,3.738652,0.025463,-0.684667,-0.019425,-0.036965
1.019345,3.569755,0.919380,1.020019,3.550527,1.013591,1.006461,3.530987,1.115431,1.002817,3.514830,1.209501,0.998036,3.499607,1.303567,0.975933,3.477582,1.436126,0.952084,3.463231,1.532409,0.982209,3.518591,1.382851,0.974194,3.669806,1.385439,0.997650,3.739889,1.115745,0.989209,3.791733,0.882605,0.989077,3.455828,1.373571,1.016714,3.313484,1.329824,1.046744,3.344769,1.053570,1.053518,3.374140,0.816493,1.012946,3.647342,0.935916,0.839125,3.702115,0.575833,0.982659,3.859040,0.194845,0.856860,3.888915,0.061638,1.025752,3.491920,0.904046,1.081568,3.582584,0.514803,1.156204,3.671594,0.094405,0.997518,3.738696,0.024793,-0.696416,-0.054028,-0.059441
1.008211,3.567205,0.917503,1.009182,3.548345,1.011787,0.995785,3.528633,1.113615,0.992175,3.512556,1.207699,0.987351,3.497336,1.301763,0.965155,3.474869,1.434234,0.941081,3.459833,1.530356,0.970603,3.516052,1.380991,0.958488,3.666988,1.383493,0.980458,3.736713,1.113581,0.971867,3.788461,0.880425,0.979144,3.453480,1.371811,1.010546,3.311884,1.328202,1.038078,3.344412,1.051835,1.041324,3.374544,0.814787,0.998923,3.644551,0.933727,0.818348,3.688395,0.575528,0.936322,3.848468,0.187232,0.803722,3.860517,0.057792,1.017513,3.489611,0.902481,1.079100,3.581683,0.514440,1.155697,3.671655,0.094594,0.997457,3.738767,0.023977,-0.706685,-0.089494,-0.082481
0.996755,3.564437,0.915666,0.998021,3.545926,1.010016,0.984792,3.526020,1.111827,0.981215,3.509971,1.205918,0.976350,3.494692,1.299970,0.954066,3.471702,1.432335,0.929776,3.455990,1.528295,0.958716,3.513041,1.379120,0.942743,3.663631,1.381558,0.963266,3.733339,1.111527,0.954296,3.785114,0.878393,0.968860,3.450697,1.369999,1.003857,3.309931,1.326430,1.029170,3.343788,1.050008,1.029190,3.374716,0.813036,0.984781,3.641482,0.931595,0.798592,3.674460,0.575115,0.891161,3.833490,0.179696,0.753810,3.827409,0.054686,1.008748,3.487146,0.900938,1.076109,3.580669,0.514210,1.155059,3.671745,0.095043,0.997350,3.738827,0.023224,-0.721459,-0.122977,-0.098814
0.985007,3.561670,0.913959,0.986569,3.543472,1.008364,0.973511,3.523314,1.110148,0.969964,3.507206,1.204230,0.965047,3.491764,1.298253,0.942668,3.468100,1.430482,0.918180,3.451715,1.526278,0.946549,3.509571,1.377276,0.927029,3.659751,1.379719,0.946096,3.730000,1.109724,0.936411,3.781867,0.876640,0.958227,3.447500,1.368146,0.996669,3.307677,1.324444,1.019912,3.342902,1.048010,1.016977,3.374619,0.811158,0.970558,3.638351,0.929631,0.779960,3.660155,0.574618,0.846824,3.813713,0.172093,0.707380,3.788815,0.052374,0.999481,3.484749,0.899491,1.072737,3.579527,0.514147,1.154329,3.671870,0.095761,0.997206,3.738876,0.022597,-0.744646,-0.152586,-0.104268
0.972937,3.558685,0.912290,0.974792,3.540781,1.006747,0.961912,3.520348,1.108499,0.958395,3.504130,1.202563,0.953428,3.488463,1.296546,0.930960,3.464044,1.428622,0.906282,3.446995,1.524254,0.934101,3.505630,1.375420,0.911277,3.655331,1.377891,0.928927,3.726463,1.108031,0.918297,3.778546,0.875035,0.947244,3.443867,1.366240,0.988960,3.305069,1.322307,1.010412,3.341748,1.045921,1.004824,3.374290,0.809235,0.956217,3.634942,0.927725,0.762350,3.645635,0.574012,0.803662,3.789530,0.164567,0.664176,3.745512,0.050803,0.989688,3.482195,0.898065,1.068841,3.578272,0.514216,1.153469,3.672023,0.096739,0.997016,3.738913,0.022033,-0.772338,-0.180213,-0.103015
0.960281,3.555251,0.910713,0.962403,3.537567,1.005205,0.949712,3.516835,1.106921,0.946249,3.500474,1.200962,0.941271,3.484562,1.294903,0.918787,3.459390,1.426836,0.893965,3.441714,1.522317,0.921230,3.501095,1.373664,0.895302,3.650290,1.376117,0.911818,3.722307,1.106417,0.900148,3.774753,0.873552,0.935742,3.439649,1.364415,0.980496,3.301867,1.320256,1.000851,3.340030,1.043984,0.993048,3.373424,0.807477,0.941520,3.631075,0.925972,0.745835,3.631209,0.573067,0.763866,3.762655,0.157598,0.624633,3.702073,0.050483,0.979079,3.479200,0.896667,1.063941,3.576849,0.514437,1.152335,3.672193,0.098122,0.996716,3.738902,0.021555,-0.798789,-0.208686,-0.100294
0.946967,3.551457,0.909195,0.949306,3.533843,1.003696,0.936806,3.512744,1.105359,0.933425,3.496173,1.199366,0.928487,3.479972,1.293260,0.906082,3.454033,1.425057,0.881176,3.435771,1.520406,0.907891,3.495887,1.371981,0.879057,3.644554,1.374377,0.894887,3.717419,1.104862,0.882012,3.770418,0.872189,0.923660,3.434764,1.362632,0.971184,3.297975,1.318257,0.991367,3.337814,1.042209,0.981548,3.372072,0.805891,0.926452,3.626851,0.924398,0.730550,3.616999,0.571721,0.727723,3.732561,0.151371,0.588628,3.659026,0.052106,0.967520,3.475838,0.895205,1.058254,3.575493,0.514871,1.151058,3.672496,0.099879,0.996196,3.738744,0.021175,-0.819629,-0.234026,-0.099314
0.933067,3.547214,0.907768,0.935597,3.529595,1.002263,0.923297,3.508106,1.103869,0.920023,3.491292,1.197836,0.915165,3.474781,1.291680,0.892912,3.448079,1.423350,0.867967,3.429269,1.518582,0.894130,3.490086,1.370396,0.862588,3.638197,1.372691,0.878015,3.711911,1.103385,0.863841,3.765611,0.870949,0.911059,3.429294,1.360930,0.961116,3.293489,1.316343,0.981822,3.335034,1.040587,0.970425,3.370184,0.804469,0.911027,3.622169,0.922977,0.716360,3.602883,0.570035,0.694945,3.699774,0.145701,0.556285,3.615844,0.054981,0.955144,3.472035,0.893771,1.051562,3.573970,0.515457,1.149506,3.672815,0.102043,0.995567,3.738537,0.020880,-0.839229,-0.260212,-0.096866
0.918538,3.542030,0.906579,0.921277,3.524498,1.001084,0.909214,3.502725,1.102658,0.906084,3.485758,1.196603,0.901350,3.469025,1.290415,0.879321,3.441699,1.421995,0.854375,3.422403,1.517130,0.879939,3.483806,1.369100,0.845854,3.631357,1.371169,0.860903,3.705694,1.102013,0.845681,3.760146,0.869816,0.897959,3.423339,1.359558,0.950335,3.288449,1.314843,0.971979,3.331196,1.039342,0.960297,3.367309,0.803394,0.895054,3.616552,0.921733,0.702929,3.588803,0.567963,0.666857,3.667589,0.140518,0.528408,3.575524,0.057539,0.942060,3.467285,0.892639,1.042731,3.571518,0.516026,1.147143,3.672777,0.104849,0.995097,3.738537,0.020664,-0.864955,-0.302012,-0.088566
0.903300,3.535809,0.905719,0.906319,3.518475,1.000253,0.894550,3.496536,1.101827,0.891614,3.479507,1.195768,0.887045,3.462637,1.289564,0.865284,3.434818,1.421088,0.840369,3.415104,1.516146,0.865293,3.476980,1.368169,0.828917,3.624000,1.369876,0.843521,3.698721,1.100800,0.827567,3.753985,0.868842,0.884307,3.416817,1.358591,0.938655,3.282718,1.313801,0.961786,3.326008,1.038508,0.951667,3.363240,0.802667,0.878437,3.609914,0.920750,0.690110,3.574736,0.565568,0.644056,3.636236,0.136101,0.505289,3.538454,0.060062,0.928204,3.461484,0.891905,1.031447,3.568211,0.516660,1.144014,3.672471,0.108417,0.994955,3.738971,0.020536,-0.903281,-0.369308,-0.068495
0.887433,3.528646,0.905097,0.890749,3.511602,0.999676,0.879311,3.489604,1.101275,0.876606,3.472602,1.195229,0.872247,3.455684,1.289028,0.850826,3.427511,1.420532,0.825980,3.407443,1.515533,0.850218,3.469676,1.367525,0.811715,3.616160,1.368747,0.825898,3.691039,1.099691,0.809465,3.747165,0.867974,0.870155,3.409811,1.357953,0.926262,3.276434,1.313173,0.951294,3.319763,1.038051,0.944031,3.358183,0.802287,0.861272,3.602340,0.919943,0.678049,3.560704,0.562787,0.625944,3.605485,0.132172,0.486636,3.504246,0.062269,0.913640,3.454736,0.891473,1.018025,3.563975,0.517276,1.140074,3.671809,0.112629,0.994973,3.739611,0.020485,-0.947734,-0.452219,-0.042572
0.871131,3.520336,0.904589,0.874648,3.503775,0.999243,0.863535,3.481932,1.100911,0.861088,3.465164,1.194912,0.857003,3.448408,1.288750,0.836060,3.420168,1.420315,0.811337,3.399818,1.515288,0.834785,3.462213,1.367123,0.794012,3.608073,1.367701,0.807825,3.682699,1.098557,0.791312,3.739609,0.867037,0.855686,3.402663,1.357670,0.913757,3.270057,1.313154,0.940425,3.312844,1.038100,0.936501,3.352306,0.802431,0.843641,3.593609,0.919076,0.666847,3.546713,0.559380,0.612059,3.577946,0.127822,0.472379,3.474733,0.061743,0.898667,3.446852,0.891329,1.002276,3.557832,0.517463,1.134648,3.670151,0.117371,0.994907,3.740039,0.020478,-0.986257,-0.535860,-0.024167
0.854243,3.510684,0.904209,0.857804,3.494869,0.998987,0.847005,3.473460,1.100780,0.844867,3.457187,1.194875,0.841171,3.440853,1.288803,0.820939,3.412897,1.420538,0.796427,3.392343,1.515522,0.818940,3.454681,1.367005,0.775818,3.599890,1.366849,0.789233,3.673671,1.097453,0.773141,3.731327,0.866086,0.840858,3.395453,1.357801,0.901169,3.263647,1.313866,0.929013,3.305071,1.038722,0.928738,3.345609,0.803214,0.825399,3.583557,0.918092,0.656779,3.532618,0.555090,0.602990,3.553767,0.122572,0.463666,3.449883,0.056517,0.883131,3.437610,0.891560,0.983964,3.550007,0.517284,1.127781,3.667834,0.122877,0.994786,3.740071,0.020182,-1.018826,-0.624629,-0.025466
0.836921,3.499886,0.903942,0.840429,3.485009,0.998876,0.829938,3.464247,1.100837,0.828136,3.448677,1.195060,0.824892,3.432976,1.289115,0.805509,3.405589,1.421100,0.781264,3.384905,1.516124,0.802737,3.446990,1.367128,0.757123,3.591461,1.366080,0.770191,3.663986,1.096323,0.754919,3.722308,0.865065,0.825713,3.388103,1.358286,0.888470,3.257144,1.315187,0.917222,3.296623,1.039849,0.921082,3.338093,0.804521,0.806692,3.572349,0.917048,0.647570,3.518563,0.550174,0.598147,3.532801,0.116902,0.459349,3.429727,0.048559,0.867186,3.427232,0.892080,0.963327,3.540275,0.516675,1.119428,3.664522,0.128912,0.994582,3.739891,0.019929,-1.045465,-0.714130,-0.034284
0.819804,3.488316,0.903617,0.823233,3.474464,0.998709,0.813016,3.454478,1.100851,0.811495,3.439769,1.195216,0.808640,3.424881,1.289414,0.790027,3.398320,1.421677,0.766022,3.377566,1.516747,0.786408,3.439193,1.367314,0.737663,3.582569,1.364978,0.750693,3.653779,1.094867,0.736490,3.712447,0.863631,0.810559,3.380714,1.358971,0.876168,3.250834,1.316953,0.905474,3.288422,1.041403,0.913657,3.329930,0.806193,0.788041,3.560259,0.915874,0.638491,3.504989,0.545172,0.595294,3.517215,0.111345,0.455915,3.416192,0.041363,0.851600,3.416195,0.892607,0.940887,3.526978,0.515032,1.108786,3.658568,0.134660,0.993973,3.739620,0.020678,-1.054190,-0.776293,-0.027432
0.803040,3.475598,0.902932,0.806348,3.462937,0.998187,0.796348,3.443952,1.100535,0.795028,3.430369,1.195064,0.792471,3.416593,1.289431,0.774506,3.391280,1.422018,0.750694,3.370579,1.517149,0.769926,3.431415,1.367388,0.717100,3.573241,1.363109,0.730620,3.643194,1.092697,0.717786,3.701772,0.861362,0.795397,3.373410,1.359757,0.864443,3.244908,1.319138,0.893758,3.280823,1.043366,0.906679,3.320841,0.808155,0.769533,3.546892,0.914203,0.629335,3.491712,0.539854,0.594363,3.509142,0.105628,0.452183,3.412154,0.035949,0.836580,3.404139,0.892898,0.916176,3.508965,0.511577,1.094901,3.649074,0.139291,0.993766,3.740346,0.022241,-1.033972,-0.793022,0.014962
0.786483,3.462110,0.902188,0.789644,3.450725,0.997609,0.779824,3.432870,1.100177,0.778652,3.420572,1.194883,0.776329,3.408089,1.289435,0.758932,3.384278,1.422375,0.735286,3.363690,1.517572,0.753317,3.423531,1.367525,0.695771,3.563449,1.360906,0.710092,3.632087,1.090202,0.698874,3.690255,0.858680,0.780225,3.366069,1.360742,0.853115,3.239174,1.321767,0.882084,3.273469,1.045756,0.899933,3.311105,0.810482,0.751082,3.532642,0.912403,0.620308,3.478917,0.534449,0.595423,3.506449,0.100024,0.449335,3.414737,0.031297,0.821918,3.391424,0.893198,0.889663,3.487388,0.507086,1.078727,3.636938,0.143634,0.993154,3.740983,0.024805,-0.995840,-0.782415,0.073027
0.770333,3.449353,0.902125,0.773438,3.438998,0.997672,0.763803,3.422018,1.100413,0.762718,3.410796,1.195261,0.760524,3.399408,1.289963,0.743520,3.376813,1.423177,0.719992,3.356199,1.518396,0.736896,3.415215,1.368071,0.674421,3.552897,1.359256,0.689467,3.620175,1.088252,0.679803,3.677702,0.856500,0.765352,3.358420,1.362066,0.842163,3.233344,1.324753,0.870905,3.266215,1.048545,0.892898,3.301735,0.813242,0.732943,3.518968,0.911509,0.611300,3.467591,0.530183,0.596441,3.504906,0.095882,0.447395,3.417236,0.027844,0.807757,3.379597,0.893955,0.863280,3.464049,0.503288,1.062327,3.623213,0.149358,0.989402,3.738397,0.029900,-0.960889,-0.770695,0.110335
0.754609,3.438243,0.903159,0.757831,3.428492,0.998770,0.748407,3.411943,1.101604,0.747335,3.401423,1.196538,0.745121,3.390772,1.291329,0.728246,3.368883,1.424682,0.704756,3.348009,1.519854,0.720688,3.406521,1.369231,0.653049,3.541548,1.358481,0.668863,3.607282,1.087145,0.660837,3.663945,0.855120,0.750823,3.350540,1.363858,0.831511,3.227424,1.328243,0.860277,3.259132,1.051899,0.885406,3.293173,0.816669,0.715076,3.506711,0.912105,0.601904,3.458099,0.527757,0.596829,3.503415,0.094050,0.446683,3.417411,0.026137,0.794179,3.369645,0.895428,0.837395,3.439053,0.500587,1.046676,3.607532,0.157093,0.978914,3.727968,0.032863,-0.936511,-0.770110,0.100937
0.739292,3.427864,0.904873,0.742723,3.418472,1.000510,0.733513,3.402098,1.103390,0.732395,3.392070,1.198374,0.730053,3.381960,1.293219,0.713134,3.360490,1.426631,0.689635,3.339216,1.521713,0.704668,3.397396,1.370800,0.631657,3.529437,1.358260,0.648161,3.593583,1.086582,0.641712,3.649153,0.854243,0.736592,3.342354,1.365990,0.821233,3.221408,1.332089,0.850145,3.252149,1.055653,0.877625,3.284977,0.820529,0.697522,3.495029,0.913606,0.592526,3.450077,0.526470,0.597175,3.503074,0.093680,0.446880,3.417503,0.025629,0.781102,3.360582,0.897359,0.811638,3.412295,0.498579,1.030800,3.590261,0.166207,0.971352,3.721541,0.048899,-0.915315,-0.768412,0.070783
0.724527,3.416977,0.906748,0.728131,3.407896,1.002407,0.719113,3.391630,1.105319,0.717925,3.382012,1.200343,0.715437,3.372347,1.295229,0.698472,3.351141,1.428675,0.674992,3.329413,1.523658,0.689078,3.387362,1.372506,0.610990,3.516375,1.358514,0.627369,3.579313,1.086546,0.621692,3.633631,0.853888,0.722821,3.333370,1.368212,0.811541,3.214991,1.335769,0.840792,3.244899,1.059277,0.869534,3.276834,0.824188,0.680665,3.482847,0.915293,0.584268,3.443422,0.525440,0.597211,3.502947,0.093575,0.447062,3.417520,0.025112,0.768432,3.350998,0.899426,0.786833,3.385253,0.497772,1.013835,3.573553,0.176475,0.956559,3.708165,0.061895,-0.896223,-0.755078,0.061293
0.710319,3.404981,0.908603,0.714110,3.396247,1.004289,0.705296,3.380092,1.107236,0.704042,3.370848,1.202297,0.701408,3.361567,1.297218,0.684425,3.340496,1.430685,0.661009,3.318274,1.525569,0.674038,3.376092,1.374248,0.591316,3.502072,1.359206,0.606327,3.564612,1.087065,0.600377,3.617611,0.854097,0.709646,3.323289,1.370444,0.802702,3.208043,1.339040,0.832619,3.237152,1.062535,0.861108,3.268675,0.827353,0.664602,3.469606,0.916959,0.577606,3.438566,0.524276,0.596773,3.502862,0.093246,0.446924,3.417452,0.024103,0.756086,3.340249,0.901471,0.763089,3.358291,0.498366,0.996124,3.559232,0.189541,0.934800,3.684599,0.067140,-0.884815,-0.714906,0.099992
0.696664,3.392476,0.910619,0.700604,3.384043,1.006327,0.691972,3.367932,1.109297,0.690629,3.358979,1.204384,0.687830,3.349986,1.299328,0.670829,3.328896,1.432789,0.647505,3.306124,1.527566,0.659428,3.363914,1.376128,0.572369,3.486817,1.360373,0.585194,3.549340,1.088111,0.578167,3.600863,0.854830,0.696931,3.312410,1.372767,0.794449,3.200693,1.342143,0.825226,3.229139,1.065665,0.852371,3.260570,0.830315,0.649236,3.455864,0.918810,0.572064,3.435077,0.523370,0.596026,3.502990,0.093183,0.446772,3.417311,0.023085,0.744148,3.328981,0.903653,0.740295,3.331044,0.500161,0.977325,3.545474,0.203761,0.908161,3.654392,0.069690,-0.875512,-0.663099,0.159354
0.683688,3.380025,0.912821,0.687468,3.371792,1.008551,0.678863,3.355638,1.111516,0.677364,3.346882,1.206618,0.674406,3.338084,1.301575,0.657479,3.316866,1.435025,0.634304,3.293533,1.529701,0.645127,3.351326,1.378179,0.554099,3.471289,1.362051,0.564454,3.533308,1.089574,0.555535,3.582997,0.855984,0.684427,3.301143,1.375184,0.786178,3.193026,1.345276,0.817702,3.221180,1.068852,0.843378,3.252413,0.833315,0.634664,3.442217,0.920743,0.567311,3.431562,0.523018,0.595199,3.502913,0.093655,0.446603,3.417136,0.022302,0.732768,3.317723,0.906124,0.718942,3.303899,0.503070,0.955553,3.528963,0.213971,0.879788,3.618172,0.069640,-0.850497,-0.634736,0.198232
0.671569,3.367821,0.915393,0.674665,3.359644,1.011147,0.665828,3.343349,1.114070,0.664067,3.334694,1.209177,0.660973,3.326010,1.304141,0.644284,3.304593,1.437589,0.621330,3.280723,1.532186,0.631091,3.338478,1.380584,0.536569,3.455755,1.364529,0.544209,3.516309,1.091649,0.532357,3.563874,0.857757,0.672049,3.289621,1.377863,0.777710,3.185119,1.348674,0.809710,3.213460,1.072321,0.834064,3.244144,0.836575,0.621076,3.428890,0.922859,0.563528,3.427660,0.523471,0.594380,3.502457,0.094871,0.446418,3.416930,0.021923,0.722105,3.306642,0.909153,0.699479,3.276761,0.507363,0.929722,3.508631,0.218117,0.850379,3.574435,0.066222,-0.793065,-0.650444,0.198884
0.660129,3.355671,0.918151,0.662231,3.347449,1.013928,0.653007,3.330928,1.116781,0.650917,3.322279,1.211883,0.647695,3.313614,1.306844,0.631337,3.291890,1.440284,0.608659,3.267472,1.534809,0.617365,3.325221,1.383159,0.519718,3.439947,1.367519,0.524357,3.498550,1.094141,0.508756,3.543635,0.859953,0.659882,3.277709,1.380635,0.769225,3.176895,1.352100,0.801586,3.205794,1.075848,0.824494,3.235823,0.839873,0.608282,3.415658,0.925058,0.560535,3.423731,0.524479,0.593481,3.501795,0.096624,0.446218,3.416690,0.021779,0.712001,3.295573,0.912471,0.681457,3.249723,0.512769,0.900918,3.485547,0.218253,0.819236,3.524685,0.060204,-0.719921,-0.689597,0.179051
0.648968,3.343549,0.920569,0.650133,3.335265,1.016361,0.640543,3.318448,1.119133,0.638129,3.309706,1.214218,0.634766,3.300936,1.309164,0.618702,3.278730,1.442559,0.596332,3.253683,1.536991,0.603964,3.311600,1.385385,0.503308,3.423736,1.370182,0.505081,3.480461,1.096361,0.485575,3.522315,0.861880,0.647930,3.265411,1.382997,0.760662,3.168204,1.355050,0.793431,3.197947,1.078938,0.814915,3.227531,0.842771,0.595811,3.402439,0.926934,0.557461,3.419467,0.525586,0.592474,3.501022,0.098563,0.446000,3.416448,0.021606,0.702134,3.284549,0.915429,0.664019,3.223454,0.518383,0.870509,3.459599,0.215377,0.787411,3.474061,0.053985,-0.663370,-0.725393,0.150802
0.638060,3.331537,0.922523,0.638450,3.323189,1.018316,0.628563,3.305996,1.120996,0.625842,3.297041,1.216053,0.622313,3.288016,1.310969,0.606451,3.265110,1.444269,0.584430,3.239314,1.538580,0.590927,3.297650,1.387149,0.487269,3.407061,1.372306,0.486500,3.462090,1.098132,0.463113,3.499747,0.863316,0.636217,3.252748,1.384833,0.752025,3.159046,1.357457,0.785391,3.189866,1.081535,0.805445,3.219334,0.845229,0.583610,3.389284,0.928398,0.553987,3.414709,0.526706,0.591287,3.500181,0.100645,0.445764,3.416134,0.021273,0.692511,3.273680,0.917871,0.647060,3.198217,0.524051,0.838571,3.431289,0.209228,0.755506,3.424987,0.048138,-0.638797,-0.748403,0.113424
0.627431,3.319555,0.924136,0.627103,3.311126,1.019921,0.616940,3.293485,1.122500,0.613916,3.284219,1.217517,0.610211,3.274814,1.312390,0.594513,3.251033,1.445558,0.572873,3.224406,1.539728,0.578215,3.283335,1.388564,0.471672,3.389984,1.374104,0.468495,3.443388,1.099631,0.441070,3.476098,0.864484,0.624719,3.239698,1.386259,0.743309,3.149420,1.359386,0.777318,3.181604,1.083696,0.795967,3.211166,0.847288,0.571732,3.376142,0.929541,0.550431,3.409616,0.527924,0.589991,3.499229,0.102914,0.445511,3.415817,0.020910,0.683125,3.262855,0.919954,0.630687,3.173748,0.529927,0.805028,3.400115,0.200066,0.722920,3.375040,0.042090,-0.630817,-0.768056,0.067631
0.616750,3.307335,0.925254,0.615814,3.298844,1.021031,0.605434,3.280734,1.123506,0.602147,3.271102,1.218478,0.598280,3.261242,1.313298,0.582739,3.236477,1.446304,0.561466,3.208985,1.540309,0.565735,3.268599,1.389446,0.456498,3.372555,1.375377,0.450891,3.424646,1.100691,0.419391,3.451910,0.865368,0.613365,3.226193,1.387119,0.734444,3.139182,1.360529,0.768872,3.173080,1.085101,0.786372,3.202906,0.848635,0.559862,3.362771,0.930229,0.546880,3.404363,0.529047,0.588764,3.498139,0.105156,0.445249,3.415735,0.020641,0.673627,3.251787,0.921499,0.614357,3.149923,0.535567,0.771025,3.364463,0.189674,0.688896,3.322087,0.036529,-0.625581,-0.785843,0.027637
0.605765,3.294813,0.925814,0.604399,3.286324,1.021588,0.593915,3.267743,1.123968,0.590436,3.257703,1.218892,0.586451,3.247312,1.313650,0.571088,3.221442,1.446464,0.550173,3.193048,1.540279,0.553464,3.253437,1.389736,0.441758,3.354799,1.376081,0.433573,3.406012,1.101295,0.398059,3.427279,0.865948,0.602133,3.212230,1.387344,0.725362,3.128280,1.360710,0.759958,3.164360,1.085584,0.776634,3.194573,0.849106,0.547750,3.349103,0.930421,0.543380,3.399008,0.530016,0.587648,3.496933,0.107307,0.444945,3.416095,0.020541,0.663763,3.240411,0.922427,0.597539,3.126466,0.541054,0.736793,3.323043,0.177892,0.652753,3.264949,0.031161,-0.618981,-0.799825,0.000717
0.594727,3.282054,0.925878,0.593043,3.273586,1.021648,0.582514,3.254512,1.123934,0.578881,3.244010,1.218802,0.574795,3.233013,1.313488,0.559602,3.205929,1.446080,0.539030,3.176599,1.539683,0.541424,3.237854,1.389492,0.427441,3.336693,1.376259,0.416656,3.387338,1.101462,0.377092,3.402109,0.866243,0.591044,3.197812,1.387003,0.716130,3.116764,1.360104,0.750671,3.155378,1.085312,0.766778,3.186148,0.848865,0.535646,3.335206,0.930160,0.539884,3.393494,0.530890,0.586601,3.495590,0.109432,0.444631,3.416691,0.020535,0.653789,3.228791,0.922817,0.580765,3.103653,0.546305,0.702101,3.277145,0.164881,0.615171,3.204804,0.026279,-0.615125,-0.811940,-0.020403
0.584069,3.268994,0.925475,0.582018,3.260466,1.021231,0.571391,3.240855,1.123404,0.567565,3.229851,1.218207,0.563337,3.218221,1.312811,0.548253,3.189915,1.445161,0.527948,3.159665,1.538531,0.529589,3.221806,1.388706,0.413502,3.318222,1.375851,0.400312,3.368462,1.101080,0.356484,3.376642,0.866294,0.580088,3.182880,1.386139,0.706879,3.104644,1.358927,0.740950,3.145857,1.084454,0.756776,3.177459,0.848102,0.523992,3.321047,0.929438,0.536340,3.387821,0.531649,0.585677,3.494018,0.111505,0.444415,3.417143,0.020523,0.644121,3.216829,0.922731,0.565098,3.082188,0.550630,0.667398,3.229028,0.152901,0.577434,3.143057,0.023447,-0.612488,-0.829496,-0.043331
0.574018,3.255688,0.924594,0.571458,3.246979,1.020320,0.560610,3.226762,1.122350,0.556495,3.215206,1.217074,0.552046,3.202912,1.311583,0.536962,3.173383,1.443665,0.516815,3.142241,1.536775,0.517902,3.205283,1.387330,0.399883,3.299373,1.374784,0.384630,3.349348,1.100067,0.336229,3.350879,0.866066,0.569212,3.167433,1.384733,0.697605,3.091965,1.357207,0.730661,3.135809,1.083022,0.746612,3.168499,0.846824,0.513010,3.306673,0.928211,0.532778,3.382013,0.532242,0.585025,3.492135,0.113463,0.444359,3.417278,0.020497,0.634993,3.204589,0.922196,0.550967,3.062418,0.553924,0.632467,3.178630,0.142196,0.539580,3.078754,0.022705,-0.610199,-0.854299,-0.071676
0.564346,3.242080,0.923245,0.561228,3.233110,1.018931,0.550108,3.212243,1.120801,0.545662,3.200094,1.215436,0.540954,3.187110,1.309840,0.525808,3.156351,1.441633,0.505742,3.124333,1.534463,0.506421,3.188295,1.385411,0.386641,3.280158,1.373129,0.369521,3.330033,1.098505,0.316334,3.324820,0.865592,0.558469,3.151472,1.382805,0.688312,3.078681,1.354916,0.719939,3.125220,1.081005,0.736302,3.159275,0.845022,0.502478,3.292037,0.926525,0.529167,3.376047,0.532719,0.584497,3.490023,0.115370,0.444400,3.417270,0.020464,0.626173,3.192006,0.921185,0.537944,3.043997,0.556292,0.597526,3.126013,0.132522,0.501570,3.012850,0.024011,-0.609130,-0.884542,-0.101830
0.554800,3.227938,0.921487,0.551203,3.218654,1.017127,0.539854,3.197141,1.118839,0.535123,3.184409,1.213385,0.530188,3.170762,1.307684,0.515000,3.138847,1.439199,0.494974,3.105994,1.531746,0.495291,3.170824,1.383079,0.373911,3.260600,1.371038,0.354886,3.310464,1.096541,0.296814,3.298705,0.865020,0.548000,3.134949,1.380461,0.679138,3.064656,1.352193,0.709132,3.113778,1.078546,0.725865,3.149625,0.842862,0.492177,3.276965,0.924510,0.525364,3.369851,0.533211,0.583697,3.487845,0.117395,0.444455,3.417263,0.020340,0.617377,3.178789,0.919686,0.525805,3.026590,0.557354,0.563670,3.073621,0.125414,0.464579,2.949614,0.028806,-0.610376,-0.922111,-0.130576
0.545505,3.213371,0.919246,0.541526,3.203694,1.014831,0.529997,3.181517,1.116379,0.525018,3.168193,1.210830,0.519878,3.153896,1.305022,0.504639,3.120884,1.436260,0.484582,3.087222,1.528508,0.484604,3.152873,1.380224,0.361758,3.240665,1.368387,0.340747,3.290695,1.094066,0.277624,3.272535,0.864316,0.537894,3.117860,1.377604,0.670178,3.049872,1.349004,0.698306,3.101508,1.075627,0.715192,3.139707,0.840329,0.482224,3.261552,0.922110,0.521688,3.363947,0.533840,0.582614,3.485774,0.119460,0.444493,3.417298,0.020090,0.608740,3.165064,0.917603,0.515022,3.010433,0.556786,0.530539,3.020514,0.121971,0.427967,2.889199,0.038839,-0.617385,-0.968618,-0.161026
0.536337,3.198269,0.916596,0.532053,3.188148,1.012121,0.520388,3.165310,1.113507,0.515206,3.151403,1.207862,0.509895,3.136483,1.301947,0.494623,3.102449,1.432919,0.474495,3.068018,1.524866,0.474269,3.134440,1.376956,0.350115,3.220386,1.365300,0.327082,3.270671,1.091187,0.258810,3.246310,0.863513,0.528064,3.100209,1.374332,0.661338,3.034347,1.345384,0.687395,3.088383,1.072266,0.704392,3.129363,0.837438,0.472500,3.245704,0.919382,0.517819,3.357815,0.534483,0.581260,3.483637,0.121644,0.444546,3.417334,0.019749,0.600127,3.150706,0.915032,0.505123,2.995291,0.554912,0.498494,2.967631,0.121093,0.392373,2.831454,0.052359,-0.626709,-1.022450,-0.190069
0.526665,3.182070,0.913820,0.522218,3.171560,1.009297,0.510550,3.148177,1.110559,0.505313,3.133797,1.204841,0.499979,3.118379,1.298846,0.484865,3.083530,1.429623,0.464745,3.048445,1.521326,0.464164,3.115495,1.373729,0.338919,3.199883,1.362291,0.313735,3.250178,1.088372,0.240521,3.220266,0.862857,0.518386,3.081946,1.371049,0.652476,3.017998,1.341572,0.676553,3.074013,1.068661,0.693810,3.117964,0.834389,0.462431,3.228963,0.916620,0.512657,3.349824,0.534905,0.579275,3.481080,0.124350,0.444621,3.417381,0.019337,0.590854,3.135046,0.912244,0.494478,2.980117,0.552320,0.469712,2.920229,0.121021,0.360886,2.780193,0.065556,-0.629103,-1.080656,-0.205149
0.516267,3.164702,0.910808,0.511823,3.153876,1.006251,0.500322,3.130090,1.107439,0.495219,3.115368,1.201677,0.490063,3.099601,1.295635,0.475373,3.064178,1.426309,0.455389,3.028558,1.517836,0.454273,3.096072,1.370483,0.328153,3.179192,1.359262,0.300552,3.229052,1.085504,0.222622,3.194317,0.862263,0.508853,3.063117,1.367674,0.643573,3.000906,1.337366,0.665914,3.058288,1.064582,0.683616,3.105407,0.830968,0.451822,3.211304,0.913729,0.506289,3.339848,0.535087,0.576799,3.478357,0.127545,0.444745,3.417444,0.018803,0.580669,3.117965,0.909112,0.482191,2.964935,0.548955,0.444756,2.879392,0.122166,0.334824,2.735876,0.079053,-0.615732,-1.140152,-0.197444
0.505366,3.146236,0.907670,0.501068,3.135150,1.003090,0.489865,3.111077,1.104244,0.485044,3.096122,1.198461,0.480214,3.080132,1.292399,0.466138,3.044343,1.423040,0.446370,3.008301,1.514449,0.444611,3.076138,1.367279,0.317834,3.158277,1.356311,0.287687,3.207456,1.082698,0.205249,3.168551,0.861816,0.499473,3.043677,1.364288,0.634650,2.982990,1.332969,0.655344,3.041318,1.060259,0.673640,3.091794,0.827390,0.440868,3.192752,0.910804,0.498627,3.328013,0.535047,0.573692,3.475214,0.131262,0.444892,3.417518,0.018199,0.569822,3.099583,0.905762,0.469156,2.949722,0.544872,0.423062,2.844035,0.124115,0.312869,2.698044,0.092227,-0.595431,-1.204021,-0.175777
0.493993,3.126330,0.905026,0.489979,3.115094,1.000440,0.479186,3.090891,1.101606,0.474768,3.075844,1.195826,0.470382,3.059781,1.289771,0.457045,3.023863,1.420452,0.437546,2.987567,1.511818,0.435102,3.055561,1.364751,0.307942,3.137159,1.354245,0.275447,3.185661,1.080773,0.188962,3.143467,0.862022,0.490155,3.023448,1.361536,0.625623,2.963929,1.329237,0.644597,3.023045,1.056577,0.663712,3.076796,0.824502,0.429568,3.172925,0.908435,0.488301,3.313072,0.534611,0.569173,3.470535,0.136005,0.444996,3.417598,0.017695,0.558380,3.079595,0.902845,0.456433,2.933363,0.540827,0.405117,2.816169,0.123874,0.294157,2.669138,0.099386,-0.585449,-1.278562,-0.154058
0.481967,3.104629,0.902963,0.478422,3.093358,0.998390,0.468171,3.069206,1.099624,0.464295,3.054232,1.193879,0.460477,3.038274,1.287867,0.448000,3.002516,1.418675,0.428840,2.966165,1.510091,0.425664,3.034149,1.363031,0.298432,3.115742,1.353362,0.263958,3.163537,1.080003,0.173949,3.119104,0.863089,0.480803,3.002209,1.359551,0.616429,2.943504,1.326397,0.633450,3.003344,1.053768,0.653758,3.060245,0.822553,0.417813,3.151564,0.906755,0.474861,3.294348,0.533557,0.563219,3.464341,0.141961,0.444533,3.417268,0.017008,0.546085,3.057551,0.900400,0.444284,2.915269,0.536781,0.391610,2.798443,0.119516,0.278493,2.652354,0.097329,-0.597431,-1.385149,-0.143919
0.469470,3.081488,0.901393,0.466532,3.070292,0.996851,0.456934,3.046348,1.098199,0.453722,3.031587,1.192514,0.450588,3.015885,1.286571,0.439097,2.980523,1.417580,0.420329,2.944285,1.509122,0.416379,3.012093,1.361988,0.289349,3.094122,1.353363,0.253094,3.141214,1.080114,0.160023,3.095424,0.864810,0.471513,2.980181,1.358201,0.607132,2.921934,1.324222,0.622126,2.982339,1.051600,0.643852,3.042308,0.821295,0.405714,3.128928,0.905630,0.458757,3.272518,0.532107,0.555853,3.456610,0.148943,0.444028,3.416945,0.016421,0.533195,3.033902,0.898386,0.432445,2.896029,0.532772,0.381850,2.788207,0.112966,0.266072,2.644496,0.089257,-0.619733,-1.502408,-0.133728
0.457086,3.057628,0.900672,0.454741,3.046657,0.996172,0.445830,3.023042,1.097660,0.443324,3.008597,1.192044,0.440932,2.993239,1.286179,0.430503,2.958396,1.417414,0.412101,2.922388,1.509121,0.407412,2.989838,1.361858,0.280804,3.072602,1.354158,0.242782,3.119355,1.081092,0.147179,3.072811,0.867068,0.462479,2.957857,1.357736,0.597842,2.899550,1.322885,0.611048,2.960344,1.050252,0.634054,3.023162,0.820823,0.393603,3.105412,0.905242,0.439965,3.248363,0.530752,0.546367,3.446156,0.156897,0.444993,3.417873,0.016963,0.520542,3.009697,0.897333,0.421186,2.876304,0.529676,0.374253,2.779521,0.107004,0.256613,2.638414,0.079084,-0.634665,-1.572508,-0.102503
0.444887,3.032929,0.901050,0.443084,3.022409,0.996611,0.434916,2.999293,1.098272,0.433192,2.985309,1.192740,0.431655,2.970421,1.286963,0.422458,2.936264,1.418463,0.404402,2.900641,1.510386,0.398991,2.967437,1.362904,0.273132,3.051366,1.355833,0.232874,3.098348,1.083132,0.135201,3.051597,0.870070,0.453911,2.935267,1.358388,0.588630,2.876139,1.322491,0.600472,2.937240,1.049858,0.624362,3.003011,0.821349,0.381451,3.080769,0.905760,0.417972,3.222204,0.529623,0.534088,3.432489,0.165563,0.449875,3.422350,0.018179,0.508300,2.984952,0.897576,0.410625,2.855908,0.527927,0.368796,2.770345,0.102440,0.250649,2.631881,0.066698,-0.632008,-1.560098,-0.023232
0.432802,3.007510,0.902277,0.431525,2.997591,0.997910,0.424136,2.975097,1.099770,0.423236,2.961677,1.194331,0.422610,2.947345,1.288650,0.414722,2.913997,1.420441,0.396986,2.878878,1.512620,0.390890,2.944836,1.364864,0.265997,3.030230,1.358302,0.223517,3.077805,1.086039,0.124306,3.031451,0.873609,0.445599,2.912379,1.359925,0.579426,2.851914,1.322935,0.590143,2.913146,1.050284,0.614778,2.981651,0.822661,0.369288,3.055245,0.907015,0.393291,3.193720,0.528590,0.519690,3.416099,0.175201,0.456228,3.428077,0.020524,0.496294,2.959651,0.898779,0.400643,2.835027,0.527091,0.365501,2.762719,0.098464,0.247648,2.627123,0.052210,-0.621981,-1.500529,0.077074
0.421197,2.982445,0.903951,0.420394,2.973104,0.999650,0.413671,2.951168,1.101681,0.413453,2.938244,1.196319,0.413571,2.924387,1.290717,0.406730,2.891713,1.422744,0.389204,2.857061,1.515141,0.382587,2.922320,1.367185,0.258504,3.008941,1.361211,0.215076,3.057225,1.089219,0.115142,3.011765,0.876948,0.437106,2.889598,1.361906,0.570122,2.827846,1.324078,0.579717,2.888728,1.051311,0.605364,2.958644,0.824225,0.357532,3.029975,0.908688,0.367439,3.162730,0.527750,0.504481,3.397275,0.186537,0.458217,3.429412,0.026380,0.484845,2.934800,0.900457,0.391162,2.814874,0.526738,0.362846,2.756819,0.095419,0.245733,2.623672,0.039865,-0.617564,-1.442030,0.138354
0.410349,2.958014,0.905974,0.409954,2.949148,1.001721,0.403714,2.927621,1.103873,0.403938,2.915052,1.198561,0.404504,2.901512,1.293006,0.398258,2.869271,1.425174,0.380756,2.835026,1.517728,0.373877,2.899847,1.369715,0.250278,2.987218,1.364579,0.208126,3.036224,1.092526,0.108348,2.992226,0.879863,0.428260,2.866922,1.364245,0.560656,2.804076,1.326040,0.568905,2.864070,1.053031,0.596166,2.933699,0.826021,0.346420,3.005182,0.910707,0.339886,3.128540,0.526928,0.488750,3.376269,0.200894,0.453186,3.425629,0.038304,0.474269,2.910733,0.902481,0.381742,2.795273,0.526981,0.360350,2.753076,0.093646,0.244602,2.621710,0.031200,-0.631225,-1.397569,0.115629
0.399981,2.933936,0.908444,0.399942,2.925523,1.004232,0.394071,2.904342,1.106477,0.394596,2.892059,1.201200,0.395444,2.878754,1.295675,0.389531,2.846811,1.427928,0.371942,2.812938,1.520602,0.364967,2.877459,1.372606,0.241693,2.965343,1.368388,0.202093,3.015185,1.096105,0.103285,2.973148,0.882577,0.419233,2.844352,1.367027,0.551091,2.780464,1.328701,0.557997,2.839089,1.055352,0.587138,2.907107,0.828068,0.335714,2.980643,0.913144,0.311162,3.091843,0.526301,0.472209,3.352829,0.216948,0.443791,3.417453,0.053740,0.464249,2.887117,0.904980,0.372822,2.776402,0.527707,0.358494,2.751059,0.092805,0.244558,2.621054,0.024678,-0.650495,-1.354178,0.053880
0.389626,2.910444,0.911257,0.389898,2.902524,1.007086,0.384352,2.881698,1.109421,0.385152,2.869686,1.204175,0.386261,2.856585,1.298675,0.380666,2.824878,1.430996,0.363006,2.791253,1.523746,0.355958,2.855571,1.375761,0.232978,2.943901,1.372220,0.195619,2.994759,1.099798,0.098689,2.954864,0.885030,0.410111,2.822294,1.370068,0.541504,2.757562,1.331561,0.547516,2.814205,1.057780,0.578205,2.879305,0.829889,0.325116,2.956823,0.915889,0.284377,3.054536,0.526492,0.455304,3.326484,0.231456,0.432173,3.401408,0.067398,0.454145,2.863956,0.907859,0.365631,2.760000,0.528145,0.357200,2.749653,0.092221,0.244626,2.620691,0.019932,-0.650951,-1.321183,0.027988
0.379040,2.887544,0.914532,0.379586,2.880311,1.010413,0.374343,2.859945,1.112855,0.375438,2.848240,1.207645,0.376850,2.835329,1.302167,0.371655,2.803788,1.434544,0.354001,2.770221,1.527318,0.346848,2.834435,1.379287,0.224149,2.923168,1.376013,0.188065,2.975368,1.103672,0.094097,2.937615,0.887223,0.400885,2.801003,1.373433,0.531884,2.735742,1.334477,0.537753,2.789611,1.060144,0.569559,2.850061,0.831187,0.314502,2.933902,0.919011,0.261000,3.016882,0.527708,0.438482,3.297070,0.244074,0.419608,3.376083,0.078307,0.443591,2.841086,0.911294,0.361033,2.747100,0.527866,0.356575,2.748704,0.091632,0.244510,2.620383,0.017262,-0.609605,-1.307171,0.084375
0.368468,2.865229,0.918151,0.369243,2.858725,1.014082,0.364258,2.838828,1.116629,0.365622,2.827414,1.211451,0.367317,2.814662,1.305989,0.362505,2.783225,1.438405,0.344876,2.749594,1.531160,0.337640,2.813800,1.383076,0.215191,2.902870,1.379831,0.180072,2.956590,1.107660,0.089971,2.921160,0.889154,0.391563,2.780223,1.377057,0.522243,2.714633,1.337592,0.528417,2.765113,1.062615,0.561007,2.819607,0.832258,0.303995,2.911701,0.922440,0.239562,2.978618,0.529744,0.421297,3.264750,0.255146,0.404819,3.342888,0.087438,0.432953,2.818672,0.915110,0.358164,2.736669,0.527299,0.356511,2.748365,0.091299,0.244505,2.620368,0.016367,-0.549445,-1.303557,0.176619
0.358179,2.843718,0.921650,0.359115,2.837585,1.017606,0.354342,2.817949,1.120214,0.355924,2.806715,1.215055,0.357855,2.794086,1.309605,0.353358,2.762781,1.442064,0.335718,2.729078,1.534790,0.328447,2.793325,1.386709,0.206276,2.882768,1.383445,0.172203,2.937804,1.111404,0.086432,2.905115,0.890752,0.382256,2.759596,1.380559,0.512686,2.693673,1.340829,0.519160,2.740553,1.065220,0.551899,2.789072,0.833514,0.293669,2.890145,0.925869,0.218768,2.940844,0.532609,0.402856,3.229548,0.262464,0.386114,3.302582,0.092418,0.422699,2.797213,0.918683,0.355670,2.727358,0.526963,0.356607,2.747979,0.091333,0.244526,2.620347,0.015982,-0.515009,-1.293906,0.240336
0.348409,2.823326,0.924976,0.349379,2.816932,1.020915,0.344741,2.797201,1.123512,0.346471,2.785968,1.218350,0.348577,2.773418,1.312907,0.344316,2.742331,1.445425,0.326613,2.708589,1.538125,0.319347,2.772935,1.390148,0.197527,2.862853,1.386854,0.164692,2.918792,1.114842,0.083623,2.889364,0.891988,0.373035,2.739028,1.383915,0.503311,2.672736,1.344290,0.509887,2.715751,1.068069,0.542021,2.758756,0.835183,0.283678,2.869429,0.929325,0.197876,2.904185,0.536588,0.382972,3.191388,0.265150,0.362469,3.254379,0.091513,0.413150,2.777141,0.921876,0.353199,2.718914,0.527096,0.356820,2.747290,0.091862,0.244558,2.620216,0.015838,-0.528742,-1.269175,0.249241
0.338921,2.803738,0.928183,0.339859,2.796724,1.024078,0.335310,2.776692,1.126620,0.337137,2.765347,1.221443,0.339371,2.752840,1.316003,0.335277,2.721998,1.448583,0.317475,2.688212,1.541248,0.310262,2.752704,1.393430,0.188822,2.843135,1.390060,0.157305,2.899772,1.118035,0.081400,2.874023,0.892892,0.363829,2.718612,1.387149,0.494020,2.651947,1.347872,0.500692,2.690886,1.071053,0.531586,2.728359,0.837035,0.273868,2.849358,0.932780,0.177628,2.868017,0.541397,0.361831,3.150345,0.264081,0.334907,3.199064,0.086457,0.403985,2.758024,0.924827,0.351103,2.711588,0.527461,0.357194,2.746554,0.092757,0.244615,2.620080,0.016205,-0.568200,-1.238409,0.229620
0.329273,2.784222,0.930963,0.330276,2.776657,1.026817,0.325851,2.756342,1.129309,0.327768,2.744886,1.224116,0.330091,2.732400,1.318677,0.326082,2.701748,1.451304,0.308140,2.667907,1.543922,0.301072,2.732522,1.396261,0.179968,2.823406,1.392839,0.149907,2.880784,1.120808,0.079448,2.859054,0.893486,0.354534,2.698267,1.389956,0.484630,2.631121,1.351194,0.491515,2.666337,1.073865,0.520581,2.698112,0.838793,0.263849,2.829275,0.935833,0.158954,2.831574,0.546189,0.339104,3.106669,0.259686,0.304817,3.139747,0.080075,0.394709,2.739065,0.927327,0.349071,2.704787,0.527859,0.357455,2.745885,0.093741,0.244656,2.619953,0.016622,-0.610584,-1.212311,0.195946
0.319342,2.764587,0.933319,0.320574,2.756709,1.029145,0.316333,2.736208,1.131608,0.318339,2.724676,1.226405,0.320699,2.712185,1.320964,0.316659,2.681620,1.453610,0.298508,2.647696,1.546157,0.291745,2.712397,1.398642,0.170920,2.803654,1.395255,0.142549,2.861850,1.123219,0.077863,2.844583,0.893845,0.345124,2.678007,1.392340,0.475074,2.610156,1.354335,0.482227,2.642395,1.076634,0.508866,2.668329,0.840557,0.253503,2.809000,0.938449,0.142305,2.794289,0.550852,0.314535,3.060474,0.251520,0.272174,3.076877,0.072723,0.385195,2.720069,0.929420,0.347153,2.698485,0.528305,0.357554,2.745310,0.094786,0.244654,2.619816,0.017021,-0.653569,-1.195003,0.144909
0.309251,2.745025,0.935249,0.310810,2.736901,1.031050,0.306788,2.716234,1.133488,0.308875,2.704625,1.228274,0.311234,2.692109,1.322829,0.307080,2.661574,1.455479,0.288679,2.627557,1.547942,0.282312,2.692319,1.400571,0.161724,2.783891,1.397244,0.135179,2.842948,1.125208,0.076549,2.830484,0.893895,0.335625,2.657817,1.394295,0.465419,2.589152,1.357214,0.472955,2.618768,1.079232,0.496580,2.638696,0.842226,0.242947,2.788713,0.940664,0.127230,2.756728,0.555499,0.288380,3.011645,0.240026,0.237002,3.010003,0.064046,0.375570,2.701230,0.931062,0.345301,2.692706,0.528784,0.357540,2.744803,0.095919,0.244635,2.619689,0.017472,-0.699481,-1.182364,0.079820
0.298919,2.725371,0.936441,0.300877,2.717004,1.032213,0.297118,2.696168,1.134627,0.299305,2.684488,1.229401,0.301669,2.671952,1.323954,0.297400,2.641454,1.456609,0.278778,2.607378,1.549006,0.272748,2.672148,1.401737,0.152324,2.763935,1.398394,0.127510,2.824043,1.126425,0.074906,2.816353,0.893432,0.326021,2.637574,1.395500,0.455681,2.568226,1.359203,0.464018,2.594952,1.080969,0.484130,2.608495,0.843221,0.232145,2.768296,0.942188,0.113304,2.719828,0.559618,0.261074,2.960083,0.226965,0.200761,2.940884,0.055807,0.365713,2.682340,0.931920,0.343060,2.686932,0.529051,0.357289,2.744399,0.096944,0.244635,2.619651,0.017716,-0.732503,-1.172730,0.025087
0.288244,2.705588,0.936775,0.290731,2.696962,1.032510,0.287323,2.675963,1.134902,0.289660,2.664230,1.229667,0.292054,2.651705,1.324220,0.287697,2.621291,1.456891,0.268909,2.587220,1.549257,0.263090,2.651894,1.402027,0.142719,2.743742,1.398529,0.119376,2.805247,1.126742,0.072798,2.802161,0.892375,0.316363,2.617310,1.395845,0.445943,2.547528,1.360090,0.455681,2.570781,1.081604,0.471572,2.577443,0.843288,0.221000,2.747707,0.942952,0.100437,2.683744,0.563177,0.232477,2.905497,0.212110,0.163510,2.869601,0.048176,0.355515,2.663360,0.931822,0.340219,2.681109,0.528980,0.356675,2.744153,0.097723,0.244677,2.619779,0.017569,-0.744885,-1.164159,-0.005841
0.277329,2.685713,0.936372,0.280416,2.676829,1.032066,0.277402,2.655666,1.134437,0.279910,2.643885,1.229191,0.282338,2.631378,1.323746,0.277893,2.601055,1.456434,0.258969,2.567024,1.548787,0.253302,2.631547,1.401554,0.132911,2.723357,1.397824,0.110943,2.786450,1.126288,0.070362,2.787936,0.890805,0.306599,2.596991,1.395439,0.436124,2.526906,1.360087,0.447678,2.546420,1.081379,0.458849,2.545823,0.842680,0.209608,2.726987,0.943026,0.088720,2.648320,0.566209,0.202729,2.848177,0.195687,0.125190,2.796071,0.040983,0.345086,2.644329,0.930941,0.336990,2.675289,0.528696,0.355823,2.744010,0.098393,0.244736,2.619995,0.017217,-0.744377,-1.158594,-0.026413
0.266404,2.665698,0.935284,0.269956,2.656533,1.030937,0.267257,2.635174,1.133276,0.269893,2.623310,1.228017,0.272342,2.610784,1.322569,0.267817,2.580497,1.455263,0.248774,2.546496,1.547602,0.243244,2.610934,1.400353,0.122855,2.702736,1.396401,0.102414,2.767282,1.125087,0.067407,2.773354,0.888762,0.296558,2.576400,1.394286,0.425995,2.506025,1.359189,0.439525,2.521863,1.080329,0.446192,2.513771,0.841577,0.198218,2.706136,0.942325,0.078003,2.614025,0.568300,0.172682,2.788895,0.180135,0.087087,2.721805,0.035486,0.334634,2.625146,0.929464,0.333552,2.669110,0.528332,0.354985,2.743842,0.099167,0.244782,2.620153,0.016958,-0.738415,-1.160204,-0.052563
0.255524,2.645544,0.933472,0.259331,2.636044,1.029083,0.256832,2.614433,1.131375,0.259539,2.602434,1.226096,0.261998,2.589835,1.320638,0.257424,2.559515,1.453323,0.238284,2.525521,1.545645,0.232878,2.589992,1.398360,0.112551,2.681866,1.394230,0.093901,2.747628,1.123079,0.063932,2.758293,0.886210,0.286191,2.555453,1.392304,0.415469,2.484760,1.357262,0.431165,2.497079,1.078344,0.433650,2.481090,0.839956,0.186879,2.685149,0.940772,0.068337,2.580890,0.569365,0.142213,2.727699,0.165688,0.048734,2.647136,0.031698,0.324217,2.605819,0.927395,0.330002,2.662594,0.527928,0.354257,2.743671,0.100067,0.244797,2.620185,0.016924,-0.725974,-1.170383,-0.093576
0.244636,2.625249,0.930974,0.248561,2.615390,1.026544,0.246182,2.593497,1.128779,0.248917,2.581327,1.223477,0.251374,2.568619,1.318005,0.246759,2.538212,1.450669,0.227538,2.504215,1.542973,0.222243,2.568784,1.395639,0.101999,2.660761,1.391341,0.085293,2.727604,1.120325,0.059939,2.742874,0.883184,0.275548,2.534232,1.389575,0.404634,2.463235,1.354441,0.422655,2.472100,1.075535,0.421174,2.447977,0.837838,0.175541,2.664031,0.938444,0.059671,2.548884,0.569489,0.111446,2.664540,0.152112,0.010597,2.571730,0.029605,0.313777,2.586341,0.924730,0.326243,2.655719,0.527443,0.353542,2.743476,0.101071,0.244797,2.620158,0.016984,-0.708079,-1.187738,-0.140168
0.233805,2.604761,0.927962,0.237730,2.594588,1.023499,0.235380,2.572420,1.125675,0.238080,2.560064,1.220350,0.240489,2.547211,1.314859,0.235786,2.516648,1.447484,0.216472,2.482631,1.539761,0.211315,2.547332,1.392413,0.091158,2.639416,1.387942,0.076462,2.707182,1.117036,0.055246,2.727131,0.879834,0.264608,2.512763,1.386339,0.393520,2.441491,1.351126,0.413689,2.447009,1.072273,0.408855,2.415149,0.835475,0.164304,2.642800,0.935500,0.051694,2.518381,0.568518,0.081605,2.600047,0.141137,-0.024643,2.496090,0.030427,0.303352,2.566590,0.921652,0.322171,2.648045,0.526883,0.352797,2.743055,0.102323,0.244799,2.620130,0.017043,-0.695235,-1.212257,-0.180422
0.223173,2.584203,0.924384,0.226939,2.573780,1.019900,0.224492,2.551331,1.122011,0.227074,2.538743,1.216659,0.229371,2.525665,1.311140,0.224512,2.494799,1.443688,0.205076,2.460711,1.535913,0.200104,2.525631,1.388631,0.080068,2.617867,1.384029,0.067418,2.686345,1.113197,0.049745,2.711113,0.876147,0.253378,2.491038,1.382533,0.382149,2.419531,1.347280,0.404152,2.421722,1.068521,0.396771,2.382622,0.832862,0.153321,2.621608,0.931851,0.044352,2.489689,0.566321,0.052492,2.533005,0.133292,-0.056485,2.419082,0.034719,0.293071,2.546663,0.918144,0.317865,2.639599,0.526237,0.352016,2.742470,0.103779,0.244809,2.620119,0.017082,-0.690535,-1.245141,-0.209701
0.212599,2.563452,0.920290,0.216087,2.552824,1.015794,0.213452,2.530100,1.117840,0.215851,2.517265,1.212460,0.217992,2.503927,1.306908,0.212929,2.472690,1.439361,0.193360,2.438513,1.531525,0.188600,2.503684,1.384345,0.068690,2.596078,1.379606,0.058151,2.665111,1.108824,0.043545,2.694770,0.872137,0.241852,2.469063,1.378221,0.370501,2.397351,1.342940,0.394158,2.396324,1.064317,0.384844,2.350381,0.830004,0.142438,2.600304,0.927586,0.037700,2.462500,0.563028,0.024305,2.464628,0.128047,-0.085430,2.341840,0.041925,0.282803,2.526463,0.914223,0.313246,2.630354,0.525515,0.351205,2.741659,0.105484,0.244821,2.620106,0.017120,-0.690887,-1.285189,-0.232643
0.201728,2.542082,0.916008,0.204956,2.531302,1.011504,0.202123,2.508393,1.113504,0.204326,2.495402,1.208107,0.206287,2.481908,1.302538,0.200982,2.450454,1.434931,0.181283,2.416263,1.527062,0.176745,2.481524,1.379925,0.056860,2.573932,1.374899,0.048505,2.643498,1.104179,0.036789,2.677982,0.867986,0.229988,2.446886,1.373835,0.358544,2.374977,1.338619,0.383749,2.371158,1.060147,0.372923,2.319104,0.827155,0.131297,2.578450,0.923127,0.031589,2.436258,0.558879,-0.001133,2.399194,0.125551,-0.110295,2.268262,0.051589,0.272200,2.505576,0.910117,0.307976,2.619794,0.524752,0.350338,2.740242,0.107721,0.244829,2.620097,0.017131,-0.697513,-1.328794,-0.251241
0.190502,2.520100,0.911494,0.193515,2.509218,1.006986,0.190491,2.486220,1.108961,0.192490,2.473180,1.203563,0.194249,2.459653,1.297993,0.188660,2.428172,1.430370,0.168836,2.394059,1.522503,0.164533,2.459201,1.375344,0.044508,2.551403,1.369880,0.038515,2.621588,1.099262,0.029619,2.660829,0.863691,0.217784,2.424557,1.369361,0.346265,2.352429,1.334321,0.372836,2.346273,1.056011,0.360923,2.288876,0.824305,0.119840,2.556055,0.918453,0.026280,2.411453,0.553521,-0.024007,2.336564,0.127339,-0.130232,2.197372,0.065540,0.261203,2.484010,0.905763,0.302118,2.608282,0.524063,0.349422,2.738411,0.110439,0.244833,2.620091,0.017090,-0.712560,-1.375864,-0.269839
0.178980,2.497499,0.906791,0.181795,2.486569,1.002284,0.178570,2.463571,1.104253,0.180351,2.450573,1.198865,0.181884,2.437117,1.293310,0.175974,2.405764,1.425704,0.156027,2.371803,1.517869,0.151972,2.436664,1.370630,0.031705,2.528517,1.364577,0.028145,2.599300,1.094074,0.021893,2.643231,0.859256,0.205243,2.402025,1.364812,0.333679,2.329687,1.330041,0.361507,2.321620,1.051909,0.348929,2.259613,0.821465,0.108125,2.533109,0.913585,0.021512,2.387594,0.547307,-0.044131,2.276876,0.131874,-0.146089,2.130147,0.081949,0.249871,2.461757,0.901224,0.295609,2.595453,0.523334,0.348449,2.735973,0.113689,0.244833,2.620088,0.017022,-0.733881,-1.426490,-0.284094
0.166976,2.473830,0.902351,0.169671,2.462934,0.997851,0.166276,2.440080,1.099846,0.167849,2.427280,1.194488,0.169150,2.414074,1.288970,0.162896,2.383123,1.421440,0.142848,2.349434,1.513681,0.139027,2.413795,1.366233,0.018501,2.505237,1.359305,0.017131,2.576401,1.088876,0.013326,2.624829,0.854882,0.192337,2.379178,1.360669,0.320800,2.306708,1.326277,0.350067,2.297399,1.048335,0.337054,2.231731,0.818924,0.095963,2.509153,0.909013,0.016362,2.362656,0.541536,-0.059130,2.224818,0.134694,-0.159229,2.073411,0.094874,0.238023,2.438377,0.896915,0.287917,2.579702,0.522256,0.347372,2.731968,0.117908,0.244824,2.620096,0.016971,-0.756265,-1.477334,-0.282965
0.154336,2.448968,0.898168,0.157036,2.438142,0.993677,0.153535,2.415570,1.095733,0.154936,2.403137,1.190428,0.156014,2.390392,1.284977,0.149412,2.360179,1.417600,0.129292,2.326899,1.509973,0.125678,2.390517,1.362151,0.004895,2.481512,1.353988,0.005342,2.552903,1.083609,0.003843,2.605587,0.850505,0.179050,2.355941,1.356939,0.307618,2.283425,1.323041,0.338611,2.273661,1.045297,0.325266,2.205317,0.816657,0.083203,2.484062,0.904785,0.010869,2.335888,0.536517,-0.066981,2.182214,0.134461,-0.170476,2.030754,0.103842,0.225502,2.413745,0.892777,0.278804,2.561109,0.520831,0.346438,2.726931,0.123280,0.244803,2.620117,0.016965,-0.782507,-1.530584,-0.262363
0.141214,2.423038,0.894248,0.143996,2.412363,0.989774,0.140420,2.390217,1.091922,0.141661,2.378308,1.186688,0.142509,2.366204,1.281326,0.135536,2.337002,1.414160,0.115364,2.304250,1.506712,0.111947,2.366907,1.358386,-0.009113,2.457392,1.348702,-0.007091,2.528794,1.078332,-0.006481,2.585541,0.846189,0.165398,2.332389,1.353613,0.294144,2.259905,1.320321,0.327044,2.250354,1.042787,0.313595,2.180285,0.814689,0.069996,2.457960,0.900853,0.004993,2.308041,0.531940,-0.069707,2.147240,0.132513,-0.179005,1.998586,0.109325,0.212466,2.387986,0.888869,0.268509,2.539594,0.519059,0.345399,2.720326,0.129621,0.244774,2.620149,0.016976,-0.809812,-1.584053,-0.226377
0.127888,2.395962,0.891060,0.130741,2.385685,0.986623,0.127064,2.364183,1.088902,0.128112,2.352979,1.183754,0.128692,2.341681,1.278490,0.121287,2.313701,1.411561,0.101075,2.281586,1.504326,0.097867,2.343086,1.355395,-0.023472,2.432990,1.343987,-0.020035,2.503809,1.073483,-0.017713,2.564438,0.842329,0.151402,2.308631,1.351140,0.280420,2.236306,1.318576,0.315382,2.227526,1.041277,0.302242,2.156791,0.813384,0.056600,2.430758,0.897561,-0.002312,2.279341,0.528183,-0.070993,2.119109,0.128398,-0.183707,1.972962,0.106797,0.199210,2.361040,0.885787,0.257214,2.513306,0.516622,0.343463,2.709581,0.136813,0.244741,2.620184,0.016961,-0.824583,-1.627842,-0.176242
0.114404,2.367118,0.888661,0.117220,2.357644,0.984304,0.113354,2.337144,1.086774,0.114138,2.326946,1.181734,0.114387,2.316720,1.276586,0.106471,2.290306,1.409936,0.086244,2.259024,1.502977,0.083262,2.319032,1.353268,-0.038278,2.408369,1.339816,-0.033614,2.477868,1.068984,-0.030021,2.542304,0.838876,0.136877,2.284637,1.349648,0.266305,2.212666,1.317942,0.303684,2.205222,1.040928,0.291283,2.134806,0.812863,0.043019,2.401773,0.894830,-0.011376,2.249128,0.525232,-0.071313,2.098701,0.120611,-0.182136,1.953358,0.090619,0.185822,2.332344,0.883724,0.244662,2.481474,0.513218,0.340510,2.693895,0.144736,0.244840,2.620356,0.015602,-0.820235,-1.661267,-0.099508
0.100715,2.337129,0.886994,0.103485,2.328704,0.982737,0.099402,2.309423,1.085436,0.099891,2.300413,1.180518,0.099771,2.291423,1.275496,0.091281,2.266786,1.409151,0.071051,2.236447,1.502503,0.068308,2.294767,1.351915,-0.053435,2.383465,1.336216,-0.047703,2.451050,1.064913,-0.043237,2.519112,0.835878,0.122009,2.260437,1.349007,0.251940,2.188946,1.318283,0.291890,2.183396,1.041580,0.280642,2.114359,0.813005,0.029249,2.371689,0.892738,-0.021869,2.218063,0.523101,-0.070194,2.085137,0.110659,-0.176739,1.940298,0.066429,0.172214,2.302460,0.882487,0.231110,2.444869,0.509149,0.336659,2.674069,0.153509,0.244936,2.620533,0.014216,-0.803352,-1.685011,-0.008624
0.086962,2.307790,0.886355,0.089884,2.300332,0.982177,0.085671,2.282148,1.085077,0.085912,2.274184,1.180261,0.085423,2.266268,1.275340,0.076313,2.243162,1.409238,0.056045,2.213604,1.502837,0.053576,2.270474,1.351522,-0.068603,2.358197,1.333814,-0.061801,2.423319,1.061944,-0.056926,2.494542,0.833871,0.107364,2.236225,1.349282,0.237796,2.165186,1.319655,0.279842,2.161965,1.043220,0.270290,2.095688,0.813813,0.015537,2.342470,0.891862,-0.033853,2.188351,0.522208,-0.069907,2.074988,0.102604,-0.173742,1.931415,0.046614,0.158420,2.273010,0.882087,0.217511,2.403955,0.505009,0.331481,2.649926,0.163366,0.244634,2.620312,0.016715,-0.780083,-1.691234,0.057825
0.073066,2.279799,0.886937,0.076490,2.273062,0.982797,0.072269,2.255695,1.085841,0.072320,2.248485,1.181089,0.071431,2.241341,1.276229,0.061555,2.219328,1.410259,0.041197,2.190282,1.504001,0.039089,2.246128,1.352229,-0.083950,2.332255,1.332827,-0.075662,2.394184,1.060271,-0.070685,2.468474,0.833158,0.092945,2.211943,1.350594,0.223837,2.141203,1.322329,0.267293,2.141026,1.046107,0.260258,2.079193,0.815420,0.001921,2.315013,0.892577,-0.048584,2.160155,0.523326,-0.071802,2.067866,0.098200,-0.176459,1.927183,0.036138,0.144251,2.244495,0.882535,0.204642,2.357201,0.500381,0.325018,2.620699,0.174783,0.244192,2.622697,0.025947,-0.743420,-1.672774,0.071810
0.059104,2.252458,0.888548,0.063230,2.246361,0.984424,0.059088,2.229688,1.087584,0.058997,2.223091,1.182874,0.057709,2.216556,1.278052,0.047019,2.195389,1.412152,0.026535,2.166693,1.505973,0.024823,2.221754,1.353895,-0.099308,2.305949,1.333038,-0.089532,2.364136,1.059701,-0.084918,2.441027,0.833435,0.078750,2.187650,1.352821,0.210099,2.117180,1.326033,0.254488,2.120482,1.049982,0.250516,2.064473,0.817693,-0.011637,2.288422,0.894507,-0.064807,2.133313,0.525683,-0.074529,2.064160,0.095694,-0.181575,1.927129,0.030037,0.129897,2.216414,0.883820,0.191726,2.306137,0.495680,0.317226,2.587156,0.187282,0.243352,2.624685,0.039064,-0.700372,-1.636792,0.061361
0.045450,2.225464,0.890900,0.050242,2.220101,0.986787,0.046267,2.204123,1.090062,0.046130,2.198118,1.185390,0.044578,2.192135,1.280599,0.033335,2.171676,1.414765,0.012688,2.143223,1.508623,0.011272,2.197611,1.356293,-0.113833,2.280126,1.334426,-0.103644,2.334615,1.060333,-0.100403,2.412227,0.834324,0.065343,2.163719,1.355662,0.197166,2.093701,1.330006,0.242003,2.099959,1.054060,0.240941,2.050562,0.820244,-0.024999,2.261971,0.897106,-0.078815,2.109536,0.527380,-0.076307,2.061608,0.093891,-0.185379,1.927458,0.025797,0.115960,2.188888,0.885922,0.177393,2.255816,0.492747,0.307552,2.551425,0.199672,0.240944,2.616863,0.051436,-0.678113,-1.596930,0.071978
0.032089,2.198401,0.894074,0.037509,2.194091,0.989974,0.033858,2.178944,1.093382,0.033839,2.173598,1.188748,0.032246,2.168155,1.283990,0.020866,2.148273,1.418234,-0.000041,2.119949,1.512074,-0.001275,2.173765,1.359515,-0.127061,2.255157,1.337248,-0.118144,2.305969,1.062419,-0.117616,2.381934,0.835794,0.053050,2.140275,1.359166,0.185323,2.070884,1.334064,0.230068,2.079167,1.058145,0.231404,2.037413,0.822928,-0.038295,2.235029,0.900354,-0.089080,2.089592,0.527503,-0.076142,2.059797,0.092434,-0.186187,1.927036,0.023041,0.102541,2.161716,0.889027,0.160677,2.207764,0.492333,0.295505,2.514030,0.212301,0.236886,2.596129,0.062592,-0.700178,-1.556803,0.131702
0.019035,2.171684,0.897989,0.025048,2.168523,0.993897,0.021810,2.154207,1.097438,0.022004,2.149500,1.192836,0.020505,2.144538,1.288105,0.009249,2.125096,1.422422,-0.011954,2.096794,1.516202,-0.013108,2.150149,1.363467,-0.139457,2.230672,1.341247,-0.132885,2.277850,1.065707,-0.136080,2.350288,0.837875,0.041546,2.117193,1.363285,0.174285,2.048612,1.338392,0.218453,2.058395,1.062433,0.222035,2.025072,0.825892,-0.051394,2.208227,0.904271,-0.097130,2.072713,0.526966,-0.075028,2.059141,0.091679,-0.185681,1.926998,0.022146,0.089540,2.135099,0.892948,0.142543,2.160456,0.493687,0.281575,2.474447,0.224819,0.231261,2.565585,0.073002,-0.743033,-1.512797,0.212493
0.006706,2.146268,0.902117,0.013053,2.143833,0.998033,0.010103,2.130086,1.101663,0.010458,2.125852,1.197085,0.009064,2.121282,1.292375,-0.001968,2.102225,1.426764,-0.023338,2.073905,1.520501,-0.024598,2.126827,1.367638,-0.151568,2.206405,1.345628,-0.147663,2.250658,1.069537,-0.155144,2.317741,0.840282,0.030413,2.094473,1.367573,0.163783,2.027121,1.342777,0.207036,2.038140,1.066725,0.213100,2.012714,0.829178,-0.063765,2.182735,0.908367,-0.103850,2.058320,0.526614,-0.074168,2.058625,0.091504,-0.185201,1.926966,0.021738,0.077256,2.109766,0.897113,0.124513,2.114368,0.496388,0.266671,2.433237,0.234986,0.223150,2.525125,0.079447,-0.763250,-1.467707,0.275729
-0.004730,2.122755,0.906408,0.001568,2.120306,1.002331,-0.001297,2.106701,1.105984,-0.000881,2.102695,1.201417,-0.002177,2.098417,1.296723,-0.012877,2.079747,1.431193,-0.034177,2.051391,1.524934,-0.035847,2.103839,1.371982,-0.163596,2.182226,1.350245,-0.162661,2.224749,1.073855,-0.175134,2.284287,0.842884,0.019561,2.072191,1.372001,0.153874,2.006790,1.347215,0.196005,2.018574,1.071010,0.205022,1.999936,0.832897,-0.075205,2.159219,0.912624,-0.109259,2.046749,0.526707,-0.073973,2.057970,0.091966,-0.185181,1.926814,0.021523,0.065823,2.086254,0.901439,0.107189,2.069578,0.500469,0.251191,2.390944,0.242605,0.212496,2.473052,0.079898,-0.737411,-1.416540,0.308526
-0.015442,2.100542,0.910912,-0.009451,2.097658,1.006840,-0.012356,2.083931,1.110476,-0.011931,2.079988,1.205911,-0.013119,2.075913,1.301226,-0.023386,2.057575,1.435775,-0.044487,2.029143,1.529539,-0.046753,2.081144,1.376545,-0.175339,2.158266,1.355245,-0.177695,2.199766,1.078715,-0.195723,2.249931,0.845813,0.009081,2.050270,1.376599,0.144502,1.987241,1.351712,0.185174,1.999524,1.075299,0.197377,1.987141,0.836939,-0.085916,2.137014,0.917061,-0.113337,2.037662,0.526985,-0.074031,2.057455,0.093008,-0.185185,1.926668,0.021794,0.055107,2.064027,0.906007,0.089968,2.026008,0.505897,0.234737,2.347023,0.247872,0.199357,2.411063,0.076384,-0.688934,-1.364289,0.323768
-0.025512,2.078771,0.915245,-0.019941,2.075471,1.011184,-0.022984,2.061582,1.114792,-0.022620,2.057633,1.210226,-0.023756,2.053667,1.305546,-0.033678,2.035517,1.440148,-0.054598,2.006977,1.533919,-0.057382,2.058674,1.380940,-0.186747,2.134657,1.360277,-0.192016,2.175037,1.083618,-0.215282,2.215136,0.849174,-0.001176,2.028481,1.381014,0.135223,1.967582,1.356062,0.173852,1.980966,1.079428,0.189161,1.974718,0.841018,-0.095972,2.115290,0.921238,-0.116909,2.029464,0.527509,-0.074306,2.056899,0.094332,-0.185243,1.926520,0.022055,0.045018,2.042204,0.910493,0.072569,1.983902,0.512153,0.217027,2.300403,0.249142,0.182982,2.344132,0.071777,-0.644647,-1.328723,0.321490
-0.034718,2.057271,0.919426,-0.029672,2.053718,1.015383,-0.032989,2.039685,1.118962,-0.032798,2.035673,1.214394,-0.033999,2.031694,1.309713,-0.043783,2.013516,1.444322,-0.064610,1.984819,1.538066,-0.067691,2.036448,1.385184,-0.197755,2.111485,1.365480,-0.205092,2.150354,1.088641,-0.232991,2.179960,0.853184,-0.011208,2.006773,1.385285,0.125943,1.947539,1.360403,0.161498,1.963099,1.083504,0.179970,1.962953,0.845234,-0.105154,2.093880,0.925123,-0.120058,2.021933,0.528382,-0.074866,2.056299,0.095904,-0.185378,1.926367,0.022188,0.035782,2.020610,0.914965,0.054763,1.943216,0.519438,0.197929,2.250836,0.245374,0.162662,2.272820,0.066792,-0.615364,-1.321738,0.297135
-0.043284,2.036213,0.923436,-0.038875,2.032426,1.019416,-0.042563,2.018208,1.122958,-0.042614,2.014065,1.218384,-0.043936,2.009981,1.313697,-0.053669,1.991630,1.448285,-0.074424,1.962742,1.541987,-0.077723,2.014448,1.389261,-0.208427,2.088664,1.370715,-0.217453,2.125926,1.093706,-0.249670,2.144344,0.857627,-0.021016,1.985195,1.389373,0.116757,1.927386,1.364598,0.148654,1.945723,1.087419,0.170208,1.951560,0.849488,-0.113680,2.072951,0.928749,-0.122702,2.015289,0.529501,-0.075644,2.055658,0.097757,-0.185567,1.926212,0.022311,0.027172,1.999420,0.919354,0.036778,1.903995,0.527550,0.177575,2.198569,0.237608,0.139106,2.196567,0.060714,-0.590270,-1.331438,0.255260
-0.051961,2.015255,0.926839,-0.048175,2.011253,1.022838,-0.052201,1.996859,1.126344,-0.052446,1.992582,1.221764,-0.053830,1.988384,1.317071,-0.063432,1.969848,1.451644,-0.084071,1.940782,1.545315,-0.087661,1.992551,1.392737,-0.218908,2.066069,1.375220,-0.229943,2.101707,1.098083,-0.266156,2.108578,0.861961,-0.030760,1.963671,1.392815,0.107507,1.907051,1.368039,0.136260,1.928213,1.090687,0.160084,1.940070,0.853189,-0.122286,2.052181,0.931777,-0.125418,2.008596,0.530614,-0.076396,2.054805,0.099699,-0.185760,1.926059,0.022280,0.018416,1.978273,0.923129,0.019020,1.866618,0.535361,0.156077,2.143271,0.227312,0.113689,2.118670,0.054262,-0.563751,-1.339910,0.209562
-0.061002,1.994351,0.929530,-0.057789,1.990182,1.025543,-0.062072,1.975660,1.129021,-0.062413,1.971286,1.224437,-0.063749,1.967011,1.319741,-0.073049,1.948345,1.454317,-0.093493,1.919140,1.547988,-0.097538,1.970860,1.395524,-0.229209,2.043804,1.378772,-0.242909,2.077830,1.101560,-0.282638,2.072700,0.866006,-0.040463,1.942324,1.395506,0.098170,1.886659,1.370583,0.124709,1.910417,1.093207,0.149575,1.928616,0.856234,-0.131216,2.031530,0.934114,-0.128393,2.001569,0.531681,-0.077031,2.053640,0.101698,-0.185909,1.925844,0.021978,0.009259,1.957116,0.926172,0.001498,1.831164,0.542819,0.133589,2.084670,0.214013,0.086789,2.040155,0.046955,-0.531662,-1.340573,0.161641
-0.070154,1.973547,0.931614,-0.067501,1.969231,1.027637,-0.072007,1.954588,1.131089,-0.072396,1.950116,1.226500,-0.073624,1.945754,1.321802,-0.082542,1.926946,1.456384,-0.102747,1.897614,1.550068,-0.107322,1.949272,1.397710,-0.239318,2.021765,1.381595,-0.256002,2.054162,1.104349,-0.298926,2.036672,0.869943,-0.050101,1.921030,1.397550,0.088769,1.866084,1.372373,0.113608,1.892487,1.095081,0.138703,1.917064,0.858727,-0.140224,2.011038,0.935853,-0.131440,1.994493,0.532742,-0.077640,2.052264,0.103786,-0.186064,1.925631,0.021522,-0.000043,1.936002,0.928601,-0.015797,1.797555,0.549975,0.109957,2.023037,0.198184,0.058028,1.959995,0.039273,-0.498147,-1.340009,0.109897
-0.079420,1.952636,0.932973,-0.077281,1.948112,1.028999,-0.081992,1.933286,1.132415,-0.082411,1.928654,1.227818,-0.083520,1.924144,1.323115,-0.092064,1.905116,1.457690,-0.112041,1.875634,1.551375,-0.117097,1.927354,1.399129,-0.249342,1.999517,1.383592,-0.269017,2.030264,1.106350,-0.315290,2.000663,0.873768,-0.059766,1.899338,1.398803,0.079218,1.844878,1.373217,0.102722,1.874255,1.096120,0.127752,1.904549,0.860390,-0.149309,1.990493,0.936930,-0.134576,1.987279,0.533673,-0.078256,2.050804,0.105861,-0.186326,1.925620,0.021128,-0.009495,1.914725,0.930241,-0.032486,1.765936,0.555855,0.084837,1.958852,0.182714,0.027651,1.878406,0.033379,-0.470026,-1.340045,0.063232
-0.088777,1.931560,0.933550,-0.087109,1.926734,1.029571,-0.092013,1.911632,1.132938,-0.092455,1.906752,1.228329,-0.093450,1.902010,1.323615,-0.101657,1.882657,1.458164,-0.121431,1.852992,1.551835,-0.126880,1.904958,1.399701,-0.259294,1.976925,1.384699,-0.281995,2.006005,1.107515,-0.331845,1.964517,0.877541,-0.069478,1.877088,1.399189,0.069467,1.822828,1.372969,0.092045,1.855784,1.096210,0.116751,1.890892,0.861093,-0.158464,1.969818,0.937302,-0.137701,1.980086,0.534461,-0.078889,2.049332,0.107859,-0.186826,1.925986,0.020897,-0.019062,1.893246,0.931024,-0.048703,1.736512,0.560253,0.058029,1.891384,0.167622,-0.004326,1.794127,0.028989,-0.445266,-1.339319,0.028029
-0.098248,1.910378,0.933402,-0.097005,1.905187,1.029410,-0.102084,1.889748,1.132719,-0.102530,1.884557,1.228094,-0.103401,1.879523,1.323367,-0.111278,1.859767,1.457877,-0.130860,1.829894,1.551523,-0.136655,1.882232,1.399507,-0.269162,1.954123,1.384981,-0.294896,1.981516,1.107892,-0.348476,1.928392,0.881203,-0.079217,1.854440,1.398783,0.059565,1.800146,1.371776,0.081584,1.837011,1.095466,0.105669,1.876271,0.860966,-0.167696,1.949091,0.937012,-0.140916,1.972756,0.535119,-0.079528,2.047777,0.109845,-0.187434,1.926553,0.020728,-0.028778,1.871603,0.931018,-0.064314,1.709079,0.563374,0.029732,1.821363,0.152888,-0.037920,1.708419,0.026386,-0.425899,-1.339194,-0.002096
-0.107893,1.889059,0.932579,-0.107007,1.883460,1.028568,-0.112233,1.867642,1.131813,-0.112658,1.862096,1.227167,-0.113393,1.856724,1.322422,-0.120951,1.836506,1.456883,-0.140362,1.806393,1.550486,-0.146460,1.859189,1.398617,-0.279012,1.931086,1.384536,-0.307392,1.956744,1.107531,-0.365104,1.892920,0.884579,-0.089011,1.831426,1.397666,0.049576,1.777021,1.369891,0.071122,1.817580,1.094050,0.094702,1.860358,0.860112,-0.177026,1.928336,0.936129,-0.144537,1.964726,0.535551,-0.080172,2.046048,0.111910,-0.187859,1.927003,0.020528,-0.038746,1.849713,0.930255,-0.078539,1.683172,0.564857,0.000203,1.751459,0.141355,-0.072936,1.625274,0.028592,-0.424847,-1.345582,-0.037399
-0.117822,1.867775,0.931056,-0.117221,1.861670,1.027016,-0.122569,1.845381,1.130180,-0.122951,1.839387,1.225506,-0.123541,1.833584,1.320736,-0.130792,1.812780,1.455122,-0.150060,1.782358,1.548655,-0.156401,1.835758,1.396985,-0.288957,1.907732,1.383329,-0.319331,1.931579,1.106367,-0.381801,1.858153,0.887694,-0.098963,1.807982,1.395778,0.039446,1.753477,1.367314,0.060507,1.797448,1.091959,0.083875,1.843059,0.858519,-0.186518,1.907794,0.934660,-0.148612,1.956113,0.535812,-0.080693,2.044122,0.114041,-0.187952,1.927189,0.020289,-0.049117,1.827681,0.928680,-0.090280,1.658870,0.564383,-0.031179,1.680842,0.134090,-0.109784,1.544035,0.037227,-0.455470,-1.360277,-0.084424
-0.127927,1.846354,0.928859,-0.127541,1.839700,1.024783,-0.132983,1.822898,1.127859,-0.133296,1.816410,1.223153,-0.133730,1.810132,1.318354,-0.140684,1.788683,1.452654,-0.159831,1.757919,1.546100,-0.166373,1.812011,1.394658,-0.298885,1.884141,1.381396,-0.330867,1.906132,1.104464,-0.398495,1.824041,0.890522,-0.108972,1.784173,1.393178,0.029229,1.729489,1.364045,0.049892,1.776658,1.089197,0.073163,1.824467,0.856199,-0.196109,1.887223,0.932597,-0.153095,1.946800,0.535848,-0.081219,2.042022,0.116253,-0.187862,1.927256,0.020019,-0.059740,1.805401,0.926348,-0.100634,1.636094,0.562271,-0.063793,1.610341,0.130025,-0.148054,1.465359,0.050670,-0.504408,-1.381486,-0.136626
-0.137944,1.824244,0.926111,-0.137689,1.817179,1.022008,-0.143171,1.800000,1.125021,-0.143382,1.793138,1.220290,-0.143641,1.786496,1.315468,-0.150301,1.764561,1.449706,-0.169340,1.733516,1.543082,-0.176101,1.788170,1.391849,-0.308522,1.860528,1.378943,-0.342136,1.880681,1.102069,-0.414888,1.791065,0.892813,-0.118763,1.760214,1.390119,0.019154,1.705169,1.360342,0.039519,1.754987,1.085929,0.062684,1.804532,0.853288,-0.205625,1.865927,0.929987,-0.158160,1.935875,0.535405,-0.082128,2.039726,0.118681,-0.187751,1.927323,0.019651,-0.070260,1.782471,0.923462,-0.112112,1.614147,0.559112,-0.095522,1.545122,0.128788,-0.186327,1.395204,0.067073,-0.544500,-1.409741,-0.184626
-0.147531,1.801357,0.922602,-0.147310,1.794086,1.018485,-0.152792,1.776724,1.121468,-0.152887,1.769652,1.216724,-0.152984,1.762799,1.311888,-0.159409,1.740587,1.446095,-0.178381,1.709348,1.539420,-0.185379,1.764372,1.388387,-0.317670,1.837033,1.375833,-0.353109,1.855302,1.099060,-0.431012,1.759331,0.894513,-0.128142,1.736224,1.386462,0.009375,1.680512,1.356095,0.029583,1.732405,1.082048,0.052525,1.783281,0.849666,-0.214742,1.843783,0.926598,-0.163544,1.923319,0.534287,-0.083387,2.037547,0.121066,-0.187658,1.927432,0.019098,-0.080311,1.758839,0.919831,-0.125978,1.593586,0.554610,-0.126388,1.485619,0.132016,-0.226116,1.335566,0.088932,-0.564613,-1.446000,-0.230279
-0.157031,1.777780,0.918542,-0.156758,1.770443,1.014419,-0.162187,1.753033,1.117398,-0.162133,1.745869,1.212647,-0.162049,1.738918,1.307805,-0.168242,1.716589,1.442004,-0.187160,1.685217,1.535295,-0.194413,1.740479,1.384442,-0.326529,1.813516,1.372204,-0.363815,1.829921,1.095558,-0.446836,1.728733,0.895675,-0.137304,1.712085,1.382346,-0.000263,1.655523,1.351414,0.019889,1.708942,1.077662,0.042599,1.760687,0.845453,-0.223785,1.820914,0.922662,-0.169511,1.909150,0.532690,-0.085031,2.035171,0.123668,-0.187544,1.927540,0.018447,-0.090259,1.734557,0.915646,-0.140967,1.573853,0.549060,-0.156370,1.431397,0.138072,-0.265907,1.284449,0.113751,-0.575880,-1.489306,-0.271729
-0.167214,1.753227,0.914687,-0.166818,1.745941,1.010567,-0.172082,1.728625,1.113568,-0.171772,1.721513,1.208819,-0.171389,1.714615,1.303978,-0.177171,1.692389,1.438209,-0.195951,1.660970,1.531512,-0.203537,1.716306,1.380739,-0.335427,1.789778,1.368675,-0.374478,1.804586,1.092178,-0.461965,1.699437,0.896214,-0.146558,1.687668,1.378445,-0.009989,1.630322,1.346878,0.010090,1.684467,1.073267,0.032757,1.736620,0.841148,-0.233555,1.796991,0.918918,-0.177030,1.892507,0.530953,-0.087544,2.031640,0.127399,-0.187448,1.927633,0.017891,-0.100849,1.709377,0.911679,-0.155796,1.552586,0.543940,-0.183280,1.386308,0.141677,-0.299740,1.241821,0.132190,-0.584538,-1.537320,-0.294027
-0.178458,1.727700,0.911212,-0.177933,1.720587,1.007106,-0.182918,1.703504,1.110162,-0.182217,1.696586,1.205426,-0.181363,1.689893,1.300597,-0.186443,1.667993,1.434910,-0.204952,1.636588,1.528272,-0.212959,1.691847,1.377443,-0.344539,1.765861,1.365350,-0.385415,1.779291,1.089047,-0.476557,1.671413,0.896165,-0.156106,1.662988,1.374883,-0.020011,1.604990,1.342485,0.000090,1.658801,1.068805,0.022977,1.710875,0.836686,-0.244471,1.771964,0.915491,-0.185734,1.873232,0.529227,-0.090600,2.027390,0.132640,-0.187374,1.927698,0.017564,-0.112424,1.683353,0.908161,-0.169633,1.528846,0.539760,-0.206279,1.353231,0.140883,-0.324182,1.208552,0.141859,-0.591882,-1.596850,-0.287216
-0.190385,1.701196,0.907942,-0.189660,1.694375,1.003858,-0.194253,1.677666,1.106996,-0.193055,1.671085,1.202281,-0.191612,1.664748,1.297471,-0.195811,1.643396,1.431906,-0.213966,1.612091,1.525373,-0.222470,1.667107,1.374388,-0.353690,1.741724,1.362127,-0.396309,1.754042,1.086037,-0.490454,1.644690,0.895493,-0.165746,1.638030,1.371536,-0.030121,1.579447,1.338236,-0.010014,1.632122,1.064333,0.013281,1.683657,0.832132,-0.256114,1.745883,0.912255,-0.195991,1.851483,0.527362,-0.094525,2.021985,0.139010,-0.187319,1.927747,0.017332,-0.124641,1.656431,0.904862,-0.183309,1.503572,0.536009,-0.226208,1.329287,0.137638,-0.342666,1.183773,0.145147,-0.596616,-1.661089,-0.261253
-0.202633,1.673419,0.905106,-0.201445,1.666981,1.001039,-0.205486,1.650806,1.104281,-0.203690,1.644727,1.199587,-0.201611,1.638930,1.294798,-0.204911,1.618407,1.429384,-0.222684,1.587383,1.523015,-0.231779,1.641906,1.371795,-0.362682,1.717041,1.359314,-0.406434,1.728911,1.083379,-0.502788,1.619524,0.894006,-0.175181,1.612611,1.368711,-0.039923,1.553571,1.334718,-0.020286,1.604838,1.060519,0.003594,1.655450,0.828179,-0.268032,1.718567,0.909582,-0.209874,1.826863,0.525239,-0.100789,2.013156,0.146278,-0.187308,1.927811,0.016985,-0.137219,1.628196,0.901868,-0.198039,1.477211,0.532626,-0.243398,1.309701,0.132497,-0.359537,1.164833,0.139885,-0.601091,-1.707272,-0.231055
-0.215482,1.643689,0.902683,-0.213281,1.637673,0.998618,-0.216450,1.622230,1.101994,-0.213872,1.616894,1.197319,-0.211084,1.611933,1.292552,-0.213501,1.592711,1.427338,-0.230846,1.562262,1.521234,-0.240718,1.615899,1.369649,-0.371437,1.691311,1.356885,-0.415426,1.703852,1.081016,-0.513213,1.595919,0.891464,-0.184228,1.586405,1.366450,-0.049088,1.527244,1.332168,-0.030867,1.576990,1.057600,-0.005998,1.626139,0.825060,-0.280456,1.689383,0.907677,-0.228834,1.798775,0.522692,-0.110284,1.999743,0.154320,-0.187739,1.927748,0.015237,-0.150480,1.597919,0.898932,-0.215154,1.449305,0.529409,-0.257856,1.293718,0.124525,-0.377185,1.152466,0.121631,-0.609996,-1.729570,-0.204000
-0.228651,1.612685,0.900694,-0.225176,1.607183,0.996624,-0.227312,1.592633,1.100158,-0.223851,1.588203,1.195502,-0.220307,1.584262,1.290757,-0.221823,1.566623,1.425773,-0.238711,1.536931,1.519994,-0.249454,1.589432,1.367966,-0.380033,1.665036,1.354866,-0.423649,1.678911,1.079005,-0.522075,1.573871,0.888109,-0.193071,1.559738,1.364710,-0.057946,1.500584,1.330347,-0.041615,1.548536,1.055337,-0.015581,1.595840,0.822542,-0.293156,1.658963,0.906333,-0.251420,1.767815,0.519888,-0.122118,1.982906,0.163261,-0.188214,1.927698,0.013375,-0.164102,1.566328,0.896301,-0.233323,1.420312,0.526561,-0.269576,1.282092,0.114659,-0.393220,1.145939,0.094826,-0.618641,-1.733812,-0.172709
-0.240937,1.582152,0.899428,-0.236599,1.577393,0.995369,-0.237971,1.563783,1.099050,-0.233793,1.560224,1.194409,-0.229577,1.557189,1.289677,-0.230242,1.540901,1.424879,-0.246748,1.511902,1.519388,-0.258203,1.563368,1.367020,-0.388504,1.639400,1.353658,-0.431465,1.654285,1.077747,-0.529548,1.553615,0.884469,-0.201966,1.533411,1.363675,-0.067084,1.473833,1.329130,-0.052161,1.519755,1.053687,-0.025494,1.565388,0.820620,-0.304985,1.629028,0.905306,-0.275356,1.735382,0.517203,-0.135081,1.963859,0.173239,-0.187567,1.928118,0.015044,-0.176833,1.535201,0.894798,-0.249768,1.392058,0.524624,-0.278868,1.272305,0.106255,-0.404817,1.140407,0.070626,-0.615310,-1.714719,-0.129967
-0.251732,1.552429,0.898925,-0.247306,1.548781,0.994907,-0.248385,1.536187,1.098719,-0.243763,1.533433,1.194085,-0.238985,1.531117,1.289348,-0.238797,1.515800,1.424668,-0.255010,1.487398,1.519409,-0.266960,1.537944,1.366886,-0.396768,1.614776,1.353354,-0.439075,1.630173,1.077359,-0.535853,1.535464,0.880478,-0.210918,1.507647,1.363368,-0.076703,1.446883,1.328345,-0.062257,1.490521,1.052505,-0.035818,1.535196,0.819210,-0.315368,1.599916,0.904312,-0.300556,1.701992,0.514386,-0.148935,1.943227,0.184430,-0.183345,1.931815,0.022428,-0.188040,1.504886,0.894783,-0.263537,1.364364,0.524064,-0.285526,1.263425,0.100562,-0.409730,1.134020,0.052120,-0.589047,-1.659070,-0.068590
-0.261642,1.523178,0.899145,-0.257542,1.520868,0.995182,-0.258596,1.509340,1.099116,-0.253695,1.507353,1.194485,-0.248442,1.505642,1.289734,-0.247449,1.491065,1.425129,-0.263443,1.463198,1.520064,-0.275730,1.512922,1.367488,-0.404907,1.590792,1.353860,-0.446278,1.606377,1.077723,-0.540769,1.519105,0.876202,-0.219923,1.482223,1.363766,-0.086602,1.419841,1.328162,-0.072150,1.460959,1.051936,-0.046471,1.504852,0.818398,-0.324881,1.571289,0.903635,-0.327106,1.667128,0.511688,-0.163919,1.920385,0.196658,-0.178001,1.935981,0.033345,-0.198355,1.475034,0.895896,-0.275583,1.337410,0.524416,-0.289756,1.256385,0.096332,-0.410205,1.128628,0.036219,-0.550806,-1.580086,0.004238
-0.271292,1.495123,0.900262,-0.267508,1.494093,0.996338,-0.268630,1.483499,1.100374,-0.263560,1.482120,1.195746,-0.257978,1.480821,1.290983,-0.256446,1.466684,1.426420,-0.272346,1.439147,1.521468,-0.284743,1.488455,1.368873,-0.413204,1.567503,1.355292,-0.452844,1.582501,1.078890,-0.543805,1.503840,0.872373,-0.229219,1.457271,1.364981,-0.096770,1.393267,1.328965,-0.082218,1.431734,1.052364,-0.057547,1.473953,0.818436,-0.334112,1.543859,0.903879,-0.352985,1.630633,0.510237,-0.179543,1.894671,0.209537,-0.177721,1.932653,0.044888,-0.208428,1.446374,0.897884,-0.285977,1.313555,0.524828,-0.292491,1.251460,0.093188,-0.410152,1.124929,0.024810,-0.521737,-1.512149,0.074177
-0.280809,1.468503,0.902498,-0.277233,1.468723,0.998585,-0.278505,1.458912,1.102696,-0.273405,1.457936,1.198074,-0.267702,1.456786,1.293308,-0.266026,1.442667,1.428748,-0.282000,1.415143,1.523788,-0.294215,1.464656,1.371187,-0.421912,1.544991,1.357920,-0.458318,1.557929,1.081020,-0.544244,1.489392,0.869048,-0.239031,1.432880,1.367181,-0.107303,1.367461,1.331023,-0.092760,1.403073,1.054045,-0.069171,1.442381,0.819493,-0.343120,1.517935,0.905319,-0.377526,1.591539,0.510282,-0.195594,1.865587,0.223947,-0.184640,1.919350,0.057140,-0.218457,1.419077,0.900920,-0.294604,1.293914,0.525012,-0.293521,1.249417,0.091175,-0.410712,1.123718,0.019824,-0.510152,-1.472187,0.139834
-0.290065,1.443079,0.905631,-0.286688,1.444490,1.001713,-0.288202,1.435332,1.105879,-0.283183,1.434599,1.201262,-0.277506,1.433405,1.296496,-0.275952,1.419005,1.431906,-0.292125,1.391289,1.526857,-0.303931,1.441412,1.374283,-0.430777,1.523175,1.361474,-0.463154,1.533277,1.083953,-0.542803,1.476037,0.866170,-0.249134,1.408960,1.370197,-0.118105,1.342124,1.334066,-0.103478,1.374749,1.056724,-0.081218,1.410255,0.821401,-0.351847,1.493208,0.907681,-0.401397,1.550814,0.511574,-0.212286,1.833631,0.239007,-0.196623,1.898552,0.070018,-0.228244,1.392972,0.904831,-0.301581,1.277373,0.525257,-0.293056,1.249490,0.090248,-0.410744,1.124201,0.019329,-0.507738,-1.443271,0.202601
-0.299290,1.418863,0.909164,-0.295997,1.421039,1.005240,-0.297685,1.412274,1.109437,-0.292732,1.411639,1.204823,-0.287102,1.410336,1.300058,-0.285750,1.395660,1.435440,-0.302185,1.367733,1.530283,-0.313472,1.418535,1.377774,-0.439322,1.501869,1.365254,-0.468480,1.509995,1.087256,-0.541145,1.463906,0.864301,-0.259098,1.385372,1.373635,-0.128871,1.316916,1.337666,-0.113849,1.346730,1.060023,-0.093407,1.377528,0.823914,-0.360700,1.469474,0.910746,-0.424575,1.511195,0.514494,-0.229767,1.799642,0.251692,-0.213453,1.869740,0.080374,-0.237839,1.368283,0.908836,-0.307326,1.262948,0.525571,-0.292652,1.249661,0.089902,-0.410731,1.124686,0.019415,-0.510706,-1.408993,0.252310
-0.308572,1.396068,0.913141,-0.305173,1.398358,1.009215,-0.306885,1.389616,1.113416,-0.301915,1.388887,1.208800,-0.296296,1.387424,1.304032,-0.295160,1.372552,1.439395,-0.311899,1.344431,1.534127,-0.322591,1.395939,1.381736,-0.447186,1.481111,1.369199,-0.474893,1.488634,1.091000,-0.539662,1.453295,0.863793,-0.268704,1.362006,1.377556,-0.139519,1.291502,1.341848,-0.123616,1.318933,1.064003,-0.105561,1.343941,0.827054,-0.369847,1.446848,0.914729,-0.447059,1.473798,0.519526,-0.247964,1.763986,0.261364,-0.236260,1.831209,0.087314,-0.247256,1.345319,0.912808,-0.311671,1.250772,0.525945,-0.292848,1.249353,0.090074,-0.410822,1.124626,0.018968,-0.514753,-1.360347,0.289094
-0.317823,1.374479,0.917518,-0.314204,1.376459,1.013589,-0.315870,1.367479,1.117770,-0.310869,1.366512,1.213150,-0.305282,1.364824,1.308381,-0.304443,1.349763,1.443725,-0.321548,1.321428,1.538329,-0.331535,1.373710,1.386093,-0.454730,1.460863,1.373369,-0.481795,1.468644,1.095115,-0.537962,1.443908,0.864293,-0.278171,1.338972,1.381898,-0.150132,1.266218,1.346588,-0.133036,1.291443,1.068604,-0.117857,1.309753,0.830800,-0.379121,1.425215,0.919415,-0.468850,1.437508,0.526185,-0.266950,1.726297,0.268662,-0.263913,1.784664,0.091730,-0.256481,1.323770,0.916874,-0.314784,1.240711,0.526388,-0.293105,1.249143,0.090826,-0.410868,1.124569,0.019101,-0.524183,-1.306338,0.312819
-0.327005,1.353470,0.921663,-0.323167,1.355016,1.017731,-0.324814,1.345745,1.121885,-0.319836,1.344540,1.217264,-0.314352,1.342667,1.312498,-0.313912,1.327501,1.447832,-0.331442,1.299004,1.542309,-0.340627,1.351920,1.390224,-0.462553,1.440821,1.377244,-0.488526,1.449823,1.098955,-0.536533,1.434988,0.865312,-0.287732,1.316464,1.386083,-0.160654,1.241736,1.351374,-0.142356,1.264482,1.073262,-0.130540,1.275686,0.834834,-0.388428,1.404029,0.923935,-0.489930,1.401711,0.533393,-0.287094,1.686306,0.272473,-0.292806,1.734696,0.093154,-0.265535,1.302931,0.920640,-0.317593,1.231386,0.526946,-0.293362,1.248744,0.091840,-0.410909,1.124473,0.019251,-0.548121,-1.257577,0.312928
-0.336015,1.333007,0.925484,-0.332036,1.334005,1.021551,-0.333745,1.324415,1.125675,-0.328888,1.323004,1.221057,-0.323614,1.321025,1.316300,-0.323699,1.305896,1.451638,-0.341735,1.277318,1.545994,-0.349988,1.330648,1.394057,-0.470871,1.420923,1.380757,-0.494826,1.432302,1.102385,-0.535487,1.426419,0.866881,-0.297479,1.294603,1.390065,-0.171061,1.218354,1.356250,-0.151644,1.238082,1.077993,-0.143792,1.241892,0.839201,-0.397664,1.383265,0.928144,-0.510556,1.366268,0.541144,-0.308363,1.643797,0.272200,-0.321451,1.682562,0.090815,-0.274316,1.282759,0.924069,-0.320288,1.222556,0.527726,-0.293571,1.247988,0.093106,-0.410986,1.124317,0.019262,-0.600331,-1.215539,0.276152
-0.344955,1.313123,0.929073,-0.340839,1.313450,1.025139,-0.342634,1.303488,1.129226,-0.337954,1.301872,1.224614,-0.332960,1.299824,1.319871,-0.333671,1.284818,1.455221,-0.352273,1.256210,1.549459,-0.359496,1.309814,1.397666,-0.479469,1.401231,1.383975,-0.500955,1.415951,1.105541,-0.534712,1.418316,0.868969,-0.307320,1.273269,1.393891,-0.181377,1.195773,1.361173,-0.160833,1.212212,1.082782,-0.157430,1.208220,0.843857,-0.406934,1.362949,0.932187,-0.530469,1.331319,0.549443,-0.330790,1.598987,0.268439,-0.351335,1.627006,0.085484,-0.282926,1.263297,0.927197,-0.322678,1.214461,0.528621,-0.293781,1.247043,0.094633,-0.411058,1.124121,0.019289,-0.667048,-1.178748,0.215759
-0.354100,1.293291,0.932071,-0.349739,1.293096,1.028128,-0.351569,1.282841,1.132188,-0.347057,1.281074,1.227581,-0.342366,1.278983,1.322852,-0.343743,1.264094,1.458211,-0.362900,1.235492,1.552339,-0.369111,1.289254,1.400650,-0.488304,1.381629,1.386578,-0.507024,1.400177,1.108182,-0.534368,1.410267,0.870981,-0.317210,1.252294,1.397115,-0.191621,1.173769,1.365511,-0.169973,1.187007,1.087026,-0.171156,1.174930,0.848353,-0.416457,1.342610,0.935635,-0.548884,1.296668,0.557238,-0.354843,1.552253,0.261875,-0.383309,1.568842,0.078997,-0.291689,1.243965,0.929740,-0.325116,1.206444,0.529353,-0.294074,1.246121,0.096130,-0.411036,1.123905,0.019234,-0.716100,-1.153389,0.160995
-0.363586,1.273318,0.934416,-0.358780,1.272909,1.030452,-0.360543,1.262530,1.134500,-0.356171,1.260712,1.229900,-0.351805,1.258617,1.325186,-0.353909,1.243823,1.460544,-0.373601,1.215279,1.554579,-0.378820,1.269036,1.402932,-0.497363,1.362197,1.388519,-0.512978,1.385013,1.110272,-0.534474,1.402338,0.872839,-0.327128,1.231759,1.399664,-0.201763,1.152424,1.369203,-0.179078,1.162694,1.090674,-0.184905,1.142141,0.852690,-0.426372,1.322054,0.938404,-0.565515,1.261963,0.564396,-0.380733,1.503635,0.252155,-0.417776,1.508261,0.071388,-0.300739,1.224576,0.931660,-0.327643,1.198279,0.529890,-0.294501,1.245259,0.097544,-0.410844,1.123636,0.019035,-0.733298,-1.145300,0.124978
-0.373276,1.253398,0.936171,-0.367918,1.252924,1.032177,-0.369563,1.242500,1.136223,-0.365324,1.240683,1.231628,-0.361302,1.238611,1.326930,-0.364175,1.223906,1.462284,-0.384392,1.195454,1.556236,-0.388636,1.249093,1.404590,-0.506658,1.342855,1.389845,-0.518873,1.370426,1.111847,-0.535011,1.394462,0.874622,-0.337095,1.211584,1.401611,-0.211833,1.131656,1.372311,-0.188134,1.139046,1.093776,-0.198742,1.109736,0.856867,-0.436542,1.301475,0.940577,-0.580648,1.227556,0.571049,-0.408248,1.453094,0.239631,-0.454333,1.445072,0.062623,-0.309942,1.205316,0.932995,-0.330218,1.190192,0.530264,-0.295012,1.244420,0.098928,-0.410559,1.123348,0.018754,-0.732831,-1.148644,0.094590
-0.383035,1.233584,0.937164,-0.377191,1.232986,1.033141,-0.378730,1.222465,1.137179,-0.374617,1.220611,1.232589,-0.370912,1.218529,1.327904,-0.374476,1.203867,1.463247,-0.395160,1.175480,1.557117,-0.398553,1.229051,1.405463,-0.516185,1.323247,1.390382,-0.524995,1.355727,1.112775,-0.536072,1.386029,0.875980,-0.347128,1.191364,1.402737,-0.221933,1.110987,1.374381,-0.197146,1.115515,1.095882,-0.212559,1.077621,0.860429,-0.446775,1.280996,0.941975,-0.594344,1.194313,0.576542,-0.437220,1.400887,0.226036,-0.492626,1.379527,0.054441,-0.319221,1.186166,0.933581,-0.333072,1.182201,0.530305,-0.295541,1.243699,0.100148,-0.410316,1.123159,0.018473,-0.725099,-1.152087,0.059725
-0.392818,1.213926,0.937317,-0.386581,1.213046,1.033267,-0.388031,1.202314,1.137284,-0.384032,1.200351,1.232696,-0.380596,1.198215,1.328020,-0.384739,1.183559,1.463348,-0.405818,1.155197,1.557138,-0.408535,1.208791,1.405458,-0.525947,1.303201,1.389991,-0.531361,1.340873,1.112983,-0.537596,1.376921,0.876786,-0.357190,1.170981,1.402938,-0.232051,1.090290,1.375219,-0.205984,1.091960,1.096807,-0.226355,1.045682,0.863271,-0.457027,1.260655,0.942553,-0.606552,1.162332,0.580823,-0.467868,1.346874,0.211236,-0.533006,1.310910,0.046893,-0.328529,1.167189,0.933308,-0.336320,1.174413,0.529909,-0.296037,1.243151,0.101096,-0.410178,1.123146,0.018228,-0.709301,-1.149689,0.014732
-0.402670,1.194374,0.936707,-0.396106,1.193153,1.032631,-0.397480,1.182159,1.136622,-0.393587,1.180047,1.232035,-0.390393,1.177826,1.327366,-0.395037,1.163131,1.462673,-0.416454,1.134763,1.556385,-0.418620,1.188432,1.404668,-0.535941,1.282888,1.388810,-0.537954,1.325907,1.112545,-0.539644,1.367257,0.877167,-0.367318,1.150553,1.402318,-0.242198,1.069694,1.375020,-0.214777,1.068523,1.096736,-0.240132,1.014033,0.865497,-0.467342,1.240413,0.942355,-0.617323,1.131515,0.583945,-0.499973,1.291196,0.195366,-0.575121,1.239936,0.039928,-0.337913,1.148322,0.932287,-0.339848,1.166722,0.529179,-0.296552,1.242721,0.101881,-0.410082,1.123232,0.017983,-0.686239,-1.147391,-0.034739
-0.412596,1.174828,0.935396,-0.405850,1.173306,1.031304,-0.407213,1.162045,1.135266,-0.403440,1.159752,1.230681,-0.400460,1.157392,1.326015,-0.405521,1.142552,1.461291,-0.427216,1.114116,1.554917,-0.428914,1.167962,1.403206,-0.546155,1.262469,1.387073,-0.545010,1.310265,1.111552,-0.542496,1.356774,0.877151,-0.377645,1.130034,1.400966,-0.252518,1.049105,1.373915,-0.223920,1.045074,1.095775,-0.253790,0.982918,0.866959,-0.477666,1.220274,0.941332,-0.626879,1.102431,0.585411,-0.532702,1.234527,0.180568,-0.617563,1.168998,0.035130,-0.347439,1.129364,0.930690,-0.343543,1.158832,0.528254,-0.297166,1.242339,0.102697,-0.409972,1.123314,0.017711,-0.668713,-1.151678,-0.081837
-0.422641,1.155294,0.933302,-0.415891,1.153561,1.029207,-0.417325,1.142038,1.133140,-0.413688,1.139523,1.228554,-0.410889,1.136940,1.323887,-0.416262,1.121792,1.459117,-0.438162,1.093188,1.552645,-0.439471,1.147375,1.401013,-0.556629,1.241962,1.384747,-0.552629,1.293784,1.109967,-0.546197,1.345442,0.876719,-0.388227,1.109414,1.398801,-0.263041,1.028562,1.371798,-0.233496,1.021508,1.093824,-0.267328,0.952244,0.867608,-0.488011,1.200297,0.939352,-0.635349,1.075198,0.585041,-0.566123,1.176757,0.166869,-0.660778,1.098586,0.032309,-0.357185,1.110269,0.928483,-0.347333,1.150792,0.527133,-0.297969,1.242104,0.103520,-0.409807,1.123362,0.017353,-0.661713,-1.165960,-0.125405
-0.432760,1.135765,0.930508,-0.426151,1.133862,1.026420,-0.427721,1.122072,1.130321,-0.424234,1.119303,1.225733,-0.421589,1.116443,1.321063,-0.427189,1.100882,1.456237,-0.449234,1.072047,1.549659,-0.450239,1.126676,1.398148,-0.567324,1.221350,1.381864,-0.560712,1.276627,1.107828,-0.550702,1.333292,0.875890,-0.399007,1.088703,1.395906,-0.273735,1.008027,1.368776,-0.243420,0.997931,1.090983,-0.280748,0.922103,0.867492,-0.498366,1.180422,0.936547,-0.642603,1.049698,0.583016,-0.600169,1.117996,0.154242,-0.704320,1.028209,0.031655,-0.367072,1.091084,0.925700,-0.351291,1.142552,0.525817,-0.298872,1.241916,0.104373,-0.409629,1.123406,0.016966,-0.660251,-1.186829,-0.166601
-0.442821,1.116123,0.927324,-0.436478,1.114041,1.023248,-0.438250,1.101989,1.127116,-0.434940,1.098970,1.222527,-0.432445,1.095842,1.317853,-0.438239,1.079883,1.452972,-0.460412,1.050827,1.546296,-0.461161,1.105868,1.394903,-0.578101,1.200741,1.378757,-0.569203,1.258724,1.105337,-0.556155,1.320155,0.874751,-0.409948,1.067874,1.392619,-0.284655,0.987298,1.365295,-0.253834,0.974532,1.087659,-0.293952,0.893023,0.866621,-0.508637,1.160479,0.933268,-0.648481,1.026141,0.579381,-0.633808,1.059253,0.144746,-0.745446,0.958788,0.035323,-0.376928,1.071740,0.922611,-0.355517,1.133672,0.524443,-0.299692,1.241404,0.105523,-0.409503,1.123438,0.016698,-0.662161,-1.210540,-0.202052
-0.452588,1.096466,0.923769,-0.446686,1.094183,1.019716,-0.448765,1.081855,1.123545,-0.445687,1.078573,1.218955,-0.443362,1.075162,1.314275,-0.449340,1.058791,1.449336,-0.471650,1.029521,1.542561,-0.472176,1.084950,1.391285,-0.588775,1.180316,1.375620,-0.577955,1.239987,1.102613,-0.562536,1.306067,0.873459,-0.420996,1.046916,1.388949,-0.295794,0.966288,1.361360,-0.264891,0.951348,1.083836,-0.306997,0.865105,0.864926,-0.518586,1.140577,0.929509,-0.652387,1.005357,0.573653,-0.667948,0.999412,0.139379,-0.784255,0.889110,0.044704,-0.386520,1.052327,0.919264,-0.359807,1.124213,0.523092,-0.300302,1.240561,0.106974,-0.409466,1.123447,0.016653,-0.665585,-1.238392,-0.232359
-0.462298,1.076696,0.919826,-0.456961,1.074203,1.015801,-0.459413,1.061604,1.119588,-0.456593,1.058063,1.214997,-0.454435,1.054377,1.310311,-0.460565,1.037609,1.445317,-0.482994,1.008138,1.538449,-0.483347,1.063923,1.387286,-0.599533,1.159895,1.372259,-0.587116,1.220504,1.099537,-0.569865,1.290993,0.871856,-0.432205,1.025840,1.384889,-0.307159,0.945085,1.356968,-0.276438,0.928343,1.079531,-0.319825,0.838248,0.862474,-0.528451,1.120607,0.925276,-0.654917,0.986516,0.566315,-0.701682,0.939589,0.137142,-0.820649,0.820388,0.058407,-0.396080,1.032756,0.915612,-0.364365,1.114115,0.521684,-0.300828,1.239394,0.108722,-0.409481,1.123444,0.016725,-0.672382,-1.269087,-0.256922
-0.472526,1.056395,0.915745,-0.467705,1.053681,1.011742,-0.470479,1.040880,1.115498,-0.467876,1.037180,1.210907,-0.465843,1.033353,1.306218,-0.472066,1.016412,1.441199,-0.494557,0.986839,1.534284,-0.494806,1.042793,1.383177,-0.610798,1.139048,1.368429,-0.597075,1.200463,1.095958,-0.578346,1.274664,0.869558,-0.443702,1.004661,1.380759,-0.318823,0.923743,1.352557,-0.288150,0.905594,1.075203,-0.332172,0.812677,0.859471,-0.538858,1.100064,0.920940,-0.657698,0.967329,0.558871,-0.731256,0.884143,0.137104,-0.851589,0.757177,0.074421,-0.406133,1.012697,0.911786,-0.369909,1.102754,0.520114,-0.301472,1.237562,0.111019,-0.409502,1.123449,0.016747,-0.685970,-1.294993,-0.270566
-0.483379,1.035533,0.911462,-0.479064,1.032536,1.007475,-0.482114,1.019599,1.111207,-0.479687,1.015865,1.206620,-0.477728,1.012079,1.301935,-0.483955,0.995282,1.436934,-0.506424,0.965750,1.530038,-0.506657,1.021611,1.378914,-0.622889,1.117510,1.363788,-0.608024,1.179926,1.091603,-0.588059,1.256965,0.866236,-0.455587,0.983432,1.376529,-0.330884,0.902315,1.348123,-0.299938,0.883093,1.070868,-0.343968,0.788400,0.855867,-0.549977,1.078823,0.916430,-0.660536,0.947702,0.551239,-0.756239,0.833411,0.140944,-0.876320,0.699599,0.096119,-0.416727,0.992209,0.907729,-0.376533,1.090346,0.518384,-0.302181,1.235237,0.113772,-0.409516,1.123469,0.016617,-0.710132,-1.307369,-0.269568
-0.494750,1.014140,0.907041,-0.490892,1.010849,1.003064,-0.494169,0.997846,1.106781,-0.491875,0.994177,1.202201,-0.489948,0.990565,1.297524,-0.496122,0.974137,1.432571,-0.518509,0.944745,1.525739,-0.518797,1.000326,1.374540,-0.635488,1.095546,1.358679,-0.619770,1.158831,1.086744,-0.598924,1.238012,0.862218,-0.467759,0.962099,1.372231,-0.343244,0.880749,1.343670,-0.311891,0.860848,1.066510,-0.355281,0.765410,0.851711,-0.561638,1.057011,0.911818,-0.663626,0.927729,0.543501,-0.777062,0.787055,0.146982,-0.895597,0.647531,0.120128,-0.427815,0.971233,0.903499,-0.384142,1.076676,0.516492,-0.303008,1.232246,0.117074,-0.409536,1.123497,0.016437,-0.741086,-1.314956,-0.257652
-0.506890,0.991895,0.902928,-0.503156,0.988445,0.998950,-0.506474,0.975515,1.102674,-0.504200,0.972029,1.198100,-0.502260,0.968705,1.293432,-0.508387,0.952803,1.428543,-0.530671,0.923615,1.521799,-0.531052,0.978794,1.370457,-0.648054,1.073514,1.353878,-0.632129,1.137182,1.082049,-0.610898,1.217877,0.858105,-0.480051,0.940512,1.368271,-0.355693,0.858945,1.339647,-0.323951,0.838967,1.062541,-0.366057,0.743906,0.847362,-0.573956,1.034496,0.907687,-0.669184,0.905397,0.537412,-0.791262,0.748425,0.149242,-0.908657,0.605160,0.134309,-0.439780,0.949255,0.899403,-0.393164,1.060475,0.514327,-0.304312,1.227733,0.121464,-0.409554,1.123524,0.016333,-0.770902,-1.336348,-0.240811
-0.520094,0.968706,0.899173,-0.515924,0.965240,0.995176,-0.518985,0.952526,1.098935,-0.516554,0.949334,1.194367,-0.514537,0.946402,1.289711,-0.520654,0.931171,1.424899,-0.542827,0.902243,1.518263,-0.543338,0.956912,1.366703,-0.660321,1.051564,1.349596,-0.645112,1.115092,1.077687,-0.624022,1.196685,0.854040,-0.492382,0.918561,1.364696,-0.368140,0.836798,1.336132,-0.336091,0.817485,1.059013,-0.376239,0.723954,0.842777,-0.587139,1.011300,0.904244,-0.678642,0.879207,0.534056,-0.795608,0.720309,0.144497,-0.913433,0.576140,0.132675,-0.452997,0.926073,0.895336,-0.403742,1.042196,0.511949,-0.305722,1.222386,0.127189,-0.409572,1.123552,0.016400,-0.802369,-1.388731,-0.223690
-0.534067,0.944664,0.895726,-0.529129,0.941317,0.991698,-0.531747,0.928961,1.095514,-0.529045,0.926179,1.190953,-0.526906,0.923751,1.286310,-0.533021,0.909350,1.421591,-0.555059,0.880746,1.515086,-0.555738,0.934783,1.363241,-0.672557,1.029546,1.345622,-0.658707,1.092448,1.073488,-0.638256,1.174313,0.849879,-0.504833,0.896356,1.361460,-0.380676,0.814413,1.333047,-0.348338,0.796366,1.055873,-0.385882,0.705489,0.837998,-0.600980,0.987402,0.901282,-0.690568,0.850658,0.532349,-0.793332,0.699919,0.135974,-0.911990,0.556817,0.121212,-0.467091,0.901888,0.891402,-0.415734,1.021387,0.509297,-0.307607,1.215518,0.134001,-0.409588,1.123578,0.016544,-0.832699,-1.454919,-0.201646
-0.548185,0.919722,0.892881,-0.542530,0.916754,0.988826,-0.544729,0.904955,1.092714,-0.541766,0.902737,1.188159,-0.539503,0.900934,1.283525,-0.545599,0.887495,1.418904,-0.567480,0.859270,1.512552,-0.568335,0.912573,1.360351,-0.685023,1.007377,1.342109,-0.672697,1.068921,1.069603,-0.653426,1.150465,0.845788,-0.517468,0.874085,1.358830,-0.393353,0.792012,1.330613,-0.360717,0.775613,1.053376,-0.395095,0.688521,0.833502,-0.614971,0.962612,0.898769,-0.702889,0.822237,0.530794,-0.791663,0.682236,0.127381,-0.909766,0.540414,0.105750,-0.481326,0.876797,0.888226,-0.429139,0.995426,0.506081,-0.311444,1.204203,0.141696,-0.409584,1.123586,0.016615,-0.845601,-1.501947,-0.166738
-0.562304,0.893126,0.890709,-0.556219,0.890985,0.986646,-0.558139,0.880104,1.090634,-0.554988,0.878732,1.186084,-0.552610,0.877784,1.281454,-0.558629,0.865580,1.416948,-0.580301,0.837862,1.510793,-0.581352,0.890224,1.358085,-0.697952,0.984968,1.338994,-0.687156,1.044288,1.065933,-0.669633,1.124954,0.841652,-0.530513,0.851686,1.356880,-0.406413,0.769509,1.328899,-0.373268,0.755290,1.051612,-0.403935,0.673150,0.829320,-0.629049,0.936088,0.896529,-0.714974,0.794241,0.528635,-0.793441,0.665351,0.119456,-0.907809,0.524425,0.084801,-0.495481,0.850134,0.886125,-0.444223,0.962552,0.501918,-0.317921,1.187054,0.150191,-0.409221,1.123947,0.015194,-0.832281,-1.518672,-0.107960
-0.576568,0.865629,0.889138,-0.570106,0.864576,0.985072,-0.571768,0.854812,1.089176,-0.568440,0.854440,1.184628,-0.565946,0.854468,1.280000,-0.571871,0.843630,1.415614,-0.593310,0.816476,1.509677,-0.594565,0.867793,1.356392,-0.711112,0.962406,1.336340,-0.702009,1.018773,1.062577,-0.686778,1.097968,0.837585,-0.543744,0.829220,1.355537,-0.419614,0.746990,1.327837,-0.385951,0.735333,1.050489,-0.412344,0.659276,0.825422,-0.643279,0.908674,0.894739,-0.727453,0.766372,0.526628,-0.795827,0.651174,0.111460,-0.905071,0.511355,0.059852,-0.509776,0.822565,0.884782,-0.460720,0.924526,0.497190,-0.326349,1.165458,0.159569,-0.408838,1.124289,0.013700,-0.801533,-1.516236,-0.036319
-0.590782,0.839447,0.888254,-0.583676,0.839294,0.984147,-0.584958,0.830438,1.088343,-0.581400,0.830862,1.183792,-0.578806,0.831659,1.279163,-0.584718,0.821880,1.414865,-0.605982,0.795116,1.509081,-0.607385,0.845617,1.355401,-0.724072,0.939872,1.334490,-0.716813,0.992709,1.059982,-0.704390,1.069778,0.834107,-0.556547,0.807059,1.354844,-0.432287,0.724927,1.327437,-0.398665,0.715558,1.049989,-0.420257,0.646609,0.822192,-0.657350,0.882700,0.893890,-0.740148,0.740223,0.525544,-0.797539,0.640414,0.104878,-0.903837,0.501941,0.041194,-0.524127,0.796184,0.883863,-0.477836,0.884012,0.492754,-0.336131,1.140665,0.169870,-0.409431,1.123486,0.016237,-0.763442,-1.495104,0.023097
-0.605221,0.815608,0.887958,-0.596924,0.815962,0.983746,-0.597575,0.807632,1.087991,-0.593670,0.808501,1.183426,-0.590988,0.809725,1.278792,-0.597039,0.800527,1.414532,-0.618210,0.773892,1.508808,-0.619670,0.823914,1.355054,-0.736810,0.917415,1.333339,-0.731507,0.966019,1.058027,-0.722494,1.040499,0.831112,-0.568784,0.785410,1.354718,-0.444263,0.703553,1.327672,-0.411533,0.695879,1.050061,-0.427602,0.635337,0.819564,-0.671408,0.859354,0.894157,-0.753774,0.715838,0.526060,-0.797924,0.634075,0.100404,-0.905618,0.497422,0.034187,-0.538933,0.771862,0.882997,-0.495278,0.840597,0.488243,-0.346911,1.112620,0.181708,-0.410679,1.123995,0.026280,-0.715464,-1.449935,0.053317
-0.619611,0.793083,0.888347,-0.609856,0.793757,0.983995,-0.609753,0.785743,1.088265,-0.605449,0.786855,1.183679,-0.602693,0.788299,1.279039,-0.608965,0.779374,1.414785,-0.630102,0.752694,1.509055,-0.631562,0.802464,1.355409,-0.749347,0.894984,1.332993,-0.746152,0.938781,1.056832,-0.741065,1.010017,0.828706,-0.580594,0.764066,1.355242,-0.455709,0.682636,1.328569,-0.424433,0.676383,1.050755,-0.434452,0.625272,0.817604,-0.685307,0.837449,0.895365,-0.767616,0.693172,0.527498,-0.797636,0.631155,0.097343,-0.908905,0.496558,0.033471,-0.553795,0.748727,0.882556,-0.513339,0.794694,0.484025,-0.359045,1.081378,0.194469,-0.412903,1.123357,0.040353,-0.660144,-1.386070,0.071313
-0.632939,0.771002,0.889795,-0.621975,0.771974,0.985320,-0.621237,0.764172,1.089605,-0.616617,0.765422,1.185002,-0.613820,0.766954,1.280358,-0.620277,0.758065,1.416096,-0.641454,0.731199,1.510303,-0.642908,0.780951,1.356769,-0.761326,0.872606,1.334114,-0.760482,0.911564,1.057203,-0.759562,0.978256,0.827716,-0.591773,0.742775,1.356704,-0.466458,0.661947,1.330227,-0.436895,0.657137,1.052201,-0.440951,0.615571,0.816899,-0.698306,0.815763,0.897488,-0.779348,0.673679,0.528604,-0.797352,0.629352,0.095094,-0.911455,0.496367,0.033246,-0.567436,0.726258,0.883323,-0.532100,0.750203,0.482052,-0.373001,1.048346,0.206341,-0.418072,1.113071,0.052131,-0.615195,-1.319995,0.102910
-0.644805,0.748900,0.892727,-0.633010,0.750285,0.988153,-0.631815,0.742646,1.092448,-0.627005,0.743958,1.187835,-0.624216,0.745444,1.283192,-0.630816,0.736311,1.418907,-0.652190,0.709103,1.512970,-0.653576,0.759139,1.359473,-0.772509,0.850240,1.337254,-0.774344,0.884236,1.059719,-0.777816,0.944977,0.828607,-0.602161,0.721340,1.359433,-0.476388,0.641244,1.332877,-0.448911,0.637985,1.054620,-0.447121,0.606211,0.817858,-0.710155,0.793618,0.900818,-0.787885,0.658232,0.528831,-0.797285,0.628270,0.093608,-0.912280,0.496083,0.031639,-0.579305,0.704205,0.885861,-0.551977,0.708557,0.483247,-0.389126,1.014034,0.217407,-0.426435,1.090181,0.059499,-0.591967,-1.250865,0.168806
-0.655608,0.727243,0.896718,-0.643233,0.729019,0.992061,-0.641699,0.721437,1.096356,-0.636781,0.722707,1.191738,-0.634034,0.724014,1.287099,-0.640741,0.714401,1.422776,-0.662386,0.686711,1.516637,-0.663698,0.737264,1.363181,-0.783134,0.827927,1.341862,-0.787891,0.856928,1.063800,-0.795994,0.910419,0.830915,-0.611920,0.699957,1.363099,-0.485619,0.620771,1.336287,-0.460490,0.619085,1.057790,-0.452941,0.597215,0.820072,-0.721104,0.771693,0.905062,-0.794313,0.645957,0.528725,-0.797223,0.628305,0.092933,-0.912368,0.496470,0.030524,-0.589953,0.682816,0.889608,-0.572555,0.668325,0.486688,-0.407071,0.977933,0.227584,-0.437743,1.057644,0.064572,-0.579110,-1.179525,0.248304
-0.665538,0.706548,0.900867,-0.652956,0.708454,0.996178,-0.651275,0.700771,1.100462,-0.646334,0.701897,1.195843,-0.643621,0.702972,1.291208,-0.650317,0.692841,1.426848,-0.672076,0.664619,1.520524,-0.673511,0.715706,1.367180,-0.793543,0.805824,1.346944,-0.801313,0.830612,1.068512,-0.814062,0.875232,0.834077,-0.621333,0.678962,1.367010,-0.494339,0.601024,1.339867,-0.471192,0.600978,1.061183,-0.458501,0.587799,0.822898,-0.731152,0.750799,0.909314,-0.799567,0.635689,0.528670,-0.797207,0.628349,0.092617,-0.912451,0.496846,0.029724,-0.599761,0.662320,0.893660,-0.592668,0.629106,0.491563,-0.426264,0.939928,0.234823,-0.453213,1.015829,0.067364,-0.560297,-1.124997,0.305139
-0.674501,0.687222,0.905046,-0.662242,0.688816,1.000402,-0.660689,0.680794,1.104661,-0.655838,0.681647,1.200049,-0.653145,0.682449,1.295417,-0.659648,0.671827,1.431028,-0.681266,0.643042,1.524566,-0.683119,0.694598,1.371436,-0.803916,0.783947,1.352425,-0.814836,0.805725,1.073832,-0.832111,0.839431,0.837986,-0.630496,0.658504,1.371132,-0.502538,0.582347,1.343554,-0.480771,0.583925,1.064756,-0.463647,0.577622,0.826379,-0.740126,0.731471,0.913410,-0.803756,0.627591,0.528802,-0.797256,0.628060,0.092601,-0.912769,0.496986,0.029305,-0.608719,0.642990,0.897921,-0.612069,0.590464,0.497990,-0.446424,0.900030,0.238757,-0.473780,0.962924,0.067708,-0.526639,-1.096546,0.325521
-0.682592,0.668858,0.909383,-0.671027,0.669879,1.004834,-0.669794,0.661359,1.109057,-0.665118,0.661838,1.204457,-0.662439,0.662314,1.299828,-0.668630,0.651162,1.435411,-0.689950,0.621766,1.528828,-0.692419,0.673808,1.375982,-0.814074,0.762279,1.358380,-0.828235,0.781829,1.079782,-0.850050,0.803000,0.842750,-0.639315,0.638433,1.375498,-0.510226,0.564396,1.347412,-0.489472,0.567666,1.068551,-0.468532,0.567024,0.830473,-0.748199,0.713174,0.917516,-0.806772,0.621500,0.528984,-0.797351,0.627781,0.092944,-0.913081,0.497114,0.029201,-0.616836,0.624552,0.902487,-0.631005,0.552836,0.505852,-0.467832,0.858228,0.239753,-0.498510,0.900742,0.065770,-0.487024,-1.084907,0.323240
-0.690272,0.650765,0.913364,-0.679439,0.651257,1.008908,-0.678537,0.642249,1.113094,-0.674035,0.642349,1.208505,-0.671358,0.642480,1.303877,-0.677217,0.630770,1.439427,-0.698146,0.600747,1.532733,-0.701341,0.653321,1.380196,-0.823829,0.740919,1.364051,-0.841017,0.758579,1.085498,-0.867566,0.766547,0.848128,-0.647785,0.618635,1.379515,-0.517615,0.546648,1.351034,-0.497592,0.551965,1.072161,-0.473708,0.556249,0.834411,-0.755889,0.695112,0.921223,-0.809222,0.615761,0.529191,-0.797481,0.627430,0.093371,-0.913389,0.497213,0.029038,-0.624517,0.606418,0.906740,-0.649052,0.517131,0.513983,-0.490743,0.814377,0.236857,-0.525815,0.835089,0.062063,-0.451788,-1.081312,0.303410
-0.697546,0.632771,0.916889,-0.687412,0.632872,1.012508,-0.686818,0.623436,1.116659,-0.682481,0.623181,1.212076,-0.679804,0.622962,1.307448,-0.685351,0.610667,1.442960,-0.705791,0.580008,1.536166,-0.709821,0.633184,1.383957,-0.833067,0.719980,1.369340,-0.852838,0.735949,1.090845,-0.884548,0.730110,0.854168,-0.655866,0.599125,1.383076,-0.524722,0.528990,1.354443,-0.505133,0.536926,1.075609,-0.479362,0.545422,0.838121,-0.763225,0.677076,0.924442,-0.811090,0.610118,0.529438,-0.797701,0.626996,0.093797,-0.913723,0.497280,0.028667,-0.631738,0.588462,0.910565,-0.666126,0.483587,0.522385,-0.515263,0.768671,0.229046,-0.555644,0.767305,0.055957,-0.424723,-1.086258,0.260249
-0.704411,0.615048,0.920058,-0.695010,0.614801,1.015751,-0.694738,0.604947,1.119864,-0.690564,0.604333,1.215287,-0.687877,0.603747,1.310658,-0.693090,0.590836,1.446126,-0.712948,0.559526,1.539241,-0.717923,0.613349,1.387386,-0.841903,0.699349,1.374344,-0.864043,0.713965,1.095958,-0.901107,0.693652,0.860823,-0.663599,0.579888,1.386288,-0.531530,0.511533,1.357616,-0.512092,0.522445,1.078871,-0.485307,0.534418,0.841674,-0.770177,0.659275,0.927263,-0.812393,0.604829,0.529710,-0.797956,0.626490,0.094308,-0.914055,0.497318,0.028236,-0.638522,0.570811,0.914077,-0.682311,0.451966,0.531057,-0.541288,0.720914,0.217344,-0.588048,0.696050,0.048082,-0.402037,-1.099248,0.199538
-0.711316,0.597406,0.922662,-0.702556,0.596889,1.018417,-0.702532,0.586648,1.122494,-0.698467,0.585679,1.217919,-0.695726,0.584709,1.313285,-0.700564,0.571145,1.448703,-0.719815,0.539188,1.541726,-0.725769,0.593662,1.390221,-0.850495,0.678789,1.378597,-0.875171,0.692360,1.100380,-0.917262,0.657669,0.867706,-0.671102,0.560770,1.388879,-0.538208,0.494083,1.360080,-0.518763,0.507981,1.081465,-0.491526,0.523106,0.844521,-0.777178,0.641541,0.929550,-0.813783,0.599013,0.529928,-0.798072,0.625867,0.094883,-0.914292,0.497315,0.027823,-0.645340,0.553258,0.916995,-0.697433,0.422463,0.538828,-0.568765,0.670380,0.203869,-0.621591,0.623111,0.040842,-0.382682,-1.110023,0.143735
-0.718426,0.579799,0.924645,-0.710173,0.579152,1.020446,-0.710296,0.568586,1.124491,-0.706262,0.567285,1.219914,-0.703404,0.565919,1.315271,-0.707799,0.551653,1.450631,-0.726425,0.519057,1.543560,-0.733395,0.574159,1.392399,-0.858912,0.658270,1.381939,-0.886403,0.671178,1.103954,-0.933050,0.622174,0.874838,-0.678410,0.541811,1.390774,-0.544811,0.476663,1.361699,-0.525147,0.493503,1.083266,-0.498080,0.511591,0.846503,-0.784380,0.623845,0.931244,-0.815401,0.592289,0.530099,-0.797944,0.625075,0.095531,-0.914372,0.497249,0.027455,-0.652363,0.535742,0.919265,-0.711567,0.395357,0.545474,-0.598075,0.616583,0.188047,-0.656532,0.548578,0.034335,-0.364220,-1.113710,0.102636
-0.725577,0.562275,0.926063,-0.717737,0.561574,1.021898,-0.717935,0.550714,1.125913,-0.713877,0.549084,1.221330,-0.710860,0.547306,1.316675,-0.714770,0.532301,1.451971,-0.732744,0.499071,1.544803,-0.740764,0.554804,1.393985,-0.867085,0.637821,1.384529,-0.897557,0.650374,1.106838,-0.948434,0.587154,0.882197,-0.685488,0.522971,1.392049,-0.551285,0.459249,1.362609,-0.531242,0.479042,1.084399,-0.504908,0.499767,0.847779,-0.791630,0.606215,0.932404,-0.817106,0.585040,0.530216,-0.797677,0.624166,0.096243,-0.914358,0.497142,0.027104,-0.659420,0.518325,0.920940,-0.724637,0.370368,0.551218,-0.628839,0.560007,0.170453,-0.692612,0.472362,0.028464,-0.349089,-1.115182,0.066445
-0.732727,0.544786,0.926878,-0.725193,0.543955,1.022736,-0.725403,0.532749,1.126713,-0.721285,0.530755,1.222120,-0.718094,0.528542,1.317450,-0.721529,0.512783,1.452674,-0.738867,0.478929,1.545402,-0.747891,0.535323,1.394903,-0.874961,0.617293,1.386376,-0.908634,0.629541,1.109047,-0.963320,0.553068,0.889337,-0.692349,0.503973,1.392657,-0.557629,0.441574,1.362748,-0.537342,0.464147,1.084763,-0.511822,0.487187,0.848267,-0.798895,0.588577,0.933071,-0.819141,0.577533,0.530183,-0.797411,0.623249,0.096968,-0.914350,0.497051,0.026761,-0.666459,0.500986,0.921903,-0.736241,0.346861,0.555559,-0.659861,0.501374,0.154927,-0.727614,0.395988,0.025340,-0.343560,-1.118805,0.028233
-0.739821,0.527491,0.927082,-0.732522,0.526351,1.022955,-0.732709,0.514666,1.126879,-0.728521,0.512216,1.222271,-0.725164,0.509502,1.317582,-0.728166,0.492932,1.452718,-0.744892,0.458443,1.545324,-0.754837,0.515589,1.395116,-0.882531,0.596682,1.387497,-0.919775,0.608632,1.110624,-0.977738,0.520067,0.896330,-0.699059,0.484690,1.392564,-0.563918,0.423502,1.362054,-0.543512,0.448686,1.084301,-0.518722,0.473680,0.847920,-0.806140,0.571055,0.933261,-0.821619,0.569989,0.529995,-0.797225,0.622400,0.097678,-0.914386,0.496997,0.026420,-0.673405,0.483916,0.922121,-0.745694,0.324632,0.558395,-0.691178,0.439826,0.142219,-0.760764,0.318675,0.025050,-0.351155,-1.124520,-0.014893
-0.746914,0.510232,0.926683,-0.739744,0.508707,1.022560,-0.739844,0.496491,1.126424,-0.735549,0.493548,1.221797,-0.732012,0.490310,1.317086,-0.734592,0.472914,1.452126,-0.750721,0.437801,1.544602,-0.761541,0.495729,1.394662,-0.889804,0.575991,1.387876,-0.930838,0.587694,1.111526,-0.991657,0.488000,0.903102,-0.705552,0.465248,1.391805,-0.570077,0.405170,1.360589,-0.549685,0.432790,1.083069,-0.525707,0.459418,0.846787,-0.813401,0.553524,0.932958,-0.824426,0.562188,0.529656,-0.797039,0.621544,0.098401,-0.914427,0.496959,0.026087,-0.680334,0.466925,0.921627,-0.753680,0.303883,0.559828,-0.722754,0.376219,0.131578,-0.792837,0.241204,0.027508,-0.368351,-1.132387,-0.060040
-0.754133,0.492485,0.925663,-0.746860,0.490662,1.021527,-0.746731,0.478018,1.125339,-0.742235,0.474675,1.220691,-0.738466,0.471005,1.315956,-0.740599,0.452920,1.450914,-0.756157,0.417260,1.543281,-0.767825,0.475853,1.393579,-0.896758,0.555078,1.387469,-0.941391,0.566454,1.111654,-1.004891,0.456873,0.908992,-0.711644,0.445762,1.390434,-0.575889,0.386712,1.358482,-0.555954,0.416401,1.081141,-0.532884,0.444456,0.844935,-0.820756,0.535534,0.932156,-0.827457,0.553742,0.529082,-0.796757,0.620567,0.099171,-0.914457,0.496925,0.025760,-0.687417,0.449416,0.920392,-0.761846,0.284581,0.559665,-0.753284,0.313843,0.124593,-0.823938,0.167442,0.034569,-0.390846,-1.146947,-0.105454
-0.761532,0.474129,0.923949,-0.753837,0.472144,1.019776,-0.753303,0.459214,1.123553,-0.748506,0.455591,1.218881,-0.744471,0.451603,1.314124,-0.746191,0.432985,1.449018,-0.761242,0.396871,1.541295,-0.773664,0.455995,1.391798,-0.903483,0.533776,1.386117,-0.951341,0.544824,1.110823,-1.017369,0.426654,0.913807,-0.717311,0.426249,1.388408,-0.581314,0.368144,1.355754,-0.562488,0.399490,1.078516,-0.540371,0.428830,0.842372,-0.828228,0.517005,0.930818,-0.830469,0.544822,0.528272,-0.796158,0.619421,0.099885,-0.914447,0.496931,0.025486,-0.694737,0.431231,0.918303,-0.770620,0.267117,0.557528,-0.783052,0.252316,0.122598,-0.854904,0.097492,0.048358,-0.424396,-1.172576,-0.155067
-0.769057,0.455285,0.921615,-0.760709,0.453226,1.017387,-0.759627,0.440113,1.121138,-0.754435,0.436302,1.216439,-0.750082,0.432089,1.311658,-0.751363,0.413072,1.446504,-0.765934,0.376584,1.538709,-0.779084,0.436121,1.389388,-0.909890,0.512250,1.383980,-0.960781,0.522893,1.109217,-1.029163,0.397376,0.917740,-0.722578,0.406692,1.385771,-0.586391,0.349451,1.352384,-0.569116,0.382085,1.075194,-0.548049,0.412506,0.839090,-0.835794,0.498016,0.928980,-0.833706,0.535256,0.527227,-0.795463,0.618155,0.100645,-0.914426,0.496942,0.025218,-0.702213,0.412529,0.915474,-0.779574,0.251101,0.553795,-0.811774,0.192020,0.124259,-0.884900,0.031252,0.066749,-0.463244,-1.204900,-0.204948
-0.776670,0.435789,0.918867,-0.767587,0.433757,1.014572,-0.765823,0.420598,1.118306,-0.760101,0.416741,1.213573,-0.755281,0.412455,1.308764,-0.755890,0.393270,1.443586,-0.769902,0.356502,1.535765,-0.783990,0.416235,1.386592,-0.915684,0.490855,1.381497,-0.969564,0.500652,1.107281,-1.040299,0.369145,0.920696,-0.727329,0.387139,1.382700,-0.591017,0.330725,1.348437,-0.575418,0.364208,1.071249,-0.555670,0.395433,0.835139,-0.843454,0.478357,0.926743,-0.837792,0.524143,0.525858,-0.795237,0.616795,0.101797,-0.914464,0.496841,0.024820,-0.709768,0.393196,0.912215,-0.789064,0.235325,0.549414,-0.837296,0.137387,0.127158,-0.911525,-0.027722,0.085220,-0.485821,-1.235335,-0.241547
-0.784370,0.415569,0.915561,-0.774476,0.413698,1.011187,-0.771862,0.400668,1.114916,-0.765433,0.396945,1.210142,-0.759937,0.392782,1.305301,-0.759537,0.373718,1.440139,-0.772898,0.336770,1.532345,-0.788234,0.396431,1.383296,-0.920652,0.469794,1.378604,-0.977593,0.478047,1.104964,-1.050699,0.341981,0.922512,-0.731409,0.367705,1.379057,-0.595080,0.312027,1.343679,-0.581183,0.345839,1.066438,-0.563122,0.377566,0.830261,-0.851239,0.457904,0.923947,-0.842666,0.511367,0.524045,-0.795546,0.615608,0.103184,-0.914531,0.496440,0.024210,-0.717368,0.373212,0.908399,-0.799572,0.220366,0.544171,-0.858728,0.089288,0.131874,-0.934388,-0.078251,0.104482,-0.482042,-1.258936,-0.259092
-0.792157,0.394697,0.911842,-0.781371,0.393089,1.007376,-0.777773,0.380325,1.111110,-0.770503,0.376876,1.206287,-0.764182,0.372991,1.301408,-0.762539,0.354276,1.436289,-0.775169,0.317243,1.528566,-0.791963,0.376616,1.379615,-0.925007,0.448863,1.375364,-0.984965,0.455132,1.102316,-1.060442,0.315864,0.923351,-0.734973,0.348277,1.374980,-0.598692,0.293297,1.338345,-0.586620,0.326998,1.061005,-0.570517,0.358951,0.824714,-0.859117,0.436780,0.920753,-0.848390,0.497045,0.521909,-0.796325,0.614327,0.104962,-0.914658,0.495927,0.023470,-0.725048,0.352596,0.904154,-0.810617,0.205648,0.538279,-0.876960,0.046853,0.137829,-0.953881,-0.121512,0.123822,-0.461991,-1.280649,-0.263356
-0.800001,0.373225,0.908346,-0.788361,0.371901,1.003787,-0.783763,0.359465,1.107522,-0.775607,0.356360,1.202639,-0.768390,0.352836,1.297710,-0.765375,0.334607,1.432633,-0.777124,0.297582,1.525025,-0.795522,0.356512,1.376132,-0.929097,0.427804,1.372409,-0.991820,0.432060,1.099935,-1.069796,0.290838,0.923617,-0.738379,0.328558,1.371071,-0.602087,0.274447,1.333205,-0.591942,0.307771,1.055744,-0.577945,0.339679,0.819315,-0.867002,0.415141,0.917741,-0.855781,0.480617,0.519722,-0.797939,0.612181,0.107941,-0.915012,0.495743,0.022700,-0.732837,0.331297,0.900175,-0.821108,0.188240,0.533327,-0.892510,0.011910,0.140863,-0.968784,-0.157482,0.136577,-0.434355,-1.306728,-0.258105
-0.808040,0.351328,0.905245,-0.795687,0.350260,1.000603,-0.790125,0.338165,1.104333,-0.781055,0.335423,1.199378,-0.772861,0.332296,1.294382,-0.768304,0.314625,1.429331,-0.778940,0.277680,1.521886,-0.799121,0.336039,1.373019,-0.933083,0.406635,1.370010,-0.998354,0.408791,1.098114,-1.078996,0.267047,0.923373,-0.741840,0.308471,1.367469,-0.605441,0.255548,1.328358,-0.597297,0.288111,1.050743,-0.585372,0.319604,0.814137,-0.875009,0.393212,0.915030,-0.864657,0.461835,0.517396,-0.800006,0.609369,0.112258,-0.915840,0.496189,0.022026,-0.740902,0.309438,0.896684,-0.830426,0.166542,0.530046,-0.904842,-0.013273,0.138902,-0.976870,-0.184957,0.140412,-0.398926,-1.343705,-0.240890
-0.816135,0.328832,0.902369,-0.803109,0.328040,0.997641,-0.796566,0.316348,1.101361,-0.786537,0.314038,1.196323,-0.777297,0.311393,1.291248,-0.771067,0.294415,1.426222,-0.780439,0.257644,1.518985,-0.802550,0.315276,1.370105,-0.936804,0.385338,1.367896,-1.004371,0.385364,1.096558,-1.087807,0.244347,0.922556,-0.745141,0.288093,1.364033,-0.608579,0.236529,1.323704,-0.602537,0.268064,1.045915,-0.592833,0.298872,0.809108,-0.883023,0.370767,0.912503,-0.875200,0.440948,0.515020,-0.802909,0.605692,0.117776,-0.916896,0.496964,0.021322,-0.749076,0.286896,0.893459,-0.839190,0.142153,0.527704,-0.914493,-0.030964,0.134020,-0.980365,-0.205140,0.137662,-0.355911,-1.385048,-0.214161
-0.823837,0.305260,0.899845,-0.809993,0.304833,0.994998,-0.802417,0.293684,1.098706,-0.791420,0.291949,1.193571,-0.781169,0.289943,1.288407,-0.773365,0.273900,1.423415,-0.781497,0.237463,1.516428,-0.805524,0.294186,1.367461,-0.940122,0.363598,1.365887,-1.009425,0.362050,1.094979,-1.095793,0.222361,0.921371,-0.747997,0.267358,1.360946,-0.611211,0.217092,1.319718,-0.607419,0.247863,1.041803,-0.600521,0.278008,0.804829,-0.890605,0.347283,0.910389,-0.888773,0.418146,0.513136,-0.808164,0.599781,0.124893,-0.917605,0.497604,0.020320,-0.756891,0.263242,0.890525,-0.848168,0.116944,0.525694,-0.923589,-0.046137,0.128281,-0.984724,-0.221614,0.128666,-0.314626,-1.417417,-0.189028
-0.831164,0.280053,0.897721,-0.816110,0.280033,0.992685,-0.807339,0.269603,1.096367,-0.795324,0.268644,1.191115,-0.784118,0.267519,1.285854,-0.774943,0.252808,1.420922,-0.781921,0.216950,1.514251,-0.807823,0.272529,1.365060,-0.942909,0.340991,1.363832,-1.013033,0.338812,1.093128,-1.102592,0.200974,0.919679,-0.750189,0.245991,1.358250,-0.613047,0.196969,1.316700,-0.611931,0.227542,1.038749,-0.608666,0.257149,0.801642,-0.897693,0.322274,0.908918,-0.906537,0.393349,0.511902,-0.816457,0.591185,0.133950,-0.918304,0.497403,0.018150,-0.764440,0.237833,0.887748,-0.858134,0.091014,0.523749,-0.933175,-0.060300,0.121815,-0.992504,-0.235161,0.110487,-0.278363,-1.440822,-0.172180
-0.838097,0.253770,0.895950,-0.821690,0.254245,0.990691,-0.811671,0.244676,1.094344,-0.798630,0.244635,1.188961,-0.786503,0.244549,1.283593,-0.776057,0.231410,1.418731,-0.781905,0.196291,1.512418,-0.809667,0.250545,1.362930,-0.945295,0.317941,1.361882,-1.015677,0.315688,1.091253,-1.108566,0.180301,0.917621,-0.751935,0.224267,1.355902,-0.614378,0.176430,1.314350,-0.616086,0.207067,1.036410,-0.617039,0.236157,0.799205,-0.904351,0.296226,0.907860,-0.927332,0.366637,0.511161,-0.827102,0.580355,0.144606,-0.918656,0.497067,0.015681,-0.771629,0.211312,0.885263,-0.868315,0.064263,0.522136,-0.942207,-0.071944,0.114492,-1.001149,-0.245000,0.086061,-0.243830,-1.455253,-0.156928
-0.844137,0.227622,0.894515,-0.826789,0.228881,0.989086,-0.815758,0.220286,1.092726,-0.801849,0.221202,1.187220,-0.788881,0.222123,1.281740,-0.777177,0.210439,1.416914,-0.781900,0.176031,1.510930,-0.811438,0.228927,1.361223,-0.947525,0.295404,1.360308,-1.018362,0.293060,1.089808,-1.114361,0.160304,0.915822,-0.753601,0.202945,1.353956,-0.615792,0.155979,1.312236,-0.619673,0.186558,1.034299,-0.625142,0.215149,0.797095,-0.910335,0.270065,0.906759,-0.949044,0.338444,0.510980,-0.839558,0.567275,0.156238,-0.917082,0.498252,0.015257,-0.777711,0.185181,0.883494,-0.877153,0.038262,0.521049,-0.949677,-0.081517,0.107995,-1.008444,-0.252362,0.064538,-0.210461,-1.447335,-0.134322
-0.849042,0.201596,0.893320,-0.831443,0.204172,0.987809,-0.819756,0.196768,1.091466,-0.805188,0.198726,1.185843,-0.791432,0.200614,1.280235,-0.778369,0.190195,1.415385,-0.781947,0.156444,1.509688,-0.813161,0.207907,1.359920,-0.949527,0.273816,1.359073,-1.021594,0.271279,1.088902,-1.120513,0.141030,0.914638,-0.755218,0.182262,1.352331,-0.617522,0.135486,1.310010,-0.622358,0.165793,1.032049,-0.633051,0.194096,0.795034,-0.915546,0.243651,0.905228,-0.972365,0.309096,0.511417,-0.854024,0.551849,0.168957,-0.910851,0.503880,0.017510,-0.782311,0.159562,0.882629,-0.884014,0.013113,0.520617,-0.955070,-0.089032,0.102771,-1.013522,-0.257160,0.048803,-0.174668,-1.407541,-0.097471
-0.853052,0.175705,0.892461,-0.835616,0.179888,0.986921,-0.823509,0.173788,1.090612,-0.808441,0.176826,1.184879,-0.793974,0.179649,1.279138,-0.779568,0.170378,1.414231,-0.782005,0.137256,1.508791,-0.814811,0.187254,1.359040,-0.951375,0.252740,1.358214,-1.024866,0.249994,1.088427,-1.126486,0.122432,0.913713,-0.756756,0.161981,1.351108,-0.619336,0.115083,1.308021,-0.624475,0.144994,1.030027,-0.640690,0.173026,0.793300,-0.920085,0.217126,0.903653,-0.996603,0.278265,0.512414,-0.870301,0.534173,0.182652,-0.902694,0.511029,0.021809,-0.785803,0.134332,0.882480,-0.889532,-0.011286,0.520711,-0.958902,-0.094474,0.098371,-1.017250,-0.259481,0.035971,-0.140041,-1.345399,-0.053265
-0.856390,0.151192,0.892217,-0.839251,0.156750,0.986670,-0.826893,0.151720,1.090395,-0.811503,0.155640,1.184582,-0.796519,0.159210,1.278740,-0.781047,0.150820,1.413780,-0.782409,0.118191,1.508536,-0.816686,0.166964,1.358800,-0.953536,0.231830,1.358114,-1.027655,0.228543,1.088503,-1.131315,0.104327,0.912617,-0.758480,0.142144,1.350587,-0.621119,0.095664,1.306890,-0.626820,0.124953,1.028849,-0.647337,0.152132,0.792306,-0.924010,0.191837,0.902729,-1.017572,0.245402,0.513865,-0.887243,0.514521,0.196363,-0.899219,0.512590,0.028592,-0.788562,0.110618,0.882913,-0.894056,-0.033674,0.521130,-0.961714,-0.098258,0.095131,-1.020013,-0.260819,0.026539,-0.116778,-1.276105,-0.013421
-0.858887,0.128499,0.892736,-0.842165,0.134986,0.987208,-0.829785,0.130650,1.090966,-0.814333,0.135157,1.185121,-0.799138,0.139219,1.279229,-0.783067,0.131384,1.414240,-0.783463,0.099076,1.509118,-0.819019,0.146960,1.359348,-0.956328,0.210838,1.358974,-1.029637,0.206607,1.089159,-1.134707,0.086497,0.911234,-0.760600,0.122700,1.350984,-0.622852,0.077693,1.307012,-0.629798,0.105971,1.028901,-0.652581,0.131239,0.792330,-0.927100,0.168288,0.902703,-1.033505,0.209503,0.515662,-0.904480,0.492929,0.210413,-0.902344,0.506403,0.039726,-0.790471,0.088793,0.883977,-0.897605,-0.053642,0.521940,-0.963420,-0.099932,0.093361,-1.021700,-0.261308,0.021608,-0.114997,-1.196677,0.015501
-0.860711,0.107185,0.893869,-0.844543,0.114368,0.988385,-0.832307,0.110492,1.092175,-0.816972,0.115387,1.186327,-0.801759,0.119754,1.280417,-0.785368,0.112207,1.415402,-0.784863,0.080084,1.510341,-0.821577,0.127319,1.360535,-0.959434,0.190011,1.360593,-1.031137,0.184504,1.090366,-1.136954,0.069160,0.909680,-0.762908,0.103701,1.352083,-0.624554,0.060706,1.307992,-0.633003,0.087747,1.029798,-0.656833,0.110521,0.793093,-0.929577,0.145976,0.903329,-1.046168,0.171572,0.517913,-0.922383,0.469361,0.224480,-0.910151,0.494627,0.053345,-0.791647,0.068484,0.885622,-0.900161,-0.071600,0.523075,-0.964106,-0.099947,0.092750,-1.022422,-0.260814,0.020076,-0.124581,-1.110098,0.040062
-0.862584,0.087172,0.895453,-0.846876,0.094932,0.990000,-0.834698,0.091361,1.093806,-0.819436,0.096503,1.187955,-0.804175,0.101021,1.282028,-0.787436,0.093535,1.416969,-0.786025,0.061456,1.511912,-0.823960,0.108279,1.362128,-0.962371,0.169737,1.362743,-1.032606,0.162523,1.092171,-1.137965,0.052787,0.907866,-0.765041,0.085343,1.353539,-0.626171,0.044208,1.309255,-0.636012,0.070173,1.030998,-0.660612,0.090697,0.794172,-0.932165,0.124741,0.904562,-1.056674,0.134062,0.520832,-0.940916,0.443981,0.236638,-0.923495,0.476624,0.064296,-0.792811,0.049698,0.887560,-0.902018,-0.087517,0.524137,-0.964577,-0.100064,0.092693,-1.022900,-0.260432,0.019137,-0.125380,-1.040514,0.068227
-0.864912,0.068572,0.897544,-0.849432,0.076819,0.992090,-0.837096,0.073386,1.095883,-0.821741,0.078596,1.190014,-0.806291,0.083061,1.284058,-0.789035,0.075317,1.418918,-0.786683,0.043101,1.513796,-0.826007,0.089873,1.364120,-0.964848,0.150394,1.365618,-1.034141,0.140757,1.094886,-1.137287,0.037895,0.905621,-0.766873,0.067587,1.355274,-0.627751,0.027695,1.310601,-0.638654,0.052984,1.032317,-0.663963,0.071811,0.795419,-0.935268,0.104694,0.906552,-1.065194,0.097630,0.524583,-0.960408,0.416945,0.246472,-0.943929,0.451813,0.070383,-0.794364,0.032553,0.889758,-0.903338,-0.101450,0.525057,-0.965106,-0.100939,0.093208,-1.023344,-0.260581,0.017980,-0.101599,-1.002703,0.108196
-0.867291,0.051275,0.900085,-0.851943,0.059888,0.994619,-0.839364,0.056438,1.098382,-0.823870,0.061573,1.192494,-0.808201,0.065835,1.286511,-0.790401,0.057604,1.421271,-0.787103,0.025111,1.516026,-0.827879,0.072067,1.366518,-0.967156,0.131605,1.369023,-1.035646,0.119112,1.098198,-1.135373,0.023966,0.903118,-0.768530,0.050473,1.357366,-0.629245,0.011671,1.312230,-0.641100,0.036445,1.033939,-0.666840,0.053817,0.796981,-0.938481,0.085723,0.909149,-1.071557,0.061619,0.529002,-0.980531,0.388098,0.254397,-0.969900,0.420775,0.073801,-0.795906,0.016931,0.892248,-0.903959,-0.113342,0.525905,-0.965419,-0.101917,0.094277,-1.023544,-0.260842,0.017414,-0.069033,-0.981886,0.151769
-0.869232,0.034864,0.902737,-0.854099,0.043752,0.997279,-0.841330,0.040255,1.101017,-0.825785,0.045329,1.195123,-0.809989,0.049430,1.289127,-0.791730,0.040797,1.423803,-0.787500,0.008000,1.518416,-0.829658,0.054999,1.369109,-0.969684,0.112627,1.372152,-1.037281,0.097598,1.101216,-1.133487,0.009920,0.900788,-0.770031,0.034318,1.359708,-0.630456,-0.002848,1.314169,-0.643439,0.021248,1.035874,-0.669618,0.037301,0.798873,-0.941315,0.067344,0.911864,-1.076360,0.026518,0.533809,-1.000257,0.357136,0.259739,-0.997611,0.384612,0.075979,-0.796956,0.002493,0.894842,-0.903691,-0.122989,0.526487,-0.965499,-0.102793,0.095238,-1.023586,-0.261049,0.017068,-0.054910,-0.957872,0.182313
-0.870501,0.019353,0.905424,-0.855783,0.028425,1.000012,-0.842948,0.024888,1.103741,-0.827493,0.029967,1.197862,-0.811697,0.034021,1.291868,-0.793084,0.025180,1.426483,-0.787948,-0.007940,1.520938,-0.831366,0.038857,1.371885,-0.972669,0.093222,1.374630,-1.039234,0.076136,1.103557,-1.132037,-0.004602,0.898661,-0.771364,0.019358,1.362316,-0.631296,-0.015491,1.316411,-0.645858,0.007572,1.038113,-0.672517,0.022462,0.801086,-0.943574,0.049505,0.914538,-1.079752,-0.007782,0.539081,-1.019265,0.324054,0.262381,-1.026419,0.343178,0.077343,-0.797239,-0.010685,0.897541,-0.902334,-0.129765,0.526653,-0.965298,-0.103442,0.095818,-1.023413,-0.261132,0.016888,-0.080744,-0.921295,0.188631
-0.871333,0.004730,0.908221,-0.857111,0.013893,1.002877,-0.844264,0.010287,1.106601,-0.828986,0.015382,1.200750,-0.813282,0.019434,1.294772,-0.794400,0.010470,1.429341,-0.788374,-0.023000,1.523620,-0.832980,0.023452,1.374854,-0.975874,0.073629,1.376830,-1.041316,0.054804,1.105604,-1.130614,-0.019241,0.896708,-0.772540,0.005358,1.365173,-0.631853,-0.026629,1.318962,-0.648172,-0.004762,1.040664,-0.675318,0.009101,0.803629,-0.945454,0.032257,0.917330,-1.081584,-0.041173,0.544740,-1.037877,0.288857,0.262441,-1.056966,0.296619,0.077466,-0.797031,-0.022680,0.900344,-0.900087,-0.134296,0.526555,-0.964864,-0.103989,0.096290,-1.023081,-0.261162,0.016927,-0.125022,-0.881520,0.181921
-0.871946,-0.009454,0.911021,-0.858128,-0.000275,1.005736,-0.845248,-0.003965,1.109454,-0.830205,0.001157,1.203639,-0.814696,0.005240,1.297691,-0.795686,-0.003777,1.432237,-0.788775,-0.037538,1.526352,-0.834511,0.008357,1.377824,-0.978976,0.053828,1.379067,-1.043120,0.033852,1.107616,-1.129261,-0.033999,0.895273,-0.773610,-0.008068,1.368120,-0.632193,-0.036353,1.321868,-0.649907,-0.015600,1.043563,-0.677738,-0.002795,0.806551,-0.947040,0.015266,0.920218,-1.082008,-0.072840,0.550282,-1.056026,0.251264,0.259598,-1.087379,0.246476,0.076502,-0.796676,-0.034055,0.903055,-0.897364,-0.138255,0.526454,-0.964331,-0.104599,0.096813,-1.022851,-0.261186,0.016969,-0.150432,-0.846451,0.179142
-0.872396,-0.023324,0.913812,-0.858815,-0.014205,1.008568,-0.845868,-0.017978,1.112274,-0.831135,-0.012802,1.206505,-0.815969,-0.008628,1.300608,-0.797048,-0.017586,1.435171,-0.789274,-0.051545,1.529149,-0.836050,-0.006487,1.380765,-0.982007,0.033929,1.381523,-1.044542,0.013470,1.109730,-1.128204,-0.048864,0.894661,-0.774644,-0.020942,1.371168,-0.632284,-0.044482,1.325272,-0.650801,-0.024819,1.046937,-0.679581,-0.013127,0.809981,-0.948363,-0.001562,0.923242,-1.081173,-0.102450,0.555703,-1.074433,0.211420,0.253251,-1.118490,0.193197,0.074058,-0.796256,-0.044966,0.905611,-0.894018,-0.142079,0.526370,-0.963675,-0.105331,0.097404,-1.022846,-0.261221,0.016935,-0.137288,-0.820256,0.190386
-0.872627,-0.036755,0.916606,-0.859190,-0.027770,1.011395,-0.846157,-0.031642,1.115087,-0.831791,-0.026401,1.209371,-0.817071,-0.022103,1.303540,-0.798379,-0.030931,1.438143,-0.789749,-0.065030,1.531996,-0.837505,-0.021021,1.383707,-0.984935,0.013821,1.384014,-1.045686,-0.006532,1.111809,-1.127216,-0.063848,0.894567,-0.775573,-0.033242,1.374306,-0.632157,-0.051198,1.329030,-0.651117,-0.032543,1.050659,-0.681043,-0.021993,0.813790,-0.949393,-0.018133,0.926362,-1.078931,-0.130335,0.561007,-1.092377,0.169180,0.244002,-1.149466,0.136333,0.070525,-0.795690,-0.055259,0.908075,-0.890194,-0.145330,0.526284,-0.962919,-0.106127,0.098046,-1.022943,-0.261250,0.016904,-0.105277,-0.798766,0.205561
-0.872693,-0.049819,0.919331,-0.859352,-0.041026,1.014151,-0.846176,-0.045040,1.117819,-0.832160,-0.039789,1.212155,-0.817877,-0.035419,1.306389,-0.799366,-0.044174,1.441022,-0.789821,-0.078375,1.534747,-0.838619,-0.035501,1.386553,-0.987336,-0.006843,1.386305,-1.046458,-0.026474,1.113691,-1.125661,-0.078995,0.894416,-0.776234,-0.045287,1.377345,-0.631977,-0.057142,1.332769,-0.651175,-0.038987,1.054383,-0.682431,-0.029698,0.817635,-0.950132,-0.034495,0.929442,-1.074990,-0.156691,0.565696,-1.107638,0.123816,0.233332,-1.175939,0.076086,0.067240,-0.795083,-0.065029,0.910441,-0.886739,-0.148370,0.526402,-0.962265,-0.106972,0.098849,-1.023021,-0.261272,0.016903,-0.076148,-0.777389,0.211352
-0.872651,-0.062538,0.922032,-0.859345,-0.053992,1.016880,-0.845936,-0.058218,1.120509,-0.832220,-0.053042,1.214894,-0.818329,-0.048695,1.309187,-0.799894,-0.057502,1.443827,-0.789347,-0.091774,1.537419,-0.839312,-0.050070,1.389334,-0.989147,-0.028353,1.388365,-1.046804,-0.046442,1.115338,-1.123315,-0.094292,0.894041,-0.776559,-0.057213,1.380282,-0.631729,-0.062449,1.336438,-0.650927,-0.044037,1.058068,-0.683867,-0.036254,0.821506,-0.950631,-0.050717,0.932542,-1.069177,-0.181569,0.569656,-1.119834,0.074322,0.220850,-1.197861,0.011350,0.064840,-0.794502,-0.074249,0.912742,-0.883985,-0.151247,0.526855,-0.961826,-0.107885,0.099905,-1.023033,-0.261284,0.016938,-0.058111,-0.753355,0.201255
-0.872445,-0.074890,0.924664,-0.859124,-0.066649,1.019537,-0.845427,-0.071130,1.123118,-0.831993,-0.066083,1.217550,-0.818484,-0.061811,1.311902,-0.800077,-0.070729,1.446539,-0.788472,-0.105033,1.539994,-0.839664,-0.064585,1.392018,-0.990431,-0.050419,1.390223,-1.046778,-0.066349,1.116789,-1.120402,-0.109751,0.893609,-0.776616,-0.068885,1.383119,-0.631427,-0.066984,1.340088,-0.650422,-0.047808,1.061755,-0.685229,-0.041649,0.825413,-0.950839,-0.066731,0.935601,-1.061665,-0.204917,0.573002,-1.129345,0.021704,0.206947,-1.215280,-0.056770,0.062688,-0.793881,-0.082946,0.914945,-0.881599,-0.153912,0.527514,-0.961489,-0.108848,0.101121,-1.023027,-0.261289,0.017002,-0.042956,-0.729434,0.181773
-0.871954,-0.086887,0.927015,-0.858659,-0.078987,1.021920,-0.844679,-0.083726,1.125453,-0.831526,-0.078825,1.219932,-0.818386,-0.074639,1.314340,-0.799950,-0.083647,1.448967,-0.787254,-0.117952,1.542280,-0.839651,-0.078877,1.394412,-0.990948,-0.072518,1.391737,-1.046445,-0.086257,1.118005,-1.116956,-0.125448,0.893049,-0.776449,-0.080220,1.385668,-0.631282,-0.070981,1.343485,-0.650126,-0.050864,1.065210,-0.686457,-0.046159,0.829053,-0.950607,-0.082375,0.938298,-1.052691,-0.226764,0.575582,-1.135096,-0.031740,0.194279,-1.223975,-0.124766,0.060203,-0.793130,-0.091304,0.916949,-0.879427,-0.156580,0.528195,-0.961115,-0.109793,0.102331,-1.023027,-0.261297,0.017107,-0.027811,-0.709339,0.159101
-0.871125,-0.098492,0.929022,-0.857931,-0.090977,1.023972,-0.843695,-0.095965,1.127457,-0.830828,-0.091213,1.221984,-0.818040,-0.087106,1.316444,-0.799495,-0.096145,1.451053,-0.785694,-0.130425,1.544218,-0.839251,-0.092866,1.396460,-0.990598,-0.094621,1.392841,-1.045943,-0.106183,1.118981,-1.112934,-0.141339,0.892304,-0.776052,-0.091128,1.387869,-0.631337,-0.074368,1.346562,-0.650143,-0.053152,1.068369,-0.687461,-0.049772,0.832339,-0.949869,-0.097569,0.940526,-1.042095,-0.246763,0.577126,-1.136825,-0.086273,0.183387,-1.223016,-0.192828,0.056769,-0.792211,-0.099326,0.918734,-0.877478,-0.159223,0.528879,-0.960645,-0.110684,0.103491,-1.023047,-0.261314,0.017288,-0.011420,-0.695874,0.131981
-0.870011,-0.109742,0.930748,-0.856959,-0.102648,1.025750,-0.842471,-0.107888,1.129188,-0.829890,-0.103302,1.223761,-0.817440,-0.099285,1.318270,-0.798728,-0.108335,1.452856,-0.783792,-0.142559,1.545867,-0.838487,-0.106632,1.398218,-0.989480,-0.116757,1.393600,-1.045135,-0.126111,1.119722,-1.108380,-0.157469,0.891431,-0.775431,-0.101698,1.389782,-0.631548,-0.077216,1.349388,-0.650368,-0.054725,1.071295,-0.688331,-0.052501,0.835358,-0.948690,-0.112394,0.942392,-1.030035,-0.265262,0.577904,-1.134793,-0.141633,0.173730,-1.213334,-0.260765,0.053002,-0.791163,-0.107009,0.920320,-0.875743,-0.161869,0.529587,-0.960139,-0.111558,0.104645,-1.023075,-0.261333,0.017510,0.004961,-0.686237,0.101671
-0.868653,-0.120761,0.932175,-0.855758,-0.114080,1.027228,-0.841030,-0.119562,1.130620,-0.828735,-0.115166,1.225240,-0.816621,-0.111271,1.319797,-0.797736,-0.120353,1.454357,-0.781610,-0.154472,1.547207,-0.837404,-0.120245,1.399655,-0.987652,-0.138489,1.394070,-1.043674,-0.146048,1.120205,-1.103459,-0.174047,0.890522,-0.774646,-0.112127,1.391397,-0.632001,-0.079976,1.351940,-0.650965,-0.056306,1.073954,-0.689272,-0.054654,0.838069,-0.947129,-0.126924,0.943895,-1.017228,-0.283329,0.578577,-1.128705,-0.194732,0.166339,-1.193494,-0.324491,0.050172,-0.790012,-0.114520,0.921671,-0.874038,-0.164818,0.530200,-0.959637,-0.112458,0.105752,-1.023099,-0.261343,0.017674,0.020436,-0.675729,0.078140
-0.867113,-0.131532,0.933231,-0.854381,-0.125235,1.028333,-0.839437,-0.130937,1.131682,-0.827449,-0.126746,1.226350,-0.815691,-0.123005,1.320959,-0.796669,-0.132142,1.455496,-0.779278,-0.166096,1.548176,-0.836105,-0.133679,1.400701,-0.985158,-0.159696,1.394171,-1.041579,-0.165957,1.120352,-1.098320,-0.191090,0.889554,-0.773826,-0.122375,1.392663,-0.632905,-0.082537,1.354194,-0.652073,-0.057969,1.076296,-0.690291,-0.056136,0.840393,-0.945256,-0.141097,0.944967,-1.003437,-0.301568,0.579418,-1.118400,-0.244905,0.162148,-1.160499,-0.383647,0.048712,-0.788807,-0.121891,0.922711,-0.872472,-0.168215,0.530662,-0.959173,-0.113372,0.106753,-1.023118,-0.261320,0.017714,0.031384,-0.659809,0.067078
-0.865328,-0.142071,0.933988,-0.852774,-0.136150,1.029138,-0.837627,-0.142063,1.132446,-0.825946,-0.138101,1.227162,-0.814543,-0.134547,1.321821,-0.795377,-0.143759,1.456333,-0.776667,-0.177500,1.548835,-0.834487,-0.146961,1.401427,-0.981955,-0.180500,1.393983,-1.038832,-0.185875,1.120242,-1.092813,-0.208581,0.888551,-0.772843,-0.132480,1.393631,-0.634051,-0.085009,1.356175,-0.653551,-0.059640,1.078369,-0.691382,-0.057043,0.842409,-0.943000,-0.154976,0.945678,-0.988899,-0.319376,0.580154,-1.104040,-0.292819,0.160224,-1.117346,-0.438592,0.048188,-0.787499,-0.129091,0.923516,-0.870937,-0.171914,0.531030,-0.958713,-0.114313,0.107706,-1.023134,-0.261288,0.017696,0.041425,-0.643018,0.062796
-0.863159,-0.152549,0.934644,-0.850795,-0.147025,1.029843,-0.835420,-0.153170,1.133103,-0.823997,-0.149481,1.227862,-0.812881,-0.146167,1.322564,-0.793491,-0.155516,1.457034,-0.773450,-0.189003,1.549349,-0.832280,-0.160243,1.402019,-0.977962,-0.200825,1.393797,-1.035027,-0.205919,1.120092,-1.086663,-0.226680,0.887681,-0.771375,-0.142750,1.394452,-0.634894,-0.088179,1.357936,-0.655134,-0.061821,1.080281,-0.692733,-0.057972,0.844307,-0.940203,-0.168824,0.946230,-0.975028,-0.336021,0.580626,-1.085812,-0.337382,0.158794,-1.071601,-0.486307,0.048570,-0.785963,-0.136202,0.924277,-0.868916,-0.175775,0.531355,-0.958194,-0.115365,0.108742,-1.023137,-0.261317,0.017723,0.060524,-0.634291,0.058199
-0.860638,-0.162851,0.935291,-0.848446,-0.157787,1.030537,-0.832776,-0.164244,1.133733,-0.821509,-0.160933,1.228524,-0.810554,-0.157973,1.323256,-0.790790,-0.167614,1.457650,-0.769398,-0.200828,1.549759,-0.829316,-0.173617,1.402548,-0.973091,-0.220562,1.393755,-1.029990,-0.226278,1.120027,-1.079859,-0.245622,0.887091,-0.769238,-0.153353,1.395179,-0.635185,-0.092462,1.359497,-0.656809,-0.064724,1.082089,-0.694423,-0.059027,0.846162,-0.936894,-0.182564,0.946725,-0.962633,-0.351279,0.580969,-1.062710,-0.378528,0.157436,-1.023466,-0.524750,0.050431,-0.784231,-0.143070,0.925077,-0.866187,-0.179707,0.531657,-0.957558,-0.116548,0.109896,-1.023127,-0.261429,0.017845,0.093611,-0.638341,0.052034
-0.857733,-0.173092,0.935837,-0.845724,-0.168508,1.031130,-0.829735,-0.175297,1.134256,-0.818575,-0.172409,1.229074,-0.807713,-0.169858,1.323828,-0.787497,-0.179853,1.458128,-0.764739,-0.212753,1.550023,-0.825763,-0.186991,1.402943,-0.967432,-0.239820,1.393715,-1.023896,-0.246764,1.119924,-1.072411,-0.265172,0.886634,-0.766616,-0.164120,1.395759,-0.635174,-0.097443,1.360838,-0.658588,-0.068137,1.083736,-0.696374,-0.060103,0.847900,-0.933044,-0.196272,0.947062,-0.950905,-0.365373,0.581049,-1.035741,-0.416325,0.156573,-0.972738,-0.555963,0.053198,-0.782273,-0.149850,0.925834,-0.862973,-0.183801,0.531916,-0.956863,-0.117843,0.111133,-1.023103,-0.261603,0.018011,0.135755,-0.650455,0.045554
-0.854208,-0.183793,0.936204,-0.842477,-0.179600,1.031550,-0.826245,-0.186592,1.134625,-0.815245,-0.184023,1.229471,-0.804516,-0.181770,1.324249,-0.783907,-0.191937,1.458478,-0.759834,-0.224431,1.550184,-0.821856,-0.200250,1.403180,-0.961176,-0.258854,1.393547,-1.016871,-0.266930,1.119629,-1.064070,-0.284773,0.886033,-0.763733,-0.174850,1.396186,-0.635061,-0.102669,1.361951,-0.660252,-0.071925,1.085155,-0.698541,-0.061479,0.849493,-0.928402,-0.210443,0.947137,-0.938836,-0.378240,0.580298,-1.008116,-0.449889,0.155699,-0.926375,-0.583053,0.055121,-0.779867,-0.157088,0.926496,-0.859427,-0.188185,0.532117,-0.956228,-0.119279,0.112477,-1.023056,-0.261839,0.018178,0.182132,-0.665425,0.035415
-0.850033,-0.195195,0.936469,-0.838700,-0.191264,1.031875,-0.822301,-0.198278,1.134924,-0.811509,-0.195875,1.229800,-0.800940,-0.193761,1.324601,-0.779967,-0.203848,1.458781,-0.754619,-0.235846,1.550317,-0.817581,-0.213423,1.403333,-0.954350,-0.277759,1.393361,-1.008787,-0.286583,1.119215,-1.054648,-0.304096,0.885319,-0.760557,-0.185569,1.396521,-0.634737,-0.108204,1.362834,-0.661700,-0.076166,1.086354,-0.701025,-0.063252,0.850995,-0.922907,-0.225362,0.947006,-0.926297,-0.389495,0.578389,-0.980389,-0.478961,0.154919,-0.886798,-0.606940,0.056224,-0.777014,-0.164977,0.927161,-0.855693,-0.192747,0.532367,-0.955724,-0.120893,0.113972,-1.022983,-0.262131,0.018316,0.232901,-0.681636,0.021552
-0.845237,-0.207057,0.936555,-0.834398,-0.203299,1.032027,-0.817908,-0.210204,1.135069,-0.807377,-0.207863,1.229976,-0.797008,-0.205779,1.324801,-0.775731,-0.215604,1.458954,-0.749158,-0.247014,1.550346,-0.812952,-0.226481,1.403328,-0.946927,-0.296441,1.393046,-0.999772,-0.305917,1.118609,-1.044332,-0.323471,0.884461,-0.757120,-0.196251,1.396704,-0.634312,-0.113985,1.363488,-0.663033,-0.080782,1.087324,-0.703727,-0.065324,0.852352,-0.916619,-0.240742,0.946613,-0.913416,-0.399522,0.575650,-0.952006,-0.503800,0.154129,-0.851586,-0.626703,0.056484,-0.773715,-0.173323,0.927731,-0.851627,-0.197598,0.532559,-0.955279,-0.122647,0.115574,-1.022885,-0.262485,0.018455,0.287904,-0.700704,0.004031
-0.839677,-0.219179,0.936155,-0.829435,-0.215518,1.031695,-0.813028,-0.222188,1.134763,-0.802927,-0.219798,1.229714,-0.792947,-0.217622,1.324576,-0.771652,-0.226971,1.458757,-0.744001,-0.257638,1.550081,-0.808248,-0.239217,1.402918,-0.939022,-0.314864,1.392145,-0.990338,-0.325059,1.117441,-1.033433,-0.343333,0.883085,-0.753742,-0.206620,1.396542,-0.634317,-0.119366,1.363917,-0.664322,-0.085403,1.087974,-0.706305,-0.067686,0.853376,-0.909474,-0.256217,0.945688,-0.899570,-0.409408,0.572497,-0.924511,-0.524306,0.152503,-0.820439,-0.642682,0.054086,-0.769748,-0.182095,0.927859,-0.846956,-0.203205,0.532362,-0.954794,-0.124465,0.117174,-1.022756,-0.262921,0.018634,0.341838,-0.722266,-0.020291
-0.833258,-0.231629,0.935198,-0.823774,-0.228009,1.030815,-0.807695,-0.234301,1.133958,-0.798266,-0.231725,1.228971,-0.788942,-0.229297,1.323891,-0.768021,-0.237880,1.458180,-0.739478,-0.267630,1.549536,-0.803650,-0.251603,1.402052,-0.930789,-0.333091,1.390542,-0.980870,-0.344180,1.115642,-1.022289,-0.364070,0.881119,-0.750629,-0.216596,1.396017,-0.635047,-0.124064,1.364231,-0.665555,-0.090021,1.088347,-0.708617,-0.070338,0.854099,-0.901387,-0.271805,0.944116,-0.883841,-0.419290,0.568990,-0.896588,-0.540663,0.149945,-0.791803,-0.653970,0.046931,-0.765008,-0.191409,0.927521,-0.841874,-0.209809,0.531817,-0.954275,-0.126400,0.118740,-1.022640,-0.263327,0.018734,0.396441,-0.754201,-0.057710
-0.826074,-0.244338,0.933755,-0.817453,-0.240685,1.029453,-0.801875,-0.246471,1.132704,-0.793287,-0.243598,1.227790,-0.784807,-0.240798,1.322781,-0.764548,-0.248399,1.457233,-0.735260,-0.277078,1.548698,-0.798976,-0.263668,1.400780,-0.922074,-0.351060,1.388351,-0.970982,-0.363109,1.113280,-1.010562,-0.385295,0.878635,-0.747575,-0.226257,1.395147,-0.636206,-0.128362,1.364319,-0.666746,-0.094644,1.088400,-0.710806,-0.073279,0.854489,-0.892441,-0.287488,0.942011,-0.867147,-0.429031,0.565068,-0.869554,-0.552687,0.146552,-0.767232,-0.661474,0.037118,-0.759602,-0.201148,0.926742,-0.836187,-0.217170,0.530883,-0.953716,-0.128399,0.120304,-1.022493,-0.263815,0.018875,0.449975,-0.788631,-0.101930
-0.818266,-0.256905,0.931728,-0.810447,-0.253100,1.027491,-0.795420,-0.258298,1.130854,-0.787741,-0.255088,1.226007,-0.780210,-0.251900,1.321066,-0.760818,-0.258503,1.455698,-0.730911,-0.285945,1.547337,-0.793961,-0.275297,1.399008,-0.912529,-0.368553,1.385461,-0.960031,-0.381455,1.110187,-0.997552,-0.406276,0.875475,-0.744285,-0.235564,1.393801,-0.637443,-0.132471,1.363849,-0.668005,-0.098923,1.087914,-0.712960,-0.076504,0.854269,-0.882817,-0.302841,0.939447,-0.851613,-0.439307,0.560971,-0.848910,-0.559730,0.141789,-0.751087,-0.668250,0.029124,-0.753622,-0.210929,0.925251,-0.829042,-0.225036,0.529105,-0.952993,-0.130224,0.121858,-1.022166,-0.264743,0.019454,0.491932,-0.801548,-0.137206
-0.809577,-0.269533,0.928613,-0.802459,-0.265404,1.024416,-0.788063,-0.269897,1.127898,-0.781407,-0.266282,1.223108,-0.775006,-0.262671,1.318227,-0.756829,-0.268239,1.453065,-0.726491,-0.294205,1.544986,-0.788605,-0.286540,1.396341,-0.901866,-0.385794,1.381262,-0.947746,-0.399241,1.105736,-0.982813,-0.427259,0.871039,-0.740760,-0.244578,1.391598,-0.638838,-0.136463,1.362377,-0.669321,-0.102469,1.086486,-0.714982,-0.079836,0.852992,-0.872295,-0.318019,0.935983,-0.837666,-0.451177,0.556522,-0.837977,-0.559839,0.134543,-0.747864,-0.675792,0.024791,-0.746772,-0.221005,0.922473,-0.820334,-0.233661,0.525878,-0.952115,-0.131593,0.122908,-1.022144,-0.266081,0.020382,0.520239,-0.781495,-0.163551
-0.800264,-0.282019,0.924914,-0.793787,-0.277448,1.020742,-0.780072,-0.281153,1.124348,-0.774506,-0.277092,1.219609,-0.769339,-0.273045,1.314784,-0.752584,-0.277559,1.449845,-0.721939,-0.301883,1.542113,-0.782909,-0.297348,1.393174,-0.890373,-0.402558,1.376364,-0.934397,-0.416444,1.100553,-0.966792,-0.447999,0.865927,-0.736999,-0.253237,1.388918,-0.640311,-0.140266,1.360348,-0.670706,-0.105671,1.084519,-0.716968,-0.083453,0.851106,-0.861093,-0.332869,0.932059,-0.824880,-0.463581,0.551898,-0.833434,-0.554966,0.125928,-0.753066,-0.682607,0.022279,-0.739349,-0.231123,0.918983,-0.810169,-0.242792,0.521808,-0.951073,-0.132787,0.123947,-1.021943,-0.267860,0.021748,0.536969,-0.739929,-0.180952
-0.791237,-0.293352,0.922049,-0.785300,-0.288333,1.017891,-0.772109,-0.291322,1.121592,-0.767449,-0.286928,1.216893,-0.763306,-0.282591,1.312114,-0.747674,-0.286289,1.447345,-0.716643,-0.309022,1.539895,-0.776607,-0.307455,1.390596,-0.878569,-0.417962,1.372488,-0.920151,-0.432601,1.096356,-0.950126,-0.467032,0.861779,-0.732703,-0.261308,1.386773,-0.641269,-0.143867,1.358760,-0.672303,-0.109339,1.083006,-0.719303,-0.087882,0.849677,-0.850056,-0.346505,0.929072,-0.814100,-0.474016,0.547871,-0.830823,-0.550325,0.118745,-0.757563,-0.687276,0.020541,-0.732335,-0.240147,0.916231,-0.798017,-0.251420,0.518252,-0.949709,-0.134417,0.126445,-1.019958,-0.270520,0.024224,0.537839,-0.687228,-0.173619
-0.782772,-0.303105,0.920595,-0.777271,-0.297620,1.016438,-0.764367,-0.299989,1.120193,-0.760326,-0.295414,1.215517,-0.756860,-0.290991,1.310766,-0.741830,-0.294210,1.446084,-0.710237,-0.315481,1.538792,-0.769506,-0.316620,1.388979,-0.866793,-0.431341,1.370418,-0.904891,-0.447494,1.093898,-0.932954,-0.483841,0.859353,-0.727637,-0.268582,1.385480,-0.641240,-0.147236,1.357847,-0.674247,-0.113937,1.082191,-0.722302,-0.093394,0.848991,-0.839458,-0.358529,0.927636,-0.806128,-0.481316,0.544707,-0.829306,-0.547572,0.114114,-0.758087,-0.688594,0.019398,-0.726008,-0.247618,0.914768,-0.783223,-0.259267,0.515558,-0.947868,-0.136338,0.130978,-1.015494,-0.274274,0.028327,0.517223,-0.620147,-0.124532
-0.774593,-0.311704,0.919976,-0.769426,-0.305748,1.015808,-0.756653,-0.307568,1.119588,-0.753047,-0.302924,1.214926,-0.750048,-0.298564,1.310191,-0.735320,-0.301541,1.445545,-0.703086,-0.321399,1.538344,-0.761800,-0.325085,1.387951,-0.854706,-0.443360,1.369370,-0.888733,-0.461341,1.092425,-0.915138,-0.498943,0.857892,-0.722037,-0.275269,1.384723,-0.640696,-0.150405,1.357376,-0.676403,-0.119002,1.081830,-0.725649,-0.099719,0.848763,-0.829024,-0.369339,0.927137,-0.800163,-0.486647,0.542140,-0.829723,-0.545052,0.110916,-0.757906,-0.687766,0.019030,-0.720091,-0.253995,0.914042,-0.766442,-0.266612,0.513379,-0.945704,-0.138693,0.136971,-1.009247,-0.278910,0.033539,0.480747,-0.541930,-0.050710
-0.766781,-0.319421,0.919875,-0.761818,-0.313144,1.015698,-0.749051,-0.314553,1.119485,-0.745761,-0.309992,1.214836,-0.743115,-0.305845,1.310119,-0.728543,-0.308761,1.445487,-0.695668,-0.327238,1.538348,-0.753806,-0.333306,1.387481,-0.841811,-0.455122,1.368718,-0.872196,-0.474326,1.091396,-0.896908,-0.512424,0.856768,-0.716301,-0.281766,1.384560,-0.640465,-0.153458,1.357651,-0.678521,-0.123945,1.082191,-0.728782,-0.106568,0.849201,-0.818764,-0.379245,0.927131,-0.794640,-0.490995,0.540152,-0.830127,-0.543015,0.108596,-0.757697,-0.686988,0.018937,-0.714731,-0.259513,0.913858,-0.749110,-0.273282,0.512030,-0.943527,-0.142527,0.144164,-1.001693,-0.284236,0.038974,0.441013,-0.472683,0.012572
-0.759413,-0.326329,0.920214,-0.754494,-0.319974,1.016035,-0.741615,-0.321182,1.119813,-0.738558,-0.316920,1.215185,-0.736202,-0.313200,1.310493,-0.721725,-0.316307,1.445868,-0.688251,-0.333431,1.538775,-0.745687,-0.341681,1.387605,-0.827878,-0.467338,1.368216,-0.855256,-0.486607,1.090578,-0.878251,-0.523913,0.855646,-0.710647,-0.288423,1.385092,-0.641020,-0.156547,1.358943,-0.680454,-0.128649,1.083495,-0.731650,-0.114024,0.850526,-0.808694,-0.388374,0.927495,-0.789099,-0.494475,0.538701,-0.829905,-0.541460,0.106994,-0.757678,-0.687008,0.019085,-0.710065,-0.264199,0.914174,-0.731316,-0.279389,0.511599,-0.941728,-0.148112,0.152988,-0.994467,-0.290691,0.044993,0.394990,-0.422209,0.050831
-0.752411,-0.332354,0.921072,-0.747407,-0.326072,1.016893,-0.734291,-0.327216,1.120642,-0.731349,-0.323406,1.216037,-0.729169,-0.320263,1.311370,-0.714638,-0.323743,1.446731,-0.680566,-0.339544,1.539654,-0.737280,-0.349812,1.388287,-0.813136,-0.479299,1.368111,-0.837936,-0.498027,1.090205,-0.859181,-0.533781,0.854863,-0.704858,-0.294890,1.386219,-0.641888,-0.159521,1.360980,-0.682349,-0.133232,1.085521,-0.734304,-0.122005,0.852517,-0.798798,-0.396597,0.928351,-0.784000,-0.496973,0.537830,-0.829671,-0.540388,0.106269,-0.757629,-0.687079,0.019508,-0.705957,-0.268026,0.915031,-0.712970,-0.284822,0.511999,-0.939915,-0.155176,0.163012,-0.985935,-0.297836,0.051234,0.345709,-0.380705,0.078551
-0.745627,-0.337539,0.922368,-0.740465,-0.331369,1.018188,-0.726995,-0.332439,1.121891,-0.724015,-0.329064,1.217301,-0.721833,-0.326466,1.312650,-0.707001,-0.330238,1.447969,-0.672289,-0.344740,1.540867,-0.728412,-0.356962,1.389390,-0.797778,-0.489975,1.368520,-0.820828,-0.508300,1.090434,-0.839962,-0.543226,0.854791,-0.698685,-0.300511,1.387705,-0.642468,-0.162018,1.363255,-0.684390,-0.137456,1.087868,-0.736335,-0.129965,0.854718,-0.789038,-0.403844,0.929624,-0.779165,-0.499135,0.537648,-0.829324,-0.540052,0.106352,-0.757568,-0.687148,0.019807,-0.702147,-0.271150,0.916349,-0.695236,-0.289078,0.513276,-0.937222,-0.163943,0.172687,-0.971679,-0.304164,0.055724,0.314864,-0.338865,0.103914
-0.739083,-0.341855,0.924190,-0.733670,-0.335783,1.020001,-0.719685,-0.336727,1.123636,-0.716462,-0.333732,1.219050,-0.714038,-0.331609,1.314405,-0.698557,-0.335543,1.449645,-0.663129,-0.348780,1.542462,-0.718895,-0.362900,1.390967,-0.781644,-0.499055,1.369556,-0.804090,-0.517302,1.091407,-0.820497,-0.552870,0.855669,-0.691936,-0.305077,1.389574,-0.642488,-0.163935,1.365674,-0.686762,-0.141215,1.090508,-0.737456,-0.137903,0.857018,-0.779475,-0.410043,0.931430,-0.774773,-0.501149,0.538362,-0.828864,-0.540717,0.107389,-0.757489,-0.687200,0.019809,-0.698615,-0.273583,0.918185,-0.678383,-0.292161,0.515600,-0.934211,-0.174867,0.182397,-0.948411,-0.309177,0.057627,0.314889,-0.294223,0.132357
-0.732756,-0.345332,0.926450,-0.727021,-0.339396,1.022252,-0.712404,-0.340202,1.125800,-0.708784,-0.337572,1.221211,-0.705940,-0.335893,1.316563,-0.689561,-0.339908,1.451697,-0.653377,-0.351901,1.544391,-0.708919,-0.367857,1.392964,-0.764893,-0.506849,1.371106,-0.787563,-0.525158,1.092983,-0.800884,-0.562092,0.857259,-0.684802,-0.308796,1.391803,-0.642220,-0.165375,1.368331,-0.689279,-0.144615,1.093469,-0.737954,-0.145822,0.859529,-0.770049,-0.415265,0.933653,-0.770647,-0.502827,0.539765,-0.828292,-0.542117,0.109233,-0.757397,-0.687250,0.019687,-0.695381,-0.275314,0.920482,-0.662142,-0.294067,0.518801,-0.930321,-0.187495,0.191757,-0.919417,-0.313372,0.057779,0.333350,-0.249244,0.158443
-0.726431,-0.348096,0.928812,-0.720423,-0.342378,1.024610,-0.705189,-0.343021,1.128072,-0.701145,-0.340696,1.223474,-0.697833,-0.339356,1.318817,-0.680498,-0.343254,1.453835,-0.643579,-0.353978,1.546394,-0.698876,-0.371790,1.395083,-0.748194,-0.513267,1.372950,-0.771361,-0.531957,1.094900,-0.781684,-0.570224,0.859227,-0.677608,-0.311640,1.394089,-0.641880,-0.166292,1.371000,-0.691568,-0.147733,1.096440,-0.738274,-0.153184,0.862131,-0.760531,-0.419650,0.935862,-0.766072,-0.504255,0.541352,-0.827503,-0.543706,0.111374,-0.757318,-0.687293,0.019562,-0.692243,-0.276461,0.922996,-0.646869,-0.294279,0.522424,-0.923001,-0.200689,0.198064,-0.890141,-0.316742,0.056707,0.354635,-0.202023,0.174044
-0.720116,-0.350146,0.931312,-0.713953,-0.344785,1.027121,-0.698166,-0.345247,1.130501,-0.693704,-0.343152,1.225890,-0.689898,-0.342009,1.321217,-0.671576,-0.345517,1.456113,-0.633937,-0.354937,1.548523,-0.688944,-0.374651,1.397377,-0.731865,-0.518222,1.375240,-0.755630,-0.537578,1.097281,-0.762955,-0.577081,0.861709,-0.670518,-0.313573,1.396467,-0.641637,-0.166656,1.373750,-0.693578,-0.150679,1.099449,-0.738380,-0.160051,0.864898,-0.750902,-0.423213,0.938021,-0.760576,-0.505522,0.543072,-0.826393,-0.545390,0.113789,-0.757271,-0.687323,0.019469,-0.689242,-0.277003,0.925839,-0.632766,-0.292284,0.526559,-0.911252,-0.214867,0.200052,-0.863126,-0.319335,0.054175,0.375936,-0.148114,0.175547
-0.713802,-0.351483,0.933915,-0.707532,-0.346562,1.029740,-0.691210,-0.346816,1.133038,-0.686302,-0.344892,1.228408,-0.681952,-0.343841,1.323713,-0.662586,-0.346761,1.458478,-0.624247,-0.354851,1.550727,-0.678946,-0.376488,1.399792,-0.715588,-0.521799,1.377823,-0.740223,-0.542141,1.100003,-0.744640,-0.582848,0.864569,-0.663368,-0.314631,1.398902,-0.641321,-0.166497,1.376512,-0.695359,-0.153343,1.102468,-0.738308,-0.166363,0.867757,-0.741182,-0.425939,0.940166,-0.754633,-0.506539,0.544975,-0.825065,-0.547262,0.116501,-0.757237,-0.687345,0.019373,-0.686336,-0.276960,0.928897,-0.619631,-0.288596,0.531115,-0.896074,-0.229610,0.198986,-0.835829,-0.321102,0.050420,0.400061,-0.091963,0.166564
-0.707251,-0.352243,0.936169,-0.700836,-0.347711,1.032005,-0.683984,-0.347696,1.135217,-0.678627,-0.345879,1.230566,-0.673740,-0.344853,1.325845,-0.653379,-0.347095,1.460477,-0.614445,-0.353809,1.552587,-0.668750,-0.377398,1.401865,-0.699078,-0.524161,1.380024,-0.724818,-0.546100,1.102437,-0.727126,-0.587412,0.867063,-0.655981,-0.314896,1.400981,-0.640636,-0.165864,1.378862,-0.696682,-0.155475,1.105098,-0.738616,-0.171396,0.870363,-0.731213,-0.427917,0.941982,-0.748954,-0.507117,0.546701,-0.823732,-0.549055,0.119069,-0.757192,-0.687370,0.019301,-0.683204,-0.276510,0.931589,-0.607210,-0.284240,0.535361,-0.877908,-0.242524,0.195954,-0.806054,-0.321886,0.046680,0.419823,-0.044995,0.149808
-0.700323,-0.352437,0.937965,-0.693692,-0.348204,1.033799,-0.676328,-0.347839,1.136927,-0.670539,-0.346062,1.232251,-0.665160,-0.345001,1.327504,-0.643929,-0.346496,1.462013,-0.604545,-0.351763,1.554025,-0.658322,-0.377354,1.403500,-0.682165,-0.525292,1.381643,-0.709324,-0.549703,1.104412,-0.710774,-0.590589,0.868947,-0.648332,-0.314342,1.402623,-0.639539,-0.164738,1.380722,-0.697503,-0.156987,1.107268,-0.739748,-0.174854,0.872711,-0.720844,-0.429139,0.943400,-0.743884,-0.507075,0.548155,-0.822464,-0.550702,0.121368,-0.757122,-0.687403,0.019273,-0.679711,-0.275680,0.933761,-0.595461,-0.279417,0.539122,-0.856689,-0.252831,0.190945,-0.772872,-0.321944,0.043314,0.430169,-0.015396,0.122863
-0.693157,-0.352053,0.939413,-0.686273,-0.348070,1.035240,-0.668403,-0.347292,1.138279,-0.662178,-0.345491,1.233576,-0.656313,-0.344330,1.328800,-0.634263,-0.344988,1.463184,-0.594532,-0.348761,1.555121,-0.647697,-0.376382,1.404793,-0.665019,-0.525208,1.382878,-0.693831,-0.552702,1.106099,-0.695222,-0.592562,0.870465,-0.640446,-0.312995,1.403910,-0.638073,-0.163137,1.382169,-0.697866,-0.157968,1.109049,-0.741259,-0.177033,0.874806,-0.710226,-0.429613,0.944489,-0.739077,-0.506594,0.549432,-0.821190,-0.552268,0.123524,-0.757041,-0.687439,0.019268,-0.675991,-0.274442,0.935565,-0.584426,-0.273928,0.542572,-0.832482,-0.261308,0.183969,-0.737213,-0.321019,0.039965,0.436152,0.005019,0.088144
-0.685938,-0.351193,0.940397,-0.678766,-0.347401,1.036211,-0.660362,-0.346167,1.139151,-0.653651,-0.344290,1.234413,-0.647242,-0.342975,1.329598,-0.624311,-0.342749,1.463835,-0.584293,-0.345033,1.555697,-0.636840,-0.374663,1.405574,-0.647875,-0.524115,1.383655,-0.678286,-0.554795,1.107376,-0.679776,-0.593766,0.871598,-0.632229,-0.311015,1.404678,-0.636066,-0.161162,1.383007,-0.697669,-0.158431,1.110252,-0.742372,-0.178102,0.876313,-0.699647,-0.429448,0.945146,-0.734217,-0.506026,0.550455,-0.819912,-0.553689,0.125472,-0.756967,-0.687469,0.019252,-0.672127,-0.272889,0.936876,-0.573980,-0.268198,0.545496,-0.805924,-0.267898,0.176149,-0.699675,-0.318178,0.036796,0.445751,0.029384,0.055603
-0.678824,-0.349896,0.940864,-0.671308,-0.346229,1.036656,-0.652315,-0.344505,1.139481,-0.645034,-0.342514,1.234699,-0.637991,-0.341018,1.329836,-0.614067,-0.339896,1.463895,-0.573813,-0.340708,1.555678,-0.625739,-0.372310,1.405768,-0.630709,-0.522089,1.383874,-0.662659,-0.555896,1.108138,-0.664270,-0.594268,0.872262,-0.623670,-0.308525,1.404866,-0.633534,-0.158947,1.383196,-0.696958,-0.158314,1.110838,-0.742918,-0.177898,0.877134,-0.689283,-0.428671,0.945321,-0.729250,-0.505536,0.551190,-0.818656,-0.554976,0.127173,-0.756897,-0.687489,0.019191,-0.668260,-0.271070,0.937632,-0.563895,-0.262260,0.547936,-0.776791,-0.272665,0.167577,-0.659963,-0.313272,0.033609,0.462553,0.063360,0.028591
-0.671658,-0.348122,0.940868,-0.663764,-0.344522,1.036632,-0.644152,-0.342264,1.139331,-0.636250,-0.340107,1.234496,-0.628516,-0.338378,1.329577,-0.603539,-0.336312,1.463434,-0.563107,-0.335658,1.555140,-0.614407,-0.369210,1.405450,-0.613545,-0.519054,1.383634,-0.646979,-0.556092,1.108489,-0.648869,-0.594000,0.872541,-0.614779,-0.305403,1.404534,-0.630462,-0.156358,1.382777,-0.695687,-0.157680,1.110845,-0.743067,-0.176583,0.877369,-0.678959,-0.427256,0.945064,-0.724230,-0.504959,0.551671,-0.817396,-0.556118,0.128667,-0.756834,-0.687503,0.019119,-0.664250,-0.268937,0.937894,-0.554398,-0.256081,0.549849,-0.745308,-0.275544,0.158161,-0.618372,-0.306451,0.030603,0.482970,0.101285,0.003756
-0.664147,-0.345862,0.940459,-0.655911,-0.342278,1.036195,-0.635703,-0.339428,1.138764,-0.627176,-0.337015,1.233868,-0.618733,-0.334949,1.328881,-0.592684,-0.331819,1.462512,-0.552112,-0.329732,1.554135,-0.602843,-0.365195,1.404681,-0.596689,-0.514988,1.383157,-0.631287,-0.555337,1.108620,-0.633373,-0.593189,0.872666,-0.605489,-0.301436,1.403699,-0.626634,-0.153091,1.381672,-0.693616,-0.156732,1.110200,-0.742551,-0.174817,0.876983,-0.668436,-0.425234,0.944422,-0.718992,-0.504152,0.551921,-0.816058,-0.557004,0.130007,-0.756797,-0.687520,0.019099,-0.659748,-0.266436,0.937716,-0.546044,-0.249992,0.550888,-0.712788,-0.276276,0.148741,-0.576381,-0.297235,0.028546,0.504215,0.139305,-0.019003
-0.656141,-0.343192,0.939626,-0.647656,-0.339594,1.035341,-0.626903,-0.336086,1.137781,-0.617757,-0.333309,1.232817,-0.608586,-0.330776,1.327750,-0.581425,-0.326411,1.461121,-0.540743,-0.322924,1.552653,-0.591001,-0.360253,1.403446,-0.580193,-0.509883,1.382458,-0.615562,-0.553648,1.108545,-0.617629,-0.592003,0.872671,-0.595738,-0.296613,1.402326,-0.621987,-0.149154,1.379807,-0.690676,-0.155747,1.108827,-0.741291,-0.172693,0.875884,-0.657551,-0.422678,0.943368,-0.713669,-0.503125,0.551951,-0.814657,-0.557531,0.131144,-0.756830,-0.687529,0.019145,-0.654619,-0.263653,0.937106,-0.539266,-0.243724,0.550897,-0.678885,-0.274268,0.139232,-0.533353,-0.284935,0.027483,0.524735,0.173343,-0.038819
-0.647791,-0.340034,0.938381,-0.639092,-0.336373,1.034075,-0.617816,-0.332148,1.136381,-0.608047,-0.328918,1.231341,-0.598132,-0.325815,1.326183,-0.569841,-0.320093,1.459268,-0.529085,-0.315241,1.550704,-0.578928,-0.354396,1.401760,-0.564004,-0.503747,1.381522,-0.599824,-0.551009,1.108249,-0.601790,-0.590273,0.872523,-0.585588,-0.290945,1.400449,-0.616583,-0.144541,1.377257,-0.686937,-0.154449,1.106801,-0.739366,-0.170118,0.874166,-0.646467,-0.419515,0.941930,-0.708129,-0.501869,0.551750,-0.813179,-0.557804,0.132128,-0.756890,-0.687539,0.019243,-0.649000,-0.260502,0.936055,-0.533631,-0.237544,0.550033,-0.643946,-0.270113,0.129720,-0.489925,-0.270241,0.027370,0.546083,0.207475,-0.056560
-0.639254,-0.336146,0.936803,-0.630273,-0.332324,1.032463,-0.608467,-0.327327,1.134621,-0.598085,-0.323569,1.229497,-0.587461,-0.319828,1.324240,-0.558118,-0.312707,1.457032,-0.517327,-0.306548,1.548374,-0.566769,-0.347497,1.399728,-0.548269,-0.496584,1.380527,-0.584176,-0.547322,1.107888,-0.586125,-0.587723,0.872355,-0.575168,-0.284256,1.398188,-0.610391,-0.138928,1.374170,-0.682370,-0.152209,1.104282,-0.736756,-0.167471,0.872072,-0.635436,-0.415558,0.940241,-0.701812,-0.500210,0.551308,-0.811510,-0.558024,0.133156,-0.756868,-0.687586,0.019422,-0.642956,-0.256680,0.934589,-0.528393,-0.232590,0.548419,-0.610328,-0.265335,0.121299,-0.449490,-0.254743,0.028841,0.570123,0.250084,-0.074933
-0.630776,-0.331416,0.934831,-0.621352,-0.327325,1.030436,-0.598941,-0.321495,1.132418,-0.587909,-0.317123,1.227192,-0.576573,-0.312664,1.321819,-0.546220,-0.304091,1.454294,-0.505408,-0.296680,1.545535,-0.554506,-0.339425,1.397251,-0.533062,-0.488318,1.379549,-0.568576,-0.542449,1.107508,-0.570678,-0.584273,0.872229,-0.564434,-0.276406,1.395447,-0.603264,-0.132157,1.370388,-0.676916,-0.148793,1.101143,-0.733491,-0.165003,0.869527,-0.624746,-0.410703,0.938248,-0.694955,-0.497916,0.550537,-0.809829,-0.558143,0.134104,-0.756721,-0.687677,0.019661,-0.636685,-0.252071,0.932638,-0.523835,-0.229583,0.545873,-0.577398,-0.259711,0.114406,-0.411568,-0.237864,0.033761,0.599055,0.307861,-0.095228
-0.622111,-0.325955,0.932527,-0.612175,-0.321498,1.028064,-0.589152,-0.314779,1.129855,-0.577481,-0.309718,1.224518,-0.565470,-0.304475,1.319021,-0.534183,-0.294406,1.451172,-0.493389,-0.285803,1.542314,-0.542158,-0.330310,1.394429,-0.518309,-0.479025,1.378511,-0.553066,-0.536527,1.107062,-0.555404,-0.580004,0.872083,-0.553430,-0.267534,1.392322,-0.595348,-0.124388,1.366070,-0.670635,-0.144436,1.097512,-0.729541,-0.162463,0.866607,-0.614107,-0.405055,0.936003,-0.687321,-0.495219,0.549525,-0.807956,-0.558210,0.135097,-0.756492,-0.687805,0.019982,-0.629989,-0.246791,0.930272,-0.519674,-0.227802,0.542577,-0.545789,-0.253465,0.108603,-0.376639,-0.220181,0.040267,0.630680,0.374114,-0.116156
-0.612682,-0.319846,0.930153,-0.602335,-0.314911,1.025624,-0.578864,-0.307274,1.127249,-0.566729,-0.301500,1.221815,-0.554238,-0.295476,1.316212,-0.522317,-0.283972,1.448099,-0.481647,-0.274274,1.539187,-0.529930,-0.320415,1.391659,-0.503931,-0.468935,1.377361,-0.537865,-0.529875,1.106561,-0.540437,-0.574874,0.871866,-0.542412,-0.257879,1.389230,-0.587052,-0.115773,1.361837,-0.663668,-0.139211,1.093925,-0.724793,-0.159475,0.863784,-0.602900,-0.398739,0.933797,-0.677639,-0.492645,0.548523,-0.805246,-0.558572,0.136701,-0.756201,-0.687976,0.020475,-0.622336,-0.240881,0.927729,-0.514317,-0.226221,0.539204,-0.519765,-0.248791,0.103680,-0.349530,-0.205018,0.043398,0.660255,0.437145,-0.136549
-0.602249,-0.313106,0.927548,-0.591621,-0.307522,1.022951,-0.567923,-0.298916,1.124445,-0.555564,-0.292394,1.218934,-0.542868,-0.285596,1.313252,-0.510724,-0.272749,1.444964,-0.470320,-0.262070,1.536062,-0.517898,-0.309690,1.388865,-0.489946,-0.457986,1.375885,-0.523077,-0.522583,1.105844,-0.525848,-0.568790,0.871385,-0.531425,-0.247378,1.386085,-0.578380,-0.106197,1.357701,-0.656061,-0.133144,1.090431,-0.719249,-0.156163,0.861127,-0.590920,-0.391787,0.931514,-0.666046,-0.490359,0.547413,-0.801986,-0.559402,0.138774,-0.755743,-0.688138,0.020816,-0.613447,-0.234344,0.924796,-0.507124,-0.225172,0.535685,-0.501480,-0.246845,0.099532,-0.333644,-0.193119,0.040191,0.687308,0.495120,-0.162621
-0.591052,-0.305718,0.924873,-0.580243,-0.299374,1.020208,-0.556484,-0.289769,1.121598,-0.544076,-0.282475,1.216024,-0.531371,-0.274906,1.310280,-0.499301,-0.260778,1.441877,-0.459269,-0.249214,1.533031,-0.505987,-0.298184,1.386124,-0.476336,-0.446239,1.374296,-0.508598,-0.514560,1.105073,-0.511565,-0.561846,0.870833,-0.520424,-0.236095,1.382973,-0.569327,-0.095777,1.353650,-0.647769,-0.126210,1.086982,-0.712907,-0.152403,0.858567,-0.578372,-0.384168,0.929268,-0.652405,-0.488197,0.546314,-0.797889,-0.560528,0.141459,-0.755222,-0.688344,0.021330,-0.603601,-0.227178,0.921687,-0.498735,-0.224324,0.532088,-0.488779,-0.246472,0.096262,-0.325578,-0.183740,0.033610,0.712312,0.549873,-0.188158
-0.579240,-0.297714,0.922882,-0.568431,-0.290663,1.018168,-0.544774,-0.280121,1.119490,-0.532458,-0.272114,1.213870,-0.519869,-0.263832,1.308082,-0.488042,-0.248503,1.439602,-0.448457,-0.236137,1.530845,-0.494177,-0.286306,1.384066,-0.462967,-0.434112,1.373184,-0.494349,-0.505849,1.104736,-0.497503,-0.554289,0.870738,-0.509532,-0.224459,1.380568,-0.560286,-0.085015,1.350275,-0.638802,-0.118411,1.083972,-0.705655,-0.147437,0.856374,-0.565246,-0.375914,0.927694,-0.635029,-0.486184,0.545827,-0.791440,-0.561776,0.145751,-0.754973,-0.688757,0.023085,-0.593103,-0.219418,0.919277,-0.489477,-0.221647,0.529292,-0.479457,-0.246394,0.093973,-0.319952,-0.177973,0.027589,0.731939,0.595210,-0.193357
-0.566638,-0.289030,0.921986,-0.556088,-0.281371,1.017255,-0.532752,-0.269971,1.118557,-0.520703,-0.261315,1.212914,-0.508384,-0.252375,1.307101,-0.476993,-0.235900,1.438586,-0.437941,-0.222812,1.529958,-0.482503,-0.274013,1.383042,-0.450024,-0.421608,1.372869,-0.480303,-0.496629,1.105195,-0.483495,-0.546389,0.871473,-0.498816,-0.212435,1.379213,-0.551289,-0.073880,1.347764,-0.629041,-0.109502,1.081509,-0.697432,-0.141004,0.854694,-0.551342,-0.366962,0.927181,-0.612672,-0.485033,0.546346,-0.782060,-0.563716,0.152361,-0.756472,-0.689947,0.026384,-0.581802,-0.210995,0.918008,-0.478797,-0.215920,0.527848,-0.473602,-0.246316,0.092934,-0.315519,-0.177598,0.023252,0.744618,0.629443,-0.162161
-0.553420,-0.279729,0.921774,-0.543309,-0.271517,1.017044,-0.520461,-0.259320,1.118364,-0.508818,-0.250074,1.212714,-0.496895,-0.240535,1.306893,-0.466108,-0.222993,1.438381,-0.427662,-0.209266,1.529916,-0.470930,-0.261348,1.382701,-0.437323,-0.408723,1.373030,-0.466486,-0.486720,1.106089,-0.469708,-0.537875,0.872665,-0.488210,-0.200059,1.378565,-0.542304,-0.062404,1.345928,-0.618605,-0.099728,1.079486,-0.688300,-0.133364,0.853381,-0.536862,-0.357376,0.927339,-0.586580,-0.484031,0.547478,-0.770327,-0.565778,0.160578,-0.758242,-0.691344,0.030924,-0.569848,-0.201977,0.917439,-0.467248,-0.208365,0.527205,-0.471125,-0.246534,0.092875,-0.313526,-0.180834,0.019475,0.751919,0.654259,-0.110628
-0.540260,-0.270044,0.921758,-0.530615,-0.261354,1.017035,-0.508260,-0.248464,1.118381,-0.497013,-0.238744,1.212733,-0.485465,-0.228735,1.306911,-0.455247,-0.210304,1.438412,-0.417406,-0.196000,1.530111,-0.459336,-0.248844,1.382616,-0.424175,-0.395859,1.373299,-0.452892,-0.475629,1.106823,-0.456549,-0.528183,0.873719,-0.477636,-0.187872,1.378273,-0.533618,-0.051188,1.344793,-0.607867,-0.089828,1.077970,-0.678332,-0.124549,0.852264,-0.522398,-0.347375,0.927635,-0.558814,-0.481075,0.548645,-0.756457,-0.566077,0.169263,-0.756183,-0.691392,0.036868,-0.557998,-0.192604,0.917121,-0.456819,-0.200624,0.526585,-0.469550,-0.246659,0.093087,-0.312336,-0.183433,0.016826,0.755226,0.668534,-0.067130
-0.527417,-0.259818,0.921712,-0.518228,-0.250777,1.017001,-0.496327,-0.237365,1.118380,-0.485418,-0.227356,1.212744,-0.474172,-0.217079,1.306931,-0.444415,-0.198044,1.438454,-0.407140,-0.183252,1.530309,-0.447693,-0.236698,1.382613,-0.410227,-0.383145,1.373525,-0.439761,-0.462739,1.107084,-0.444403,-0.516777,0.874338,-0.467104,-0.176073,1.378225,-0.525474,-0.040471,1.344474,-0.596726,-0.080164,1.077010,-0.667478,-0.114400,0.851304,-0.508220,-0.336818,0.927801,-0.529139,-0.475708,0.549709,-0.739956,-0.563797,0.178233,-0.750144,-0.690713,0.045585,-0.546497,-0.182702,0.916865,-0.448035,-0.192901,0.525673,-0.468331,-0.246553,0.093396,-0.311658,-0.183759,0.015851,0.752972,0.669685,-0.046010
-0.514631,-0.249207,0.921862,-0.505926,-0.239891,1.017170,-0.484485,-0.226061,1.118591,-0.473904,-0.215879,1.212973,-0.462938,-0.205462,1.307177,-0.433608,-0.186002,1.438733,-0.396897,-0.170785,1.530745,-0.436029,-0.224714,1.382867,-0.395831,-0.370451,1.373860,-0.426854,-0.448665,1.107185,-0.432885,-0.504194,0.874819,-0.456605,-0.164463,1.378533,-0.517631,-0.030013,1.344856,-0.585282,-0.070373,1.076558,-0.655789,-0.103075,0.850539,-0.494059,-0.325846,0.928104,-0.497788,-0.468386,0.550808,-0.721319,-0.559754,0.187671,-0.740277,-0.688686,0.055706,-0.535098,-0.172445,0.916861,-0.440372,-0.184992,0.524786,-0.468014,-0.246354,0.093975,-0.311782,-0.183448,0.016005,0.746723,0.660295,-0.032926
-0.501805,-0.238910,0.922403,-0.493557,-0.229270,1.017719,-0.472564,-0.214968,1.119167,-0.462295,-0.204579,1.213559,-0.451594,-0.193993,1.307774,-0.422677,-0.174075,1.439351,-0.386551,-0.158391,1.531515,-0.424311,-0.212834,1.383468,-0.381358,-0.357791,1.374390,-0.413440,-0.434762,1.107475,-0.421252,-0.491477,0.875451,-0.446038,-0.152981,1.379174,-0.509644,-0.019693,1.345612,-0.574210,-0.060116,1.076543,-0.643487,-0.091076,0.849923,-0.479698,-0.315099,0.928823,-0.467522,-0.458373,0.551780,-0.702249,-0.554510,0.196987,-0.722934,-0.681892,0.063286,-0.523814,-0.162592,0.917224,-0.434249,-0.177922,0.524089,-0.467766,-0.246079,0.094639,-0.311944,-0.183166,0.016219,0.742559,0.646973,-0.013218
-0.488776,-0.229206,0.923461,-0.480934,-0.219155,1.018769,-0.460366,-0.204273,1.120220,-0.450386,-0.193591,1.214611,-0.439935,-0.182751,1.308825,-0.411421,-0.162270,1.440404,-0.375920,-0.146014,1.532710,-0.412413,-0.201083,1.384500,-0.366807,-0.345203,1.375110,-0.399083,-0.421595,1.108047,-0.409288,-0.478977,0.876291,-0.435251,-0.141648,1.380190,-0.501232,-0.009512,1.346647,-0.563766,-0.049063,1.076962,-0.630628,-0.078289,0.849393,-0.464885,-0.304826,0.930099,-0.439482,-0.445125,0.552453,-0.684351,-0.548429,0.206750,-0.695163,-0.668546,0.066517,-0.512568,-0.153449,0.918065,-0.430141,-0.172091,0.523573,-0.467367,-0.245741,0.095281,-0.311905,-0.183143,0.016138,0.741978,0.629278,0.024055
-0.475705,-0.219815,0.924910,-0.468244,-0.209305,1.020200,-0.448090,-0.193788,1.121639,-0.438381,-0.182779,1.216021,-0.428166,-0.171657,1.310228,-0.400042,-0.150579,1.441797,-0.365185,-0.133710,1.534238,-0.400459,-0.189437,1.385880,-0.352178,-0.332650,1.376025,-0.384220,-0.408597,1.108808,-0.397207,-0.466344,0.877282,-0.424398,-0.130442,1.381540,-0.492678,0.000531,1.348057,-0.553694,-0.037543,1.077818,-0.617156,-0.064829,0.849011,-0.449873,-0.294779,0.931790,-0.412526,-0.429185,0.552998,-0.666021,-0.541147,0.216390,-0.659917,-0.650434,0.067207,-0.501436,-0.144711,0.919273,-0.427573,-0.167100,0.523248,-0.467038,-0.245327,0.096007,-0.311902,-0.183148,0.016118,0.743483,0.607652,0.067952
-0.462976,-0.210607,0.926568,-0.455898,-0.199571,1.021827,-0.436162,-0.183374,1.123242,-0.426721,-0.172002,1.217608,-0.416736,-0.160574,1.311802,-0.388997,-0.138877,1.443352,-0.354768,-0.121431,1.535922,-0.388791,-0.177766,1.387460,-0.337838,-0.320025,1.377246,-0.369433,-0.395424,1.109822,-0.384916,-0.453572,0.878538,-0.413830,-0.119238,1.383082,-0.484388,0.010572,1.349803,-0.543895,-0.026197,1.079050,-0.603123,-0.051542,0.848911,-0.435198,-0.284849,0.933740,-0.385982,-0.411453,0.553763,-0.644151,-0.532130,0.223608,-0.622403,-0.629490,0.066835,-0.490653,-0.136219,0.920638,-0.425542,-0.162767,0.523306,-0.466611,-0.244827,0.096952,-0.311888,-0.183158,0.016152,0.748655,0.590035,0.100305
-0.450838,-0.201697,0.928512,-0.444154,-0.190009,1.023719,-0.424837,-0.173045,1.125088,-0.415659,-0.161245,1.219427,-0.405893,-0.149461,1.313600,-0.378523,-0.127097,1.445115,-0.344885,-0.109141,1.537805,-0.377593,-0.166021,1.389309,-0.324043,-0.307322,1.378980,-0.354950,-0.381902,1.111249,-0.372532,-0.440688,0.880275,-0.403730,-0.107976,1.384878,-0.476517,0.020716,1.352037,-0.534394,-0.015325,1.080830,-0.588480,-0.038886,0.849264,-0.421181,-0.275170,0.936084,-0.359440,-0.392079,0.554947,-0.617261,-0.521060,0.227440,-0.584284,-0.605786,0.065586,-0.480400,-0.128072,0.922180,-0.423915,-0.159345,0.523897,-0.466001,-0.244279,0.098178,-0.311838,-0.183164,0.016246,0.759293,0.580106,0.113116
-0.439041,-0.192970,0.930665,-0.432753,-0.180564,1.025808,-0.413861,-0.162787,1.127118,-0.404941,-0.150524,1.221422,-0.395388,-0.138360,1.315569,-0.368383,-0.115305,1.447040,-0.335318,-0.096876,1.539843,-0.366679,-0.154252,1.391359,-0.310536,-0.294549,1.381020,-0.340543,-0.368204,1.112930,-0.359936,-0.427665,0.882278,-0.393916,-0.096716,1.386866,-0.468910,0.030856,1.354607,-0.525168,-0.004626,1.082985,-0.573276,-0.026403,0.849900,-0.407501,-0.265609,0.938688,-0.333309,-0.370913,0.556350,-0.586832,-0.508254,0.228849,-0.543896,-0.579249,0.063276,-0.470496,-0.120170,0.923878,-0.422824,-0.156582,0.524871,-0.465292,-0.243643,0.099624,-0.311777,-0.183175,0.016395,0.773598,0.574186,0.114383
-0.427221,-0.183940,0.932614,-0.421332,-0.170925,1.027703,-0.402888,-0.152409,1.128965,-0.394242,-0.139749,1.223243,-0.384924,-0.127259,1.317371,-0.358327,-0.103568,1.448812,-0.325833,-0.084698,1.541728,-0.355831,-0.142485,1.393249,-0.296923,-0.281626,1.382849,-0.326113,-0.354499,1.114452,-0.346679,-0.414411,0.884015,-0.384199,-0.085502,1.388721,-0.461517,0.040807,1.357011,-0.516049,0.006157,1.084937,-0.557711,-0.013573,0.850442,-0.393734,-0.255656,0.940997,-0.308144,-0.348407,0.557718,-0.554196,-0.494130,0.228419,-0.501453,-0.551599,0.060822,-0.460631,-0.112058,0.925462,-0.421662,-0.153542,0.525978,-0.464565,-0.242788,0.101236,-0.311731,-0.183184,0.016581,0.787766,0.569174,0.109922
-0.415286,-0.174431,0.934273,-0.409796,-0.161002,1.029330,-0.391833,-0.141888,1.130567,-0.383487,-0.128946,1.224835,-0.374436,-0.116222,1.318958,-0.348318,-0.091987,1.450397,-0.316399,-0.072720,1.543430,-0.345017,-0.130794,1.394939,-0.283042,-0.268568,1.384350,-0.311640,-0.340889,1.115739,-0.332599,-0.400988,0.885378,-0.374568,-0.074417,1.390417,-0.454411,0.050421,1.359172,-0.507107,0.017122,1.086572,-0.541823,-0.000260,0.850797,-0.379759,-0.245131,0.942852,-0.284001,-0.324478,0.559010,-0.519559,-0.479337,0.226297,-0.456645,-0.524023,0.058630,-0.450741,-0.103561,0.926920,-0.420353,-0.149866,0.527220,-0.463872,-0.241577,0.103060,-0.311715,-0.183194,0.016827,0.802233,0.562827,0.100325
-0.403327,-0.164620,0.935727,-0.398240,-0.150884,1.030762,-0.380780,-0.131247,1.131988,-0.372752,-0.118090,1.226252,-0.363990,-0.105185,1.320378,-0.338393,-0.080461,1.451828,-0.307047,-0.060828,1.544980,-0.334268,-0.119106,1.396469,-0.269053,-0.255362,1.385641,-0.297143,-0.327272,1.116868,-0.317858,-0.387334,0.886474,-0.365035,-0.063378,1.391980,-0.447518,0.059845,1.361166,-0.498273,0.028171,1.088002,-0.525574,0.013402,0.851058,-0.365697,-0.234213,0.944412,-0.260823,-0.299209,0.560267,-0.482715,-0.463225,0.222335,-0.409782,-0.495333,0.056295,-0.440890,-0.094853,0.928264,-0.418974,-0.145914,0.528596,-0.463161,-0.240145,0.105051,-0.311713,-0.183204,0.017110,0.816561,0.557387,0.085001
-0.391256,-0.154552,0.936818,-0.386584,-0.140524,1.031831,-0.369650,-0.120375,1.133044,-0.361944,-0.107015,1.227307,-0.353477,-0.093943,1.321437,-0.328417,-0.068747,1.452900,-0.297633,-0.048743,1.546160,-0.323460,-0.107220,1.397606,-0.255044,-0.241887,1.386560,-0.282584,-0.313510,1.117656,-0.302492,-0.373173,0.887098,-0.355450,-0.052182,1.393157,-0.440567,0.069336,1.362724,-0.489173,0.039270,1.088990,-0.509056,0.027529,0.851127,-0.351488,-0.222929,0.945597,-0.238998,-0.273301,0.561356,-0.444380,-0.444265,0.216673,-0.362007,-0.463683,0.053525,-0.430963,-0.085998,0.929257,-0.417148,-0.141826,0.529848,-0.462364,-0.238773,0.107029,-0.311709,-0.183204,0.017340,0.825638,0.556482,0.067993
-0.378988,-0.144199,0.937508,-0.374763,-0.129858,1.032495,-0.358396,-0.109188,1.133696,-0.351038,-0.095632,1.227959,-0.342886,-0.082409,1.322095,-0.318402,-0.056771,1.453581,-0.288181,-0.036383,1.546942,-0.312591,-0.095070,1.398295,-0.241063,-0.228092,1.387076,-0.267970,-0.299612,1.118080,-0.286412,-0.358435,0.887191,-0.345816,-0.040768,1.393893,-0.433545,0.078959,1.363794,-0.479712,0.050373,1.089484,-0.492184,0.042223,0.850999,-0.337007,-0.211209,0.946400,-0.218749,-0.246649,0.562230,-0.404384,-0.422182,0.208965,-0.313130,-0.428806,0.049970,-0.420914,-0.077008,0.929833,-0.414731,-0.137595,0.530913,-0.461449,-0.237530,0.108954,-0.311691,-0.183190,0.017486,0.826178,0.560857,0.051402
-0.366609,-0.133590,0.937835,-0.362843,-0.118949,1.032796,-0.347064,-0.097769,1.133984,-0.340060,-0.084030,1.228247,-0.332229,-0.070669,1.322391,-0.308335,-0.044606,1.453903,-0.278669,-0.023829,1.547355,-0.301663,-0.082722,1.398591,-0.227060,-0.214028,1.387220,-0.253293,-0.285569,1.118164,-0.269709,-0.343189,0.886811,-0.336130,-0.029196,1.394244,-0.426467,0.088648,1.364428,-0.469985,0.061526,1.089535,-0.475043,0.057383,0.850678,-0.322380,-0.199122,0.946828,-0.199852,-0.219358,0.562937,-0.362896,-0.397251,0.199557,-0.263341,-0.390968,0.045981,-0.410787,-0.067870,0.930058,-0.411868,-0.133229,0.531854,-0.460449,-0.236346,0.110866,-0.311669,-0.183166,0.017579,0.821467,0.569766,0.033127
-0.354287,-0.122854,0.937753,-0.350943,-0.107937,1.032687,-0.335703,-0.086248,1.133851,-0.329001,-0.072306,1.228107,-0.321432,-0.058772,1.322248,-0.298044,-0.032230,1.453754,-0.268884,-0.011043,1.547275,-0.290551,-0.070172,1.398422,-0.212972,-0.199736,1.386932,-0.238491,-0.271213,1.117791,-0.252683,-0.327368,0.885933,-0.326231,-0.017441,1.394126,-0.419102,0.098473,1.364512,-0.459904,0.072824,1.089061,-0.457972,0.072825,0.850088,-0.307926,-0.186899,0.946825,-0.182017,-0.192440,0.563486,-0.321139,-0.368764,0.189626,-0.214364,-0.349125,0.042317,-0.400603,-0.058617,0.929895,-0.408617,-0.128896,0.532612,-0.459388,-0.235287,0.112701,-0.311659,-0.183142,0.017629,0.816246,0.584598,0.010913
-0.342136,-0.112122,0.937237,-0.339159,-0.096947,1.032143,-0.324381,-0.074742,1.133263,-0.317896,-0.060555,1.227497,-0.310497,-0.046790,1.321619,-0.287484,-0.019674,1.453074,-0.258763,0.001965,1.546627,-0.279223,-0.057453,1.397737,-0.198763,-0.185237,1.386158,-0.223571,-0.256500,1.116893,-0.235424,-0.310878,0.884490,-0.316086,-0.005540,1.393487,-0.411425,0.108375,1.363975,-0.449400,0.084275,1.087987,-0.440988,0.088542,0.849193,-0.293786,-0.174672,0.946362,-0.165335,-0.165951,0.563941,-0.279162,-0.336200,0.179113,-0.166158,-0.302483,0.038877,-0.390445,-0.049377,0.929326,-0.404914,-0.124674,0.533121,-0.458284,-0.234404,0.114400,-0.311668,-0.183121,0.017627,0.811051,0.606138,-0.017853
-0.330042,-0.101263,0.936312,-0.327397,-0.085853,1.031189,-0.313030,-0.063135,1.132254,-0.306710,-0.048682,1.226459,-0.299423,-0.034651,1.320550,-0.276699,-0.006906,1.451924,-0.248369,0.015205,1.545485,-0.267712,-0.044531,1.396588,-0.184468,-0.170508,1.384952,-0.208525,-0.241475,1.115540,-0.217843,-0.293812,0.882549,-0.305727,0.006545,1.392379,-0.403462,0.118413,1.362889,-0.438542,0.095871,1.086388,-0.424074,0.104541,0.848027,-0.279820,-0.162309,0.945467,-0.149716,-0.139835,0.564238,-0.236915,-0.300080,0.168077,-0.118762,-0.251834,0.035763,-0.380230,-0.040021,0.928370,-0.400823,-0.120486,0.533447,-0.457120,-0.233645,0.116021,-0.311689,-0.183099,0.017581,0.805347,0.633601,-0.050557
-0.317837,-0.090018,0.935005,-0.315493,-0.074411,1.029858,-0.301503,-0.051214,1.130868,-0.295322,-0.036500,1.225041,-0.288123,-0.022195,1.319097,-0.265652,0.006185,1.450380,-0.237686,0.028743,1.543944,-0.255988,-0.031299,1.395048,-0.170131,-0.155518,1.383411,-0.193266,-0.226106,1.113820,-0.199976,-0.276376,0.880281,-0.295090,0.018956,1.390878,-0.395068,0.128823,1.361357,-0.427443,0.107687,1.084407,-0.407525,0.120654,0.846610,-0.265922,-0.149643,0.944174,-0.134593,-0.114942,0.564197,-0.195475,-0.261257,0.157868,-0.074014,-0.198513,0.034037,-0.369722,-0.030195,0.927049,-0.396593,-0.116267,0.533723,-0.455876,-0.232917,0.117672,-0.311712,-0.183073,0.017532,0.802270,0.666021,-0.081613
-0.305555,-0.078347,0.933281,-0.303471,-0.062599,1.028118,-0.289811,-0.038965,1.129072,-0.283737,-0.023991,1.223211,-0.276594,-0.009396,1.317227,-0.254332,0.019647,1.448400,-0.226702,0.042621,1.541963,-0.244048,-0.017723,1.393083,-0.155780,-0.140256,1.381555,-0.177733,-0.210386,1.111747,-0.181830,-0.258605,0.877717,-0.284169,0.031725,1.388948,-0.386234,0.139627,1.359323,-0.416017,0.119757,1.081990,-0.391304,0.136908,0.844897,-0.252142,-0.136642,0.942429,-0.119747,-0.091759,0.563806,-0.154622,-0.219680,0.148623,-0.032139,-0.142063,0.034217,-0.358943,-0.019852,0.925349,-0.392514,-0.112191,0.533993,-0.454584,-0.232296,0.119322,-0.311735,-0.183041,0.017494,0.802774,0.703419,-0.109952
-0.293161,-0.066290,0.931177,-0.291308,-0.050440,1.026000,-0.277942,-0.026403,1.126899,-0.271950,-0.011172,1.221002,-0.264841,0.003720,1.314974,-0.242750,0.033432,1.446025,-0.215429,0.056798,1.539581,-0.231895,-0.003837,1.390729,-0.141387,-0.124733,1.379364,-0.161987,-0.194322,1.109308,-0.163398,-0.240465,0.874826,-0.272969,0.044820,1.386626,-0.376969,0.150804,1.356844,-0.404349,0.132046,1.079192,-0.375447,0.153275,0.842932,-0.238431,-0.123338,0.940284,-0.105398,-0.069800,0.563078,-0.114577,-0.175400,0.140205,0.007088,-0.082941,0.035784,-0.347871,-0.009039,0.923284,-0.388297,-0.108084,0.534213,-0.453212,-0.231705,0.121002,-0.311762,-0.183004,0.017451,0.805905,0.745773,-0.136643
-0.280381,-0.053702,0.928822,-0.278775,-0.037750,1.023633,-0.265713,-0.013361,1.124487,-0.259831,0.002088,1.218562,-0.252786,0.017231,1.312498,-0.230901,0.047516,1.443454,-0.203889,0.071213,1.537017,-0.219509,0.010363,1.388171,-0.126911,-0.108947,1.376872,-0.146122,-0.177908,1.106552,-0.144704,-0.222062,0.871688,-0.261443,0.058287,1.384099,-0.367162,0.162529,1.354190,-0.392811,0.144533,1.076316,-0.360353,0.169503,0.840870,-0.224537,-0.109666,0.937935,-0.091640,-0.048459,0.561868,-0.077073,-0.129416,0.133555,0.042507,-0.023839,0.038246,-0.336207,0.002465,0.920925,-0.383320,-0.103354,0.534380,-0.451638,-0.230824,0.122915,-0.311789,-0.182966,0.017403,0.811942,0.792048,-0.159305
-0.267198,-0.040651,0.926201,-0.265853,-0.024554,1.020992,-0.253103,0.000159,1.121807,-0.247362,0.015809,1.215858,-0.240419,0.031166,1.309767,-0.218786,0.061934,1.440653,-0.192085,0.085902,1.534237,-0.206888,0.024907,1.385386,-0.112328,-0.092853,1.374033,-0.130204,-0.161151,1.103451,-0.125727,-0.203422,0.868285,-0.249577,0.072164,1.381335,-0.356769,0.174872,1.351336,-0.381530,0.157150,1.073353,-0.346110,0.185593,0.838716,-0.210470,-0.095719,0.935388,-0.078571,-0.027953,0.560040,-0.041946,-0.080395,0.129319,0.073771,0.036134,0.041948,-0.323912,0.014622,0.918229,-0.377575,-0.098146,0.534546,-0.449898,-0.229745,0.125052,-0.311818,-0.182925,0.017346,0.819896,0.842378,-0.177495
-0.253628,-0.027070,0.923331,-0.252561,-0.010829,1.018100,-0.240132,0.014159,1.118888,-0.234560,0.029972,1.212922,-0.227751,0.045496,1.306814,-0.206405,0.076650,1.437656,-0.180015,0.100829,1.531273,-0.194034,0.039765,1.382397,-0.097661,-0.076496,1.370893,-0.114167,-0.144043,1.100033,-0.106489,-0.184519,0.864635,-0.237384,0.086413,1.378367,-0.345835,0.187762,1.348307,-0.370378,0.169964,1.070312,-0.332629,0.201543,0.836463,-0.196221,-0.081403,0.932637,-0.066093,-0.008066,0.557731,-0.009360,-0.029670,0.126851,0.101226,0.096085,0.046544,-0.311025,0.027470,0.915240,-0.371071,-0.092314,0.534659,-0.447956,-0.228377,0.127422,-0.311847,-0.182884,0.017282,0.830755,0.896629,-0.191656
-0.239440,-0.012620,0.920397,-0.238729,0.003684,1.015159,-0.226680,0.028807,1.115958,-0.221345,0.044658,1.209999,-0.214736,0.060211,1.303900,-0.193752,0.091526,1.434761,-0.167694,0.115826,1.528440,-0.180930,0.054854,1.379470,-0.082935,-0.060009,1.367619,-0.097909,-0.126551,1.096427,-0.087074,-0.165385,0.860870,-0.224854,0.100968,1.375481,-0.334381,0.201164,1.345455,-0.359349,0.183152,1.067520,-0.320051,0.217099,0.834249,-0.181517,-0.066377,0.929853,-0.054016,0.012460,0.555202,0.018450,0.017762,0.125157,0.124749,0.150643,0.050505,-0.297359,0.041343,0.912157,-0.363215,-0.084826,0.534562,-0.445586,-0.226121,0.130249,-0.311871,-0.182848,0.017222,0.847763,0.953372,-0.200733
-0.224444,0.002667,0.917401,-0.224240,0.018964,1.012166,-0.212678,0.044080,1.113024,-0.207689,0.059843,1.207099,-0.201377,0.075283,1.301041,-0.180855,0.106519,1.431995,-0.155156,0.130853,1.525765,-0.167606,0.070143,1.376628,-0.068225,-0.043465,1.364172,-0.081399,-0.108710,1.092574,-0.067383,-0.146095,0.856955,-0.211989,0.115824,1.372689,-0.322333,0.215173,1.342801,-0.348507,0.196799,1.065006,-0.308398,0.232171,0.832053,-0.166218,-0.050728,0.927097,-0.042348,0.034153,0.552575,0.040982,0.061127,0.124760,0.144074,0.199067,0.054219,-0.282673,0.056268,0.908920,-0.354015,-0.075980,0.534423,-0.442920,-0.223202,0.133596,-0.311890,-0.182816,0.017151,0.876140,1.013552,-0.204234
-0.208831,0.018824,0.914341,-0.209211,0.035030,1.009122,-0.198194,0.060002,1.110079,-0.193620,0.075550,1.204212,-0.187671,0.090739,1.298220,-0.167686,0.121673,1.429332,-0.142366,0.145950,1.523220,-0.154033,0.085664,1.373846,-0.053456,-0.026791,1.360592,-0.064667,-0.090486,1.088534,-0.047516,-0.126575,0.852927,-0.198787,0.130985,1.369980,-0.309765,0.229693,1.340324,-0.337788,0.210820,1.062740,-0.297648,0.246848,0.829895,-0.150463,-0.034369,0.924308,-0.031080,0.056485,0.549727,0.058737,0.101199,0.125137,0.159467,0.242098,0.057298,-0.267207,0.072217,0.905591,-0.343465,-0.065478,0.534074,-0.439826,-0.219396,0.137401,-0.311904,-0.182790,0.017083,0.910667,1.076224,-0.202653
-0.192944,0.036280,0.911406,-0.193816,0.052202,1.006231,-0.183310,0.076809,1.107330,-0.179140,0.091932,1.201549,-0.173567,0.106653,1.295652,-0.154166,0.136975,1.426990,-0.129236,0.161064,1.521029,-0.140115,0.101433,1.371314,-0.038429,-0.009907,1.357169,-0.047705,-0.071747,1.084613,-0.027862,-0.106633,0.849025,-0.185235,0.146399,1.367602,-0.296921,0.244404,1.338307,-0.326989,0.225141,1.060963,-0.287877,0.261143,0.827971,-0.134396,-0.016693,0.921478,-0.019999,0.079121,0.546552,0.070989,0.135302,0.123722,0.171612,0.276579,0.057049,-0.251505,0.089449,0.902552,-0.330952,-0.051394,0.532844,-0.435673,-0.213431,0.141699,-0.311908,-0.182780,0.017069,0.938922,1.137128,-0.196417
-0.176707,0.055419,0.908468,-0.177876,0.070792,1.003381,-0.167813,0.094745,1.104680,-0.164031,0.109159,1.199024,-0.158874,0.123123,1.293262,-0.140169,0.152421,1.424926,-0.115654,0.176137,1.519168,-0.125731,0.117464,1.368967,-0.023131,0.007059,1.353943,-0.030451,-0.052436,1.080818,-0.008384,-0.086246,0.845263,-0.171218,0.162081,1.365505,-0.283716,0.259322,1.336751,-0.316049,0.239922,1.059680,-0.279118,0.275109,0.826200,-0.117872,0.002729,0.918366,-0.009429,0.102319,0.542680,0.075933,0.162445,0.118882,0.179966,0.300399,0.050964,-0.235554,0.108299,0.899791,-0.315948,-0.033546,0.530479,-0.430090,-0.205561,0.146376,-0.312070,-0.182774,0.016260,0.959535,1.204050,-0.190182
-0.160196,0.075858,0.905655,-0.161571,0.090487,1.000684,-0.151916,0.113566,1.102227,-0.148512,0.127060,1.196723,-0.143784,0.140051,1.291124,-0.125821,0.168016,1.423184,-0.101730,0.191227,1.517661,-0.111003,0.133743,1.366870,-0.007574,0.024236,1.350874,-0.012966,-0.032611,1.077142,0.010882,-0.065438,0.841627,-0.156851,0.178016,1.363738,-0.270235,0.274431,1.335655,-0.305029,0.255003,1.058885,-0.271338,0.288692,0.824664,-0.101036,0.023467,0.915213,0.000955,0.125821,0.538481,0.075374,0.183620,0.112250,0.185072,0.315669,0.041551,-0.219365,0.128430,0.897320,-0.298983,-0.012116,0.527234,-0.423449,-0.195533,0.151545,-0.312224,-0.182784,0.015503,0.973877,1.269203,-0.179294
-0.143984,0.096877,0.903533,-0.145612,0.110663,0.998682,-0.136334,0.132782,1.100474,-0.133232,0.145276,1.195119,-0.128821,0.157219,1.289675,-0.111418,0.183764,1.422106,-0.087709,0.206455,1.516807,-0.096196,0.150247,1.365401,0.008398,0.042086,1.348140,0.004573,-0.012316,1.073871,0.029430,-0.044087,0.838318,-0.142466,0.194099,1.362698,-0.256974,0.289358,1.335299,-0.293904,0.269829,1.058805,-0.264515,0.301753,0.823798,-0.084461,0.044838,0.912729,0.012343,0.148522,0.534951,0.073999,0.199119,0.106165,0.189242,0.325567,0.033641,-0.203518,0.149090,0.895562,-0.281033,0.014275,0.523207,-0.416237,-0.181318,0.157586,-0.311865,-0.182854,0.017391,0.973639,1.304963,-0.150219
-0.128303,0.118731,0.902293,-0.130279,0.131533,0.997568,-0.121329,0.152551,1.099617,-0.118409,0.163911,1.194405,-0.114128,0.174674,1.289104,-0.096971,0.199629,1.421868,-0.073583,0.221763,1.516779,-0.081295,0.166970,1.364707,0.025024,0.060861,1.345623,0.022260,0.008414,1.070952,0.047162,-0.022138,0.835237,-0.128063,0.210316,1.362604,-0.244056,0.303914,1.335818,-0.282773,0.284257,1.059572,-0.259047,0.314437,0.823742,-0.068418,0.067051,0.911119,0.025926,0.170413,0.532562,0.072956,0.207531,0.101172,0.193260,0.329386,0.029111,-0.188208,0.170577,0.894692,-0.262341,0.047466,0.517832,-0.409031,-0.161412,0.164527,-0.311189,-0.184991,0.023313,0.950692,1.290202,-0.086686
-0.112921,0.141165,0.901744,-0.115292,0.152884,0.997150,-0.106639,0.172716,1.099461,-0.103826,0.182861,1.194388,-0.099562,0.192369,1.289220,-0.082471,0.215646,1.422296,-0.059360,0.237208,1.517406,-0.066317,0.183917,1.364641,0.042066,0.080309,1.343442,0.040001,0.029613,1.068438,0.064176,0.000354,0.832483,-0.113642,0.226681,1.363237,-0.231358,0.318288,1.337075,-0.271536,0.298430,1.061053,-0.254534,0.326598,0.824358,-0.052637,0.089897,0.910179,0.040514,0.191504,0.530843,0.071096,0.210267,0.096725,0.196342,0.327833,0.026084,-0.173238,0.192592,0.894535,-0.242664,0.085617,0.511675,-0.401254,-0.137319,0.172340,-0.310001,-0.187188,0.031878,0.913165,1.246048,-0.004967
-0.097716,0.162703,0.901881,-0.100516,0.173454,0.997394,-0.092192,0.192313,1.099922,-0.089482,0.201454,1.194961,-0.085219,0.209945,1.289896,-0.068183,0.231925,1.423208,-0.045303,0.253090,1.518465,-0.051576,0.201080,1.365140,0.058967,0.100148,1.342123,0.057333,0.051349,1.066781,0.080259,0.023347,0.830556,-0.099543,0.243137,1.364337,-0.219012,0.332671,1.338947,-0.259876,0.312215,1.063072,-0.249761,0.337661,0.825665,-0.036877,0.112062,0.910010,0.053727,0.210720,0.529367,0.069664,0.211852,0.093522,0.198453,0.326203,0.023757,-0.158599,0.213492,0.894980,-0.222250,0.124592,0.506544,-0.391667,-0.111530,0.181329,-0.307219,-0.183472,0.041512,0.877142,1.208255,0.059663
-0.082363,0.182591,0.902795,-0.085685,0.192534,0.998378,-0.077801,0.210757,1.101058,-0.075245,0.219238,1.196166,-0.071021,0.227110,1.291161,-0.054116,0.248431,1.424603,-0.031406,0.269475,1.519929,-0.037105,0.218387,1.366264,0.075652,0.120245,1.341968,0.073977,0.073882,1.066214,0.094915,0.047027,0.829684,-0.085827,0.259583,1.365859,-0.206966,0.347175,1.341541,-0.247167,0.325305,1.065685,-0.244171,0.346972,0.827782,-0.020688,0.132956,0.910762,0.064775,0.227855,0.527989,0.069171,0.213438,0.092062,0.199267,0.326221,0.021979,-0.144085,0.232360,0.896058,-0.200764,0.163379,0.502832,-0.379886,-0.084684,0.192151,-0.303761,-0.167900,0.044469,0.847938,1.196253,0.086776
-0.067187,0.201584,0.904394,-0.071064,0.210833,1.000024,-0.063653,0.228634,1.102811,-0.061247,0.236664,1.197960,-0.057047,0.244155,1.292985,-0.040261,0.265199,1.426483,-0.017675,0.286297,1.521825,-0.022871,0.235909,1.367953,0.092197,0.140732,1.342676,0.090212,0.096951,1.066502,0.108640,0.071208,0.829639,-0.072433,0.276119,1.367849,-0.195270,0.361689,1.344748,-0.234034,0.338006,1.068836,-0.238320,0.355185,0.830591,-0.004521,0.153170,0.912285,0.074448,0.243115,0.526854,0.069105,0.213872,0.091846,0.199109,0.326162,0.020901,-0.129900,0.250113,0.897737,-0.178542,0.202988,0.500144,-0.366294,-0.056142,0.204147,-0.298413,-0.153937,0.061466,0.820238,1.190613,0.096800
-0.053047,0.220458,0.906405,-0.057312,0.229225,1.002067,-0.050239,0.246739,1.104926,-0.047880,0.254419,1.200104,-0.043617,0.261599,1.295148,-0.026871,0.282439,1.428679,-0.004398,0.303648,1.524023,-0.009091,0.253848,1.369964,0.108268,0.161728,1.343878,0.106411,0.119839,1.067400,0.122708,0.095284,0.830241,-0.059512,0.292983,1.370180,-0.184210,0.376072,1.348117,-0.222038,0.351109,1.072175,-0.232666,0.363689,0.833760,0.010506,0.173169,0.914229,0.082734,0.256041,0.525978,0.069175,0.214223,0.092070,0.198919,0.326149,0.020175,-0.116648,0.267852,0.899818,-0.156833,0.242313,0.499106,-0.350803,-0.026474,0.215650,-0.288221,-0.130879,0.075248,0.794176,1.168808,0.115742
-0.040309,0.239635,0.908842,-0.044755,0.248189,1.004518,-0.037823,0.265529,1.107419,-0.035351,0.272912,1.202618,-0.030883,0.279776,1.297676,-0.014016,0.300353,1.431233,0.008367,0.321682,1.526571,0.004191,0.272400,1.372292,0.123846,0.183522,1.345495,0.122972,0.142272,1.068913,0.137665,0.118987,0.831515,-0.047122,0.310333,1.372927,-0.174021,0.390135,1.351594,-0.212000,0.365159,1.075667,-0.227574,0.373047,0.837301,0.023918,0.193255,0.916622,0.089442,0.265897,0.525301,0.069271,0.214764,0.092476,0.198990,0.326217,0.019791,-0.104588,0.286121,0.902298,-0.135861,0.281159,0.500013,-0.333213,0.003625,0.227234,-0.272322,-0.095996,0.081803,0.774200,1.109361,0.162757
-0.028607,0.258694,0.911690,-0.033066,0.267245,1.007366,-0.026141,0.284546,1.110273,-0.023453,0.291733,1.205482,-0.018695,0.298351,1.300542,-0.001625,0.318740,1.434103,0.020679,0.340245,1.529420,0.017021,0.291369,1.374940,0.138949,0.205824,1.347607,0.139497,0.164525,1.071035,0.152965,0.142585,0.833437,-0.035205,0.328010,1.376017,-0.164468,0.404067,1.355232,-0.203097,0.379609,1.079347,-0.222679,0.382696,0.841201,0.036189,0.213127,0.919436,0.094764,0.273420,0.524881,0.069503,0.215222,0.093323,0.199028,0.326330,0.019760,-0.093461,0.304376,0.905179,-0.115403,0.319719,0.502570,-0.313723,0.034849,0.238323,-0.252076,-0.052881,0.085865,0.755864,1.033749,0.218690
-0.017703,0.277154,0.914632,-0.021930,0.285826,1.010304,-0.014891,0.303217,1.113187,-0.011948,0.310337,1.208392,-0.006922,0.316839,1.303447,0.010264,0.337208,1.436995,0.032429,0.358975,1.532285,0.029321,0.310377,1.377679,0.153300,0.227879,1.350084,0.155166,0.186701,1.073500,0.168245,0.166280,0.835751,-0.023748,0.345781,1.379103,-0.155133,0.418301,1.358732,-0.194423,0.393610,1.082968,-0.217339,0.392333,0.845088,0.047625,0.232341,0.922231,0.099257,0.280359,0.524919,0.069916,0.215845,0.094584,0.199094,0.326504,0.019770,-0.083088,0.322089,0.908267,-0.096043,0.357472,0.506502,-0.292838,0.068717,0.245526,-0.230097,-0.004198,0.086539,0.725965,0.983878,0.252088
-0.007770,0.294599,0.917682,-0.011386,0.303572,1.013346,-0.004062,0.321233,1.116161,-0.000815,0.328460,1.211348,0.004429,0.335016,1.306387,0.021572,0.355579,1.439912,0.043497,0.377698,1.535176,0.040984,0.329282,1.380538,0.166697,0.249366,1.353105,0.169613,0.208845,1.076434,0.183456,0.190038,0.838589,-0.012832,0.363534,1.382171,-0.145959,0.432899,1.362062,-0.185742,0.406635,1.086520,-0.211295,0.401791,0.848917,0.058071,0.250488,0.924945,0.102844,0.287140,0.525570,0.070528,0.216721,0.096328,0.199197,0.326825,0.019737,-0.073661,0.338835,0.911650,-0.078199,0.394483,0.512099,-0.270764,0.105910,0.247433,-0.207271,0.050507,0.082466,0.672588,0.981054,0.245992
0.001365,0.311446,0.920826,-0.001395,0.320843,1.016478,0.006334,0.338902,1.119194,0.009926,0.346365,1.214350,0.015364,0.353106,1.309366,0.032379,0.374030,1.442852,0.054003,0.396588,1.538083,0.052118,0.348225,1.383486,0.179340,0.270606,1.356492,0.183205,0.230912,1.079712,0.198646,0.213891,0.841820,-0.002376,0.381379,1.385236,-0.137004,0.447799,1.365254,-0.177288,0.419211,1.090012,-0.204807,0.411238,0.852731,0.067681,0.267979,0.927639,0.105604,0.293338,0.526679,0.071321,0.217763,0.098487,0.199328,0.327206,0.019744,-0.064988,0.355039,0.915240,-0.061453,0.430687,0.519073,-0.247295,0.145745,0.245453,-0.182712,0.110782,0.075006,0.607648,1.003970,0.217360
0.010462,0.328459,0.923705,0.008480,0.338149,1.019352,0.016560,0.356575,1.121978,0.020445,0.364299,1.217102,0.026032,0.371297,1.312090,0.042882,0.392711,1.445518,0.064202,0.415796,1.540691,0.062968,0.367262,1.386198,0.191557,0.291804,1.359572,0.196217,0.252866,1.082695,0.213607,0.238138,0.844801,0.007877,0.399422,1.387996,-0.128029,0.463240,1.368107,-0.168859,0.432059,1.093229,-0.198009,0.420869,0.856295,0.077215,0.285594,0.930062,0.108330,0.299431,0.527971,0.072277,0.218961,0.100834,0.199524,0.327404,0.019728,-0.056318,0.371450,0.918574,-0.045137,0.465360,0.526288,-0.222328,0.187697,0.240416,-0.156376,0.172599,0.067349,0.553697,1.030604,0.185615
0.019770,0.345945,0.926285,0.018356,0.355649,1.021942,0.026655,0.374327,1.124505,0.030731,0.382296,1.219602,0.036396,0.389609,1.314562,0.053043,0.411658,1.447910,0.074052,0.435376,1.542995,0.073547,0.386369,1.388674,0.203389,0.313022,1.362210,0.208536,0.274718,1.085252,0.228207,0.262910,0.847384,0.017952,0.417664,1.390443,-0.118984,0.479308,1.370657,-0.160489,0.445317,1.096223,-0.190935,0.430636,0.859639,0.086923,0.303648,0.932200,0.111373,0.305571,0.529418,0.073449,0.220324,0.103362,0.199862,0.327252,0.019672,-0.047405,0.388366,0.921594,-0.029101,0.498354,0.533685,-0.195493,0.231155,0.232021,-0.127939,0.233976,0.060352,0.520171,1.056951,0.155573
0.029040,0.363596,0.928600,0.028116,0.373185,1.024274,0.036580,0.392084,1.126783,0.040796,0.400321,1.221851,0.046494,0.408022,1.316779,0.062902,0.430835,1.450029,0.083594,0.455275,1.545001,0.083842,0.405569,1.390913,0.214795,0.334199,1.364542,0.220275,0.296458,1.087514,0.242578,0.288074,0.849717,0.027824,0.436103,1.392584,-0.109919,0.495917,1.372868,-0.152144,0.458848,1.098941,-0.183551,0.440589,0.862733,0.096556,0.321827,0.934066,0.114382,0.311605,0.531049,0.074785,0.221844,0.106078,0.200265,0.326918,0.019592,-0.038495,0.405489,0.924358,-0.013496,0.529818,0.541325,-0.167159,0.276729,0.220569,-0.097724,0.296897,0.053158,0.497632,1.087015,0.122418
0.038282,0.381263,0.930396,0.037846,0.390797,1.026078,0.046489,0.409968,1.128521,0.050847,0.418524,1.223554,0.056583,0.426657,1.318443,0.072778,0.450279,1.451579,0.093212,0.475476,1.546409,0.094064,0.424981,1.392584,0.225973,0.355349,1.366304,0.232050,0.318009,1.089237,0.256900,0.313530,0.851592,0.037678,0.454836,1.394145,-0.100747,0.513048,1.374429,-0.143506,0.472967,1.101003,-0.175890,0.451075,0.865239,0.106123,0.339972,0.935444,0.117106,0.317557,0.532680,0.076111,0.223482,0.108774,0.200544,0.326659,0.019474,-0.029575,0.422678,0.926573,0.001894,0.559472,0.548249,-0.138336,0.325725,0.207790,-0.066657,0.363288,0.046387,0.480323,1.110799,0.091125
0.047580,0.398873,0.931597,0.047662,0.408460,1.027274,0.056512,0.427974,1.129635,0.061024,0.436906,1.224626,0.066800,0.445514,1.319471,0.082798,0.469976,1.452478,0.103044,0.495964,1.547134,0.104290,0.444607,1.393597,0.236979,0.376420,1.367428,0.244206,0.339274,1.090366,0.271368,0.339317,0.852953,0.047587,0.473862,1.395035,-0.091393,0.530720,1.375227,-0.134403,0.487758,1.102278,-0.167879,0.462083,0.867058,0.115715,0.358015,0.936255,0.119282,0.323276,0.534281,0.077383,0.225184,0.111362,0.200594,0.326599,0.019303,-0.020561,0.439855,0.928163,0.017498,0.587258,0.554392,-0.109422,0.379060,0.193335,-0.034999,0.434666,0.039389,0.465433,1.121529,0.065275
0.056850,0.416497,0.932278,0.057449,0.426199,1.027943,0.066518,0.446108,1.130209,0.071187,0.455466,1.225152,0.077009,0.464592,1.319946,0.092837,0.489940,1.452808,0.112952,0.516754,1.547262,0.114444,0.464444,1.394043,0.247759,0.397464,1.367981,0.256398,0.360350,1.090957,0.285787,0.365394,0.853855,0.057478,0.493182,1.395344,-0.081931,0.548914,1.375376,-0.125007,0.503136,1.102897,-0.159590,0.473624,0.868290,0.125242,0.376023,0.936578,0.121172,0.328913,0.535883,0.078646,0.227006,0.113930,0.200519,0.326614,0.019094,-0.011536,0.457098,0.929204,0.032887,0.613235,0.559820,-0.080018,0.435817,0.177552,-0.002489,0.509516,0.032814,0.455772,1.125978,0.041287
0.065848,0.434200,0.932420,0.066941,0.444131,1.028056,0.076262,0.464503,1.130208,0.081129,0.474337,1.225092,0.087058,0.484014,1.319824,0.102834,0.510264,1.452517,0.122901,0.537882,1.546750,0.124500,0.484605,1.393861,0.258344,0.418653,1.367911,0.268200,0.381464,1.090934,0.299757,0.391544,0.854260,0.067310,0.512894,1.395061,-0.072492,0.567556,1.374906,-0.115520,0.519165,1.102867,-0.151275,0.486084,0.868901,0.134447,0.394037,0.936431,0.123314,0.334945,0.537398,0.079865,0.229074,0.116530,0.200436,0.326596,0.018872,-0.002735,0.474491,0.929634,0.046981,0.637302,0.563774,-0.049939,0.494551,0.163219,0.030727,0.585215,0.029232,0.454010,1.134469,0.013396
0.074430,0.451788,0.932010,0.076024,0.462146,1.027592,0.085671,0.483103,1.129592,0.090819,0.493500,1.224400,0.096961,0.503782,1.319053,0.112876,0.530966,1.451540,0.133007,0.559375,1.545523,0.134525,0.505110,1.392980,0.268805,0.440002,1.367136,0.279509,0.402665,1.090210,0.313211,0.417810,0.854118,0.077140,0.533004,1.394147,-0.063054,0.586568,1.373775,-0.105874,0.535888,1.102115,-0.143006,0.499555,0.868848,0.143177,0.411855,0.935816,0.125737,0.341273,0.538870,0.080929,0.231430,0.119145,0.200385,0.326501,0.018668,0.005708,0.491855,0.929428,0.058983,0.659233,0.566017,-0.018580,0.556054,0.150585,0.064664,0.663064,0.028964,0.464447,1.147164,-0.021364
0.082741,0.469455,0.931059,0.084811,0.480354,1.026571,0.094819,0.501965,1.128401,0.100287,0.512976,1.223121,0.106703,0.523893,1.317685,0.122876,0.552027,1.449942,0.143154,0.581207,1.543656,0.144453,0.525938,1.391472,0.279071,0.461495,1.365738,0.290428,0.423903,1.088873,0.326216,0.444148,0.853479,0.086911,0.553505,1.392642,-0.053639,0.606028,1.372025,-0.096137,0.553263,1.100713,-0.134710,0.513944,0.868174,0.151586,0.429678,0.934732,0.128411,0.347996,0.540256,0.081949,0.234032,0.121792,0.200326,0.326372,0.018450,0.013928,0.509370,0.928611,0.069691,0.679254,0.566786,0.013455,0.619534,0.139402,0.099307,0.741763,0.031689,0.482783,1.163901,-0.060028
0.090968,0.487840,0.929578,0.093384,0.499203,1.025031,0.103683,0.521394,1.126708,0.109422,0.532962,1.221348,0.116084,0.544467,1.315827,0.132524,0.573481,1.447862,0.152962,0.603325,1.541333,0.154058,0.547143,1.389488,0.288965,0.483251,1.363897,0.300849,0.445248,1.087112,0.338572,0.470212,0.852451,0.096406,0.574476,1.390656,-0.044446,0.626101,1.369814,-0.086707,0.571222,1.098889,-0.126421,0.529356,0.866977,0.159871,0.448161,0.933185,0.131783,0.355894,0.541345,0.083214,0.236890,0.124566,0.200258,0.326227,0.018151,0.022100,0.527663,0.927194,0.080425,0.697942,0.566030,0.044540,0.681164,0.131694,0.134465,0.814786,0.039020,0.498784,1.194519,-0.099460
0.098907,0.506960,0.927451,0.101496,0.518653,1.022861,0.112019,0.541361,1.124402,0.118001,0.553471,1.218959,0.124924,0.565583,1.313343,0.141720,0.595530,1.445126,0.162365,0.625948,1.538367,0.163257,0.568860,1.386887,0.298418,0.505408,1.361528,0.310632,0.466681,1.084858,0.350173,0.495939,0.850991,0.105550,0.596077,1.388051,-0.035549,0.646972,1.367089,-0.077750,0.589725,1.096651,-0.118240,0.545848,0.865234,0.167838,0.467335,0.931071,0.135655,0.364572,0.542193,0.084726,0.239789,0.127316,0.200167,0.326053,0.017662,0.030006,0.546731,0.925054,0.091710,0.714822,0.563438,0.074967,0.741903,0.129446,0.172073,0.881169,0.054138,0.508768,1.246557,-0.143752
0.106762,0.526798,0.924794,0.109392,0.538743,1.020170,0.120073,0.561894,1.121595,0.126245,0.574490,1.216076,0.133403,0.587162,1.310370,0.150562,0.617972,1.441907,0.171428,0.648857,1.534945,0.172133,0.590952,1.383810,0.307498,0.527829,1.358717,0.319917,0.488220,1.082180,0.361126,0.521392,0.849143,0.114417,0.618147,1.384965,-0.026874,0.668456,1.363903,-0.069101,0.608812,1.093990,-0.110066,0.563364,0.862968,0.175682,0.487168,0.928495,0.140224,0.374424,0.542744,0.086485,0.242943,0.130193,0.200068,0.325861,0.017093,0.037864,0.566576,0.922313,0.103021,0.730369,0.559321,0.104445,0.800791,0.130673,0.210197,0.941876,0.073862,0.516417,1.312477,-0.188813
0.115336,0.547952,0.921959,0.117897,0.560037,1.017319,0.128553,0.583382,1.118701,0.134709,0.596185,1.213155,0.141865,0.609087,1.307417,0.159043,0.640239,1.438870,0.179970,0.671355,1.531817,0.180713,0.613065,1.380840,0.316237,0.550216,1.355907,0.329010,0.509991,1.079475,0.371550,0.546405,0.847147,0.123007,0.640282,1.381928,-0.018389,0.690160,1.360575,-0.060657,0.628544,1.091105,-0.101633,0.581839,0.860340,0.184181,0.508213,0.925787,0.146530,0.387413,0.542611,0.088771,0.247010,0.133746,0.200001,0.325714,0.016709,0.046506,0.587841,0.919351,0.114100,0.746573,0.554559,0.130467,0.851126,0.131451,0.242839,0.993273,0.090265,0.522551,1.379499,-0.219231
0.125056,0.570597,0.918895,0.127473,0.582748,1.014254,0.137885,0.605989,1.115689,0.143742,0.618641,1.210185,0.150554,0.631325,1.304504,0.167217,0.662097,1.436116,0.187958,0.693152,1.529127,0.189060,0.635060,1.378031,0.324719,0.572514,1.353071,0.338185,0.532010,1.076712,0.381472,0.571022,0.844924,0.131379,0.662333,1.378953,-0.010007,0.711976,1.356999,-0.052455,0.648927,1.087882,-0.092813,0.601270,0.857200,0.193732,0.530588,0.922895,0.154533,0.404105,0.541601,0.091072,0.251525,0.138148,0.199986,0.325652,0.016728,0.056394,0.610757,0.916118,0.124533,0.763666,0.548994,0.151939,0.889931,0.130988,0.267083,1.033587,0.102344,0.526220,1.446936,-0.227929
0.135494,0.594558,0.915655,0.137656,0.606663,1.011028,0.147644,0.629550,1.112590,0.152994,0.641772,1.207176,0.159226,0.653908,1.301611,0.175029,0.683779,1.433542,0.195425,0.714536,1.526730,0.197111,0.657076,1.375328,0.332860,0.594779,1.350237,0.347167,0.554260,1.073921,0.390866,0.595200,0.842553,0.139475,0.684450,1.376027,-0.001815,0.734013,1.353281,-0.044459,0.669956,1.084434,-0.083733,0.621660,0.853698,0.203939,0.554175,0.919871,0.164272,0.423933,0.539908,0.093900,0.256951,0.143226,0.200004,0.325634,0.016933,0.067067,0.635093,0.912665,0.134735,0.781417,0.542783,0.169955,0.920184,0.130075,0.285845,1.064590,0.111103,0.528374,1.515475,-0.221984
0.146171,0.619908,0.912746,0.147875,0.631702,1.008162,0.157266,0.653953,1.109914,0.161969,0.665484,1.204615,0.167500,0.676811,1.299189,0.182298,0.705411,1.431509,0.202283,0.735675,1.524943,0.204701,0.679168,1.373145,0.340431,0.616883,1.347933,0.355439,0.576823,1.071590,0.399770,0.618643,0.840511,0.147124,0.706669,1.373632,0.005960,0.756205,1.350059,-0.036458,0.691663,1.081296,-0.074512,0.642963,0.850442,0.214391,0.579169,0.917205,0.176904,0.447164,0.537732,0.099086,0.265339,0.149017,0.200039,0.325595,0.016940,0.077967,0.660796,0.909519,0.145695,0.801121,0.537286,0.185295,0.944111,0.127157,0.301884,1.087970,0.111626,0.532675,1.574399,-0.207216
0.157220,0.647245,0.910159,0.158064,0.658365,1.005658,0.166568,0.679584,1.107695,0.170417,0.690054,1.202545,0.175100,0.700201,1.297284,0.188750,0.727005,1.430080,0.208252,0.756514,1.523851,0.211606,0.701392,1.371530,0.347162,0.638774,1.346211,0.362823,0.599787,1.069750,0.408359,0.641293,0.838837,0.154104,0.729045,1.371854,0.013024,0.778440,1.347477,-0.028534,0.714102,1.078531,-0.065280,0.665328,0.847482,0.225216,0.606171,0.914981,0.193207,0.474379,0.534882,0.107757,0.277587,0.155242,0.200307,0.325461,0.015397,0.089232,0.688462,0.906572,0.158397,0.823831,0.532761,0.198212,0.961049,0.120609,0.316473,1.102285,0.098896,0.542644,1.631580,-0.186855
0.168507,0.675971,0.907904,0.168288,0.686153,1.003513,0.175733,0.706057,1.105899,0.178588,0.715204,1.200922,0.182301,0.723911,1.295848,0.194659,0.748549,1.429191,0.213612,0.777107,1.523369,0.218050,0.723693,1.370434,0.353323,0.660505,1.345020,0.369496,0.623062,1.068370,0.416458,0.663208,0.837491,0.160637,0.751525,1.370607,0.019672,0.800831,1.345392,-0.020604,0.737220,1.076076,-0.055907,0.688605,0.844769,0.236286,0.634579,0.913115,0.212402,0.504996,0.531548,0.118786,0.292796,0.162180,0.200591,0.325307,0.013657,0.100724,0.717496,0.903933,0.171857,0.848495,0.528950,0.208453,0.971661,0.112055,0.328340,1.108977,0.077930,0.554761,1.679147,-0.157671
0.179151,0.704364,0.906525,0.178171,0.713491,1.002243,0.184744,0.732106,1.104942,0.186735,0.740008,1.200110,0.189553,0.747410,1.295190,0.200664,0.770129,1.429003,0.219120,0.797786,1.523553,0.224540,0.745962,1.370126,0.359498,0.682101,1.344733,0.375467,0.646465,1.067839,0.423583,0.684270,0.836826,0.167221,0.773983,1.370120,0.026554,0.823649,1.344011,-0.012213,0.760902,1.074273,-0.046116,0.712297,0.842753,0.246810,0.662785,0.911841,0.233314,0.537540,0.528506,0.130613,0.310318,0.170711,0.200230,0.325286,0.015381,0.111480,0.746065,0.902452,0.184106,0.873242,0.526433,0.216044,0.980170,0.104810,0.336425,1.114061,0.058860,0.562114,1.682764,-0.115799
0.188631,0.732085,0.906183,0.187472,0.740020,1.002002,0.193517,0.757435,1.104945,0.194874,0.764255,1.200210,0.196918,0.770602,1.295389,0.206829,0.791838,1.429542,0.224874,0.818674,1.524407,0.231105,0.768260,1.370719,0.365709,0.703592,1.345522,0.380556,0.670026,1.068307,0.429706,0.704257,0.836976,0.173877,0.796464,1.370477,0.033842,0.847284,1.343298,-0.003196,0.785245,1.073152,-0.035702,0.736104,0.841546,0.256361,0.690578,0.911098,0.256412,0.571717,0.525704,0.142826,0.329752,0.181454,0.197483,0.322986,0.022832,0.120888,0.773699,0.902506,0.194537,0.898519,0.525818,0.220343,0.987851,0.100089,0.339128,1.119423,0.044554,0.563303,1.606634,-0.052768
0.197467,0.759474,0.906717,0.196431,0.766099,1.002636,0.202135,0.782339,1.105787,0.202989,0.788156,1.201121,0.204333,0.793583,1.296364,0.213090,0.813584,1.430781,0.230776,0.839647,1.525926,0.237714,0.790527,1.372100,0.371934,0.724950,1.347215,0.384943,0.693715,1.069625,0.434855,0.723392,0.837806,0.180585,0.818924,1.371594,0.041365,0.871347,1.343290,0.006284,0.810152,1.072683,-0.024871,0.760327,0.841038,0.265365,0.718168,0.910948,0.281226,0.607820,0.523194,0.155837,0.351499,0.193789,0.194090,0.320818,0.033748,0.129560,0.800868,0.903718,0.203758,0.923879,0.526497,0.221993,0.993428,0.096677,0.338050,1.123178,0.032145,0.559729,1.486554,0.022950
0.206342,0.785829,0.908186,0.205396,0.791230,1.004187,0.210835,0.806436,1.107512,0.211280,0.811416,1.202897,0.212058,0.816116,1.298188,0.219898,0.835177,1.432801,0.237290,0.860670,1.528157,0.244792,0.812475,1.374188,0.378699,0.746117,1.349676,0.389173,0.717248,1.071732,0.438633,0.742226,0.839264,0.187781,0.841109,1.373452,0.049258,0.894944,1.344301,0.016186,0.835214,1.073124,-0.013958,0.785362,0.841350,0.274312,0.744577,0.911803,0.305166,0.645251,0.521905,0.169324,0.376115,0.206735,0.194612,0.326180,0.045009,0.138366,0.827152,0.905801,0.211625,0.946110,0.527226,0.222948,0.997299,0.094240,0.336941,1.125684,0.023158,0.548692,1.395591,0.089813
0.215592,0.810958,0.910862,0.214580,0.815177,1.006920,0.219808,0.829492,1.110384,0.219946,0.833833,1.205805,0.220336,0.838055,1.301125,0.227607,0.856578,1.435852,0.244772,0.881796,1.531325,0.252666,0.833986,1.377138,0.386417,0.767112,1.353141,0.392952,0.740821,1.074871,0.440132,0.761052,0.841506,0.195802,0.862922,1.376225,0.057699,0.917650,1.346677,0.026811,0.860327,1.074740,-0.002943,0.811279,0.842729,0.283432,0.769456,0.914016,0.327359,0.684551,0.522132,0.182995,0.403870,0.221175,0.200664,0.341277,0.056689,0.147745,0.852515,0.908948,0.217913,0.963859,0.527577,0.223643,0.999054,0.092841,0.337045,1.126651,0.019040,0.522965,1.372343,0.140015
0.224881,0.835052,0.914474,0.223769,0.838175,1.010570,0.228862,0.851740,1.114140,0.228788,0.855608,1.209579,0.228924,0.859546,1.304909,0.235864,0.877828,1.439683,0.252865,0.902972,1.535204,0.261008,0.855178,1.380795,0.394675,0.787918,1.357374,0.396574,0.764238,1.078800,0.440262,0.779576,0.844375,0.204311,0.884461,1.379741,0.066511,0.939890,1.350073,0.037858,0.885596,1.077265,0.008154,0.838008,0.844928,0.292495,0.793154,0.917235,0.348677,0.725179,0.523581,0.197141,0.434494,0.236226,0.210631,0.363903,0.068714,0.157258,0.876992,0.912965,0.222848,0.978479,0.527978,0.223644,0.999104,0.092416,0.337118,1.126369,0.018346,0.489776,1.378212,0.181362
0.233881,0.857991,0.918271,0.232672,0.860431,1.014389,0.237661,0.873503,1.118029,0.237415,0.877055,1.213479,0.237353,0.880789,1.308815,0.244063,0.898856,1.443626,0.260965,0.924009,1.539161,0.269254,0.876116,1.384621,0.402766,0.808427,1.361525,0.401465,0.786638,1.082735,0.441346,0.797478,0.847351,0.212743,0.905766,1.383459,0.075302,0.962050,1.353765,0.048389,0.910927,1.080154,0.018933,0.865743,0.847334,0.301288,0.815745,0.920815,0.369147,0.764910,0.526294,0.212320,0.467736,0.248248,0.224232,0.394831,0.077741,0.166463,0.900271,0.916986,0.226964,0.990818,0.528462,0.223606,0.999077,0.092443,0.337183,1.126069,0.018261,0.468107,1.370463,0.215717
0.242293,0.879450,0.922208,0.241016,0.881837,1.018330,0.245935,0.894773,1.121992,0.245556,0.898207,1.217447,0.245341,0.901803,1.312789,0.251903,0.919606,1.447643,0.268771,0.944841,1.543162,0.277115,0.896764,1.388633,0.410329,0.828543,1.365394,0.408563,0.807544,1.086520,0.444271,0.814486,0.850340,0.220825,0.926816,1.387404,0.083890,0.984284,1.357666,0.057872,0.936420,1.083382,0.028954,0.894822,0.849842,0.309520,0.836920,0.924787,0.388752,0.802842,0.530627,0.228667,0.503501,0.256226,0.241876,0.435705,0.082561,0.175053,0.922013,0.920888,0.230313,1.000517,0.529074,0.223777,0.999444,0.092873,0.337248,1.126148,0.018032,0.463571,1.326627,0.249967
0.250416,0.899754,0.926329,0.249075,0.902502,1.022439,0.253953,0.915557,1.126087,0.253482,0.919031,1.221540,0.253170,0.922569,1.316884,0.259684,0.940135,1.451771,0.276584,0.965533,1.547241,0.284881,0.917157,1.392814,0.417724,0.848364,1.369181,0.416930,0.827433,1.090311,0.448152,0.830870,0.853436,0.228831,0.947632,1.391552,0.092458,1.006437,1.361864,0.066838,0.961976,1.086974,0.038658,0.924906,0.852557,0.317483,0.856988,0.929121,0.407509,0.839877,0.536225,0.246046,0.541884,0.261177,0.263153,0.484882,0.084383,0.183333,0.942557,0.924794,0.232844,1.007935,0.529769,0.223910,0.999734,0.093754,0.337305,1.126209,0.018412,0.470555,1.269173,0.277225
0.258818,0.919752,0.930020,0.257376,0.922956,1.026112,0.262182,0.936195,1.129739,0.261618,0.939738,1.225188,0.261219,0.943227,1.320533,0.267699,0.960552,1.455452,0.284697,0.986100,1.550865,0.292853,0.937464,1.396579,0.425325,0.868071,1.372635,0.425172,0.846864,1.093798,0.452658,0.847117,0.856400,0.237012,0.968309,1.395300,0.101155,1.028433,1.365896,0.075944,0.987201,1.090462,0.048966,0.955171,0.855175,0.325841,0.876941,0.933085,0.425495,0.876492,0.542060,0.264608,0.582925,0.262508,0.286556,0.538208,0.083487,0.191776,0.962605,0.928206,0.234939,1.014991,0.530445,0.223917,1.000170,0.094713,0.337348,1.126295,0.018846,0.491205,1.222779,0.278699
0.267761,0.939594,0.933152,0.266191,0.943319,1.029222,0.270880,0.956782,1.132825,0.270212,0.960397,1.228270,0.269718,0.963820,1.323617,0.276141,0.980871,1.458575,0.293317,1.006525,1.553927,0.301215,0.957714,1.399824,0.433333,0.887684,1.375780,0.432721,0.866010,1.096980,0.457684,0.863293,0.859296,0.245534,0.988850,1.398540,0.110094,1.050223,1.369815,0.085549,1.011938,1.093895,0.060299,0.985406,0.857753,0.334908,0.897006,0.936531,0.442996,0.912796,0.548048,0.284428,0.626639,0.259626,0.311793,0.594539,0.079197,0.200595,0.982232,0.931018,0.236411,1.022212,0.531113,0.223626,1.000946,0.095657,0.337362,1.126439,0.019205,0.533990,1.197904,0.237805
0.276982,0.959130,0.935854,0.275249,0.963471,1.031895,0.279790,0.977222,1.135467,0.279017,0.980939,1.230908,0.278438,0.984305,1.326257,0.284816,1.001078,1.461251,0.302237,1.026824,1.556534,0.309783,0.977878,1.402653,0.441546,0.907184,1.378591,0.440145,0.884698,1.099857,0.463335,0.879331,0.862059,0.254232,1.009252,1.401380,0.119163,1.071855,1.373569,0.095293,1.036344,1.097225,0.072235,1.015822,0.860235,0.344371,0.916958,0.939608,0.459727,0.948680,0.554274,0.305431,0.673010,0.253125,0.339156,0.655020,0.072188,0.209576,1.001362,0.933336,0.237448,1.029072,0.531762,0.223209,1.001868,0.096679,0.337361,1.126608,0.019618,0.590442,1.184090,0.171125
0.286258,0.978756,0.937891,0.284260,0.983588,1.033905,0.288601,0.997576,1.137454,0.287711,1.001372,1.232891,0.287063,1.004691,1.328241,0.293436,1.021238,1.463263,0.311136,1.047057,1.558475,0.318309,0.998034,1.404786,0.449733,0.926701,1.380747,0.447756,0.902973,1.102124,0.469599,0.895518,0.864258,0.262867,1.029608,1.403533,0.128181,1.093395,1.376543,0.104752,1.060495,1.099837,0.084429,1.046227,0.862148,0.353944,0.937103,0.942031,0.474912,0.984298,0.559969,0.327533,0.722032,0.244199,0.368005,0.718931,0.064771,0.218552,1.020476,0.934981,0.238995,1.035914,0.532262,0.223093,1.002574,0.097682,0.337393,1.126742,0.019916,0.637298,1.174643,0.109615
0.295499,0.998659,0.939194,0.293073,1.003724,1.035187,0.297120,1.017819,1.138733,0.296079,1.021623,1.234168,0.295364,1.024880,1.329519,0.301762,1.041247,1.464563,0.319770,1.067111,1.559705,0.326593,1.018135,1.406150,0.457698,0.946190,1.382201,0.455652,0.920691,1.103739,0.476621,0.911855,0.865828,0.271231,1.049851,1.404929,0.136982,1.114816,1.378576,0.113710,1.084212,1.101585,0.096851,1.076409,0.863356,0.363551,0.957653,0.943716,0.488148,1.020170,0.565038,0.350776,0.773978,0.232575,0.398286,0.786632,0.057227,0.227420,1.039732,0.935899,0.241465,1.042789,0.532604,0.223519,1.002877,0.098659,0.337493,1.126805,0.020038,0.667204,1.169334,0.064580
0.304795,1.018653,0.939833,0.301841,1.023824,1.035805,0.305541,1.037975,1.139356,0.304337,1.041766,1.234790,0.303569,1.044971,1.330143,0.310031,1.061210,1.465199,0.328382,1.087099,1.560269,0.334835,1.038229,1.406818,0.465636,0.965697,1.383000,0.463734,0.937994,1.104744,0.484256,0.928341,0.866833,0.279532,1.070048,1.405639,0.145733,1.136145,1.379829,0.122383,1.107675,1.102615,0.109530,1.106580,0.863996,0.373270,0.978398,0.944748,0.499838,1.055777,0.569576,0.375119,0.828575,0.218526,0.430053,0.857764,0.049274,0.236283,1.058973,0.936143,0.244445,1.049646,0.532797,0.224247,1.002965,0.099618,0.337625,1.126833,0.020045,0.687516,1.168391,0.024715
0.314189,1.038577,0.939780,0.310730,1.043899,1.035727,0.314135,1.058173,1.139272,0.312816,1.062027,1.234701,0.312050,1.065264,1.330053,0.318667,1.081498,1.465101,0.337377,1.107425,1.560091,0.343384,1.058537,1.406729,0.473906,0.985491,1.382956,0.472022,0.955356,1.104955,0.492056,0.945257,0.867029,0.288160,1.090492,1.405593,0.154753,1.157530,1.380165,0.130987,1.131497,1.102759,0.122216,1.137188,0.864006,0.383044,0.999016,0.945091,0.510425,1.089717,0.573099,0.400352,0.884997,0.204060,0.462831,0.930530,0.042372,0.245288,1.078202,0.935693,0.247646,1.056677,0.532737,0.224986,1.003045,0.100491,0.337727,1.126866,0.019946,0.697038,1.165807,-0.012950
0.323730,1.058350,0.939003,0.319773,1.063933,1.034915,0.322944,1.078447,1.138434,0.321572,1.082476,1.233856,0.320888,1.085858,1.329203,0.327807,1.102237,1.464219,0.346906,1.128219,1.559115,0.352338,1.079117,1.405812,0.482649,1.005733,1.381920,0.480544,0.972753,1.104258,0.499952,0.962749,0.866275,0.297229,1.111268,1.404734,0.164121,1.178967,1.379473,0.139408,1.156017,1.101894,0.134807,1.168598,0.863316,0.392894,1.019392,0.944759,0.519989,1.121445,0.575529,0.426648,0.943205,0.189067,0.496877,1.005164,0.036476,0.254513,1.097373,0.934472,0.250980,1.063815,0.532355,0.225638,1.003127,0.101189,0.337833,1.126908,0.019708,0.692398,1.154624,-0.048621
0.333369,1.078052,0.937535,0.328938,1.083942,1.033408,0.331927,1.098763,1.136889,0.330549,1.103043,1.232300,0.330001,1.106655,1.327640,0.337313,1.123302,1.462603,0.356818,1.149351,1.557398,0.361599,1.099911,1.404138,0.491724,1.026262,1.380042,0.489271,0.990208,1.102767,0.508013,0.980671,0.864710,0.306625,1.132292,1.403119,0.173759,1.200459,1.377863,0.147760,1.180897,1.100141,0.147405,1.200446,0.861996,0.402799,1.039643,0.943739,0.528450,1.151506,0.576944,0.453834,1.003239,0.173657,0.531933,1.081433,0.031631,0.263881,1.116534,0.932556,0.254534,1.071127,0.531719,0.226301,1.003200,0.101802,0.337909,1.126955,0.019365,0.676968,1.141800,-0.082090
0.343003,1.097769,0.935448,0.338298,1.103982,1.031288,0.341228,1.119153,1.134720,0.339904,1.123744,1.230117,0.339507,1.127657,1.325445,0.347193,1.144687,1.460339,0.367070,1.170832,1.555031,0.371223,1.120965,1.401847,0.501056,1.046864,1.377583,0.498137,1.008263,1.100641,0.516001,0.998862,0.862515,0.316399,1.153597,1.400847,0.183750,1.222157,1.375527,0.156608,1.205738,1.097695,0.160063,1.232081,0.860195,0.412642,1.059790,0.941962,0.536009,1.180127,0.577089,0.481191,1.064385,0.160176,0.566761,1.156839,0.029436,0.273301,1.135827,0.930160,0.258287,1.079003,0.530932,0.226980,1.003437,0.102525,0.337801,1.127035,0.019026,0.659665,1.142198,-0.115702
0.352571,1.117432,0.932676,0.347888,1.123986,1.028496,0.350924,1.139571,1.131862,0.349727,1.144563,1.227239,0.349488,1.148892,1.322549,0.357492,1.166486,1.457351,0.377688,1.192773,1.551936,0.381257,1.142344,1.398892,0.510637,1.067493,1.374510,0.507105,1.027066,1.097830,0.523759,1.017327,0.859627,0.326600,1.175254,1.397835,0.194123,1.244101,1.372377,0.166212,1.230458,1.094469,0.172866,1.263474,0.857875,0.422344,1.079714,0.939299,0.542764,1.207374,0.575877,0.509051,1.127041,0.148990,0.601881,1.230956,0.030142,0.282738,1.155234,0.927281,0.262142,1.087457,0.530016,0.227661,1.003839,0.103351,0.337351,1.127191,0.018753,0.639081,1.164321,-0.152588
0.362133,1.137109,0.929286,0.357674,1.144021,1.025091,0.360939,1.160063,1.128381,0.359928,1.165516,1.223735,0.359863,1.170334,1.319022,0.368166,1.188607,1.453715,0.388646,1.215062,1.548192,0.391653,1.163982,1.395320,0.520475,1.088195,1.370858,0.516210,1.046468,1.094384,0.531444,1.036062,0.856109,0.337177,1.197193,1.394166,0.204850,1.266252,1.368501,0.176311,1.255139,1.090548,0.185730,1.294655,0.855075,0.431984,1.099535,0.935879,0.548617,1.233182,0.573396,0.537082,1.190809,0.139734,0.636772,1.304211,0.033498,0.292227,1.174773,0.923922,0.266195,1.096476,0.528950,0.228357,1.004404,0.104286,0.336715,1.127381,0.018484,0.616623,1.199666,-0.189617
0.371762,1.157093,0.925546,0.367633,1.164346,1.021340,0.371186,1.180799,1.124556,0.370389,1.186661,1.219889,0.370501,1.191907,1.315154,0.379083,1.210764,1.449751,0.399818,1.237373,1.544129,0.402326,1.185729,1.391422,0.530525,1.108885,1.366988,0.525494,1.066568,1.090619,0.539288,1.054895,0.852322,0.348033,1.219237,1.390185,0.215921,1.288642,1.364348,0.186690,1.279629,1.086389,0.198459,1.325063,0.852060,0.441686,1.119639,0.932026,0.553485,1.257584,0.569657,0.563560,1.253783,0.133649,0.668624,1.375386,0.040354,0.301790,1.194643,0.920296,0.270719,1.106412,0.527762,0.229112,1.005299,0.105551,0.336205,1.127496,0.018145,0.605431,1.237590,-0.219736
0.381293,1.177294,0.921374,0.377637,1.184878,1.017160,0.381553,1.201698,1.120302,0.381010,1.207915,1.215615,0.381306,1.213523,1.310859,0.390142,1.232858,1.445372,0.411107,1.259617,1.539657,0.413199,1.207515,1.387122,0.540673,1.129399,1.362978,0.534925,1.087448,1.086564,0.547371,1.073646,0.848316,0.359091,1.241315,1.385817,0.227314,1.311307,1.359872,0.197307,1.303922,1.081942,0.211000,1.354665,0.848794,0.451300,1.139958,0.927631,0.556908,1.279887,0.564171,0.588715,1.317221,0.132066,0.696963,1.445934,0.052288,0.311243,1.214727,0.916346,0.275697,1.117183,0.526381,0.229954,1.006366,0.107043,0.335946,1.127473,0.017634,0.611523,1.276373,-0.242920
0.390891,1.197802,0.916852,0.387815,1.205700,1.012633,0.392152,1.222841,1.115705,0.391890,1.229362,1.210998,0.392375,1.235271,1.306223,0.401445,1.254989,1.440665,0.422612,1.281882,1.534867,0.424349,1.229409,1.382496,0.551033,1.149901,1.358751,0.544534,1.109025,1.082190,0.555614,1.092496,0.844041,0.370427,1.263498,1.381136,0.239051,1.334213,1.355119,0.208204,1.328024,1.077255,0.223407,1.383496,0.845314,0.460975,1.160559,0.922803,0.559345,1.300785,0.557428,0.612319,1.379865,0.133656,0.722264,1.514403,0.067722,0.320770,1.235141,0.912130,0.281146,1.128872,0.524878,0.230855,1.007764,0.108865,0.335812,1.127375,0.017053,0.628881,1.317735,-0.259195
0.401125,1.219183,0.912497,0.398533,1.227318,1.008274,0.403230,1.244642,1.111301,0.403215,1.251313,1.206584,0.403873,1.257346,1.301801,0.413167,1.277172,1.436211,0.434502,1.304105,1.530363,0.435913,1.251470,1.378055,0.561893,1.170803,1.354435,0.554453,1.131145,1.077723,0.564017,1.111815,0.839715,0.382161,1.285824,1.376710,0.251190,1.357284,1.350682,0.219282,1.351804,1.072928,0.235642,1.411093,0.841997,0.471283,1.182034,0.918181,0.562090,1.322387,0.550906,0.631963,1.436042,0.135674,0.743137,1.575222,0.082766,0.330935,1.256427,0.908041,0.287386,1.142082,0.523510,0.231771,1.010130,0.111543,0.335739,1.127291,0.016632,0.652587,1.356192,-0.261587
0.412269,1.241575,0.908409,0.409995,1.249864,1.004182,0.414942,1.267202,1.107197,0.415104,1.273831,1.202484,0.415892,1.279763,1.297707,0.425371,1.299348,1.432140,0.446832,1.326212,1.526285,0.447947,1.273658,1.373904,0.573391,1.192255,1.349934,0.564630,1.153847,1.073089,0.572457,1.131738,0.835267,0.394344,1.308254,1.372652,0.263825,1.380532,1.346626,0.230552,1.375119,1.069031,0.247847,1.437259,0.838888,0.482507,1.204546,0.913911,0.564948,1.345099,0.544815,0.647150,1.484292,0.138532,0.759262,1.626987,0.098929,0.342003,1.278701,0.904136,0.294429,1.156467,0.522542,0.232519,1.013345,0.115202,0.335729,1.127251,0.016499,0.685429,1.384821,-0.241495
0.424049,1.264839,0.904488,0.421996,1.273207,1.000258,0.427134,1.290420,1.103285,0.427438,1.296854,1.198585,0.428340,1.302505,1.293825,0.437994,1.321575,1.428322,0.459547,1.348277,1.522492,0.460394,1.296013,1.369938,0.585390,1.214107,1.345345,0.575118,1.177091,1.068363,0.581056,1.152131,0.830767,0.406926,1.330826,1.368849,0.276861,1.403947,1.342885,0.242004,1.398112,1.065493,0.259880,1.462192,0.835942,0.494364,1.227931,0.909849,0.568112,1.368515,0.538946,0.658377,1.526074,0.141818,0.770960,1.671102,0.114702,0.353710,1.301847,0.900357,0.302264,1.172374,0.521708,0.233281,1.017528,0.119718,0.335781,1.127224,0.016525,0.724621,1.410545,-0.207519
0.436212,1.289126,0.900946,0.434284,1.297465,0.996721,0.439588,1.314412,1.099782,0.440044,1.320508,1.195103,0.441102,1.325725,1.290364,0.451015,1.344053,1.424942,0.472659,1.370459,1.519173,0.473226,1.318714,1.366355,0.597764,1.236318,1.341092,0.586204,1.200607,1.063983,0.590189,1.172954,0.826638,0.419865,1.353701,1.365529,0.290077,1.427417,1.339857,0.253509,1.421082,1.062698,0.271277,1.486025,0.833399,0.506576,1.252292,0.906200,0.573455,1.393526,0.534156,0.664736,1.560095,0.141548,0.777807,1.706211,0.121680,0.365827,1.326059,0.896925,0.311175,1.191451,0.520464,0.234561,1.023679,0.125247,0.335820,1.127208,0.016555,0.756876,1.448650,-0.178493
0.448747,1.314640,0.897740,0.446839,1.322873,0.993526,0.452295,1.339413,1.096646,0.452924,1.345020,1.191995,0.454195,1.349628,1.287283,0.464483,1.366947,1.421964,0.486229,1.392878,1.516302,0.486481,1.341922,1.363106,0.610405,1.258754,1.337327,0.598024,1.224221,1.060100,0.599996,1.194122,0.823026,0.433207,1.377045,1.362669,0.303444,1.451025,1.337642,0.264945,1.444354,1.060756,0.281799,1.509005,0.831282,0.519097,1.277772,0.902940,0.582068,1.421140,0.530982,0.663462,1.584086,0.134940,0.777494,1.729648,0.114395,0.378377,1.351607,0.893774,0.321451,1.213498,0.518754,0.236306,1.030868,0.132201,0.335811,1.127200,0.016468,0.775744,1.520313,-0.173405
0.461667,1.341175,0.894914,0.459682,1.349196,0.990718,0.465265,1.365187,1.093918,0.466076,1.370163,1.189303,0.467603,1.374007,1.284623,0.478348,1.390091,1.419423,0.500194,1.415415,1.513904,0.500119,1.365475,1.360239,0.623420,1.281550,1.333898,0.610443,1.248107,1.056565,0.610337,1.215721,0.819786,0.446908,1.400690,1.360292,0.316991,1.474689,1.336140,0.276434,1.467603,1.059557,0.291684,1.530885,0.829569,0.531974,1.304229,0.900093,0.592860,1.450348,0.528887,0.657319,1.600316,0.124776,0.772331,1.744079,0.098315,0.391338,1.378222,0.890969,0.332804,1.238715,0.516635,0.238569,1.040024,0.140168,0.335789,1.127202,0.016384,0.787676,1.604358,-0.173266
0.474752,1.368263,0.892816,0.472620,1.375850,0.988649,0.478309,1.391148,1.091947,0.479324,1.395386,1.187364,0.481159,1.398394,1.282708,0.492449,1.413187,1.417612,0.514378,1.437870,1.512244,0.513995,1.389070,1.358098,0.637014,1.305065,1.330773,0.623344,1.272515,1.053367,0.621153,1.237974,0.816901,0.460793,1.424288,1.358701,0.330582,1.498047,1.335442,0.288210,1.490151,1.059151,0.301181,1.551060,0.828429,0.545067,1.331332,0.897937,0.604421,1.479021,0.527121,0.653693,1.614299,0.115426,0.768822,1.756143,0.081433,0.404412,1.405292,0.888930,0.344650,1.269350,0.513727,0.242016,1.054930,0.148071,0.335790,1.127222,0.016506,0.798741,1.652541,-0.139946
0.487882,1.396338,0.891532,0.485563,1.403080,0.987417,0.491374,1.417411,1.090841,0.492673,1.420705,1.186286,0.494933,1.422730,1.281642,0.506952,1.436102,1.416623,0.528938,1.460071,1.511422,0.528262,1.412630,1.356765,0.651551,1.329711,1.327575,0.636867,1.297550,1.050174,0.632403,1.260999,0.814048,0.475004,1.447738,1.358037,0.344323,1.520919,1.335620,0.300299,1.511610,1.059634,0.310164,1.569158,0.827913,0.558339,1.359663,0.896457,0.616638,1.506699,0.525210,0.656400,1.627976,0.108047,0.769896,1.768107,0.064741,0.417394,1.433102,0.887842,0.356604,1.307550,0.509349,0.247012,1.078380,0.154690,0.335437,1.126176,0.015342,0.819231,1.637364,-0.032176
0.501178,1.424965,0.890976,0.498603,1.430641,0.986925,0.504513,1.443861,1.090491,0.506117,1.446104,1.185962,0.508854,1.447074,1.281320,0.521690,1.458969,1.416363,0.543715,1.482190,1.511339,0.542766,1.436231,1.356158,0.666665,1.355076,1.324682,0.650872,1.323108,1.047319,0.644130,1.284677,0.811551,0.489399,1.471141,1.358158,0.358109,1.543486,1.336603,0.312676,1.532367,1.060910,0.318760,1.585551,0.827971,0.571828,1.388639,0.895667,0.629625,1.533842,0.523627,0.661623,1.639407,0.101482,0.772625,1.777704,0.047247,0.430490,1.461368,0.887519,0.369052,1.351169,0.504183,0.253193,1.107580,0.161245,0.335106,1.125149,0.014384,0.838854,1.586326,0.108774
0.514786,1.452375,0.891241,0.511821,1.457214,0.987230,0.517695,1.469561,1.090912,0.519468,1.470984,1.186401,0.522546,1.471132,1.281761,0.535995,1.481891,1.416849,0.558058,1.504551,1.511954,0.556902,1.459790,1.356372,0.681459,1.380284,1.323187,0.664827,1.349125,1.045788,0.656405,1.308874,0.810370,0.503389,1.494448,1.358940,0.371485,1.565935,1.338270,0.325493,1.552905,1.062752,0.327601,1.600746,0.828618,0.585510,1.416190,0.895891,0.642319,1.559687,0.523047,0.665294,1.648290,0.096623,0.774732,1.784774,0.033974,0.444017,1.488625,0.887824,0.382567,1.396017,0.499898,0.260135,1.137934,0.170314,0.335957,1.127399,0.018310,0.832794,1.533688,0.197228
0.529172,1.477590,0.892430,0.525568,1.482095,0.988415,0.531166,1.494027,1.092163,0.532859,1.495042,1.187662,0.536032,1.494759,1.283022,0.549740,1.504924,1.418137,0.571832,1.527313,1.513301,0.570553,1.483294,1.357513,0.695731,1.405039,1.323644,0.678503,1.375872,1.046074,0.669036,1.333442,0.811068,0.516861,1.517665,1.360378,0.384385,1.588385,1.340731,0.339269,1.573354,1.065178,0.337166,1.614550,0.829874,0.599728,1.441119,0.897428,0.654797,1.584617,0.524254,0.665452,1.653996,0.094249,0.775253,1.788625,0.027813,0.458567,1.514120,0.888664,0.397434,1.441362,0.496791,0.267204,1.167518,0.184012,0.338200,1.131970,0.031268,0.774525,1.491658,0.173428
0.543869,1.501589,0.894440,0.539493,1.505989,0.990396,0.544680,1.517744,1.094184,0.546157,1.518580,1.189687,0.549288,1.518100,1.285046,0.563053,1.528012,1.420170,0.585172,1.550318,1.515347,0.583835,1.506756,1.359476,0.709683,1.429637,1.325500,0.692129,1.403078,1.047683,0.682215,1.358530,0.813082,0.529926,1.540787,1.362476,0.396875,1.610718,1.343876,0.353487,1.593582,1.068170,0.346977,1.627156,0.831720,0.614139,1.464621,0.899979,0.666982,1.608249,0.526464,0.664058,1.657154,0.093583,0.775151,1.789948,0.025872,0.473549,1.538607,0.890132,0.413367,1.487936,0.494565,0.275034,1.198255,0.200223,0.341625,1.139818,0.049109,0.690573,1.448028,0.097130
0.557628,1.525527,0.897046,0.552630,1.529686,0.992982,0.557468,1.541238,1.096809,0.558769,1.541910,1.192314,0.561868,1.541293,1.287672,0.575650,1.551099,1.422799,0.597835,1.573407,1.517959,0.596493,1.530132,1.362038,0.723022,1.454087,1.328188,0.705856,1.429873,1.050125,0.696593,1.384450,0.815678,0.542329,1.563750,1.365131,0.408697,1.632766,1.347260,0.366749,1.613683,1.071449,0.356230,1.639655,0.834117,0.627696,1.488211,0.902959,0.677570,1.628684,0.527987,0.662931,1.659349,0.093182,0.775043,1.790660,0.024496,0.487506,1.562888,0.892364,0.430087,1.533752,0.494000,0.285100,1.231326,0.215187,0.346767,1.157078,0.064076,0.635698,1.400423,0.061933
0.569915,1.550263,0.900309,0.564519,1.553743,0.996250,0.569129,1.564887,1.100131,0.570362,1.565290,1.195639,0.573500,1.564534,1.290994,0.587341,1.574351,1.426115,0.609696,1.596718,1.521221,0.608374,1.553553,1.365248,0.735571,1.478499,1.331681,0.719888,1.456162,1.053378,0.712750,1.411387,0.818708,0.553906,1.586658,1.368431,0.419700,1.654609,1.350790,0.378243,1.633839,1.075017,0.364374,1.652348,0.837174,0.639972,1.512937,0.906253,0.685949,1.644992,0.527894,0.662678,1.660814,0.092468,0.775124,1.791192,0.022518,0.499796,1.587632,0.895602,0.447784,1.578304,0.495483,0.298418,1.267196,0.228257,0.353501,1.186481,0.073663,0.643294,1.342028,0.121091
0.581262,1.574940,0.904170,0.575620,1.577604,1.000122,0.580064,1.588313,1.104056,0.581270,1.588461,1.199565,0.584455,1.587627,1.294918,0.598316,1.597602,1.430025,0.620880,1.620113,1.525049,0.619631,1.576887,1.369057,0.747506,1.502763,1.336005,0.734022,1.482040,1.057464,0.730106,1.439157,0.822321,0.564821,1.609406,1.372288,0.430035,1.676166,1.354557,0.388781,1.653867,1.078872,0.371960,1.664934,0.840783,0.651393,1.537750,0.909976,0.692733,1.658103,0.527115,0.662692,1.661317,0.092019,0.775198,1.791113,0.021104,0.511062,1.612170,0.899605,0.466268,1.622098,0.498627,0.313972,1.305399,0.240080,0.361953,1.225295,0.080374,0.679968,1.279659,0.221350
0.592018,1.598143,0.908220,0.586335,1.600392,1.004183,0.590705,1.610911,1.108140,0.591903,1.610955,1.203649,0.595099,1.610121,1.299001,0.608861,1.620287,1.434104,0.631517,1.643027,1.529050,0.630468,1.599703,1.373096,0.759061,1.526556,1.340673,0.747796,1.506932,1.061947,0.747578,1.467519,0.826234,0.575308,1.631614,1.376319,0.439899,1.697032,1.358395,0.399408,1.673312,1.082722,0.379841,1.677600,0.844581,0.662189,1.561023,0.913892,0.698461,1.668901,0.526756,0.662963,1.661738,0.092135,0.775292,1.791053,0.020095,0.521773,1.635302,0.903792,0.484687,1.664658,0.503046,0.330190,1.345715,0.248836,0.373027,1.271457,0.083971,0.700300,1.231392,0.296537
0.602165,1.618901,0.912480,0.596724,1.621487,1.008446,0.601143,1.632256,1.112374,0.602363,1.632461,1.207882,0.605517,1.631743,1.303237,0.619014,1.642114,1.438350,0.641571,1.665183,1.533241,0.640888,1.621779,1.377398,0.770296,1.549788,1.345673,0.761044,1.530463,1.066850,0.765011,1.496507,0.830400,0.585361,1.653051,1.380549,0.449217,1.716827,1.362359,0.410565,1.691856,1.086540,0.388280,1.690393,0.848566,0.672299,1.581703,0.918103,0.703040,1.676892,0.527261,0.663588,1.662282,0.093014,0.775422,1.791229,0.019559,0.531961,1.656140,0.908100,0.502748,1.705930,0.508891,0.346259,1.388021,0.254121,0.386878,1.325863,0.083767,0.684935,1.204819,0.322460
0.611720,1.638184,0.916930,0.606729,1.641509,1.012897,0.611287,1.652772,1.116767,0.612548,1.653289,1.212273,0.615623,1.652766,1.307632,0.628736,1.663376,1.442765,0.651079,1.686858,1.537605,0.650887,1.643337,1.381930,0.781151,1.572549,1.351015,0.773932,1.553008,1.072150,0.782559,1.526087,0.834867,0.594987,1.673948,1.384953,0.458065,1.735930,1.366393,0.421811,1.709816,1.090352,0.397014,1.703267,0.852740,0.681783,1.600844,0.922507,0.706564,1.682570,0.528187,0.664470,1.662744,0.094458,0.775571,1.791422,0.019427,0.541594,1.675573,0.912592,0.520745,1.745968,0.516011,0.362992,1.432439,0.256339,0.403352,1.387616,0.080448,0.653228,1.192349,0.323313
0.621079,1.657492,0.921103,0.616580,1.661437,1.017073,0.621286,1.673119,1.120892,0.622570,1.673906,1.216396,0.625529,1.673557,1.311759,0.638199,1.684388,1.446917,0.660283,1.708307,1.541708,0.660665,1.664601,1.386219,0.791679,1.594794,1.356242,0.786496,1.575117,1.077344,0.799605,1.555916,0.839494,0.604435,1.694625,1.389085,0.466863,1.755067,1.370161,0.432862,1.727688,1.093949,0.406109,1.716265,0.856743,0.691054,1.619970,0.926558,0.709860,1.688309,0.529306,0.665317,1.663393,0.096162,0.775725,1.791607,0.019343,0.551047,1.695067,0.916881,0.538713,1.784455,0.523574,0.381258,1.479119,0.254885,0.422887,1.451959,0.075835,0.617828,1.189286,0.305501
0.630345,1.677371,0.924943,0.626343,1.681628,1.020922,0.631173,1.693524,1.124711,0.632434,1.694446,1.220215,0.635217,1.694186,1.315584,0.647366,1.705155,1.450778,0.669143,1.729526,1.545525,0.670225,1.685567,1.390226,0.801831,1.616390,1.361398,0.798612,1.596882,1.082456,0.815795,1.585950,0.844385,0.613722,1.715094,1.392907,0.475682,1.774375,1.373679,0.443614,1.745555,1.097383,0.415646,1.729251,0.860595,0.700224,1.639641,0.930158,0.713163,1.694867,0.530640,0.666021,1.664347,0.098118,0.775877,1.791819,0.019194,0.560414,1.715157,0.920958,0.556718,1.821498,0.531674,0.401400,1.528135,0.248971,0.446058,1.517340,0.070117,0.580543,1.198480,0.262543
0.639414,1.697274,0.928505,0.635954,1.701725,1.024497,0.640916,1.713759,1.128263,0.642136,1.714774,1.223767,0.644704,1.714582,1.319142,0.656274,1.725673,1.454377,0.677701,1.750520,1.549080,0.679564,1.706240,1.393990,0.811655,1.637470,1.366438,0.810405,1.618211,1.087462,0.831483,1.616233,0.849436,0.622832,1.735343,1.396456,0.484450,1.793715,1.376931,0.454172,1.763332,1.100602,0.425544,1.742360,0.864276,0.709180,1.659298,0.933406,0.716238,1.701485,0.532167,0.666689,1.665489,0.100334,0.776033,1.792023,0.019092,0.569601,1.735309,0.924832,0.574695,1.856991,0.540218,0.423075,1.579412,0.239384,0.472291,1.585311,0.063104,0.539564,1.217082,0.200921
0.648373,1.717057,0.931487,0.645450,1.721631,1.027491,0.650569,1.733805,1.131233,0.651767,1.734954,1.226735,0.654148,1.734903,1.322115,0.665207,1.746237,1.457372,0.686315,1.771568,1.552019,0.688866,1.726861,1.397152,0.821352,1.658387,1.370767,0.822282,1.639385,1.091777,0.847120,1.646551,0.854198,0.631964,1.755655,1.399391,0.493369,1.813397,1.379527,0.464568,1.781266,1.103238,0.435623,1.756045,0.867358,0.717997,1.678784,0.936054,0.719203,1.708260,0.533594,0.667355,1.666735,0.102529,0.776190,1.792076,0.019017,0.578707,1.755390,0.928146,0.592478,1.890296,0.548090,0.446125,1.632877,0.227886,0.500306,1.655779,0.056050,0.502121,1.231847,0.146487
0.657177,1.736680,0.933819,0.654774,1.741256,1.029837,0.660088,1.753557,1.133555,0.661298,1.754885,1.229055,0.663538,1.755069,1.324438,0.674197,1.766819,1.459693,0.695044,1.792632,1.554268,0.698135,1.747389,1.399640,0.830945,1.679174,1.374209,0.834393,1.660399,1.095229,0.862780,1.676906,0.858545,0.641137,1.776011,1.401643,0.502470,1.833458,1.381397,0.474737,1.799339,1.105236,0.445832,1.770342,0.869777,0.726629,1.698056,0.938017,0.722011,1.715142,0.534863,0.668075,1.668051,0.104616,0.776365,1.791859,0.018977,0.587687,1.775363,0.930845,0.610325,1.921176,0.555199,0.470407,1.688546,0.214276,0.529898,1.728989,0.048718,0.467356,1.237723,0.110778
0.665871,1.756184,0.935570,0.663983,1.760690,1.031603,0.669517,1.773120,1.135295,0.670760,1.774667,1.230792,0.672885,1.775159,1.326177,0.683211,1.787448,1.461411,0.703831,1.813750,1.555900,0.707367,1.767865,1.401525,0.840411,1.699798,1.376940,0.846590,1.681258,1.097991,0.878390,1.707296,0.862602,0.650332,1.796431,1.403282,0.511722,1.853859,1.382611,0.484745,1.817569,1.106652,0.456221,1.785214,0.871597,0.735122,1.717159,0.939380,0.724710,1.722181,0.536031,0.668792,1.669472,0.106683,0.776541,1.791491,0.018962,0.596586,1.795265,0.932985,0.627978,1.949868,0.561637,0.496065,1.746403,0.198754,0.561273,1.804696,0.041344,0.436126,1.239763,0.082257
0.674679,1.775545,0.936648,0.673281,1.780112,1.032686,0.679049,1.792788,1.136334,0.680338,1.794663,1.231823,0.682374,1.795564,1.327207,0.692434,1.808515,1.462397,0.712866,1.835314,1.556788,0.716731,1.788657,1.402674,0.849876,1.720506,1.378895,0.858833,1.702255,1.100002,0.894176,1.737505,0.866293,0.659703,1.817251,1.404173,0.521222,1.874798,1.382989,0.494818,1.836247,1.107283,0.466760,1.801007,0.872583,0.743691,1.736066,0.940148,0.727555,1.729614,0.536981,0.669364,1.671018,0.108715,0.776660,1.791194,0.018932,0.605639,1.815079,0.934371,0.644499,1.976447,0.566562,0.523367,1.806326,0.183677,0.593764,1.882069,0.035888,0.418233,1.239880,0.052159
0.683652,1.794613,0.937002,0.682741,1.799480,1.033031,0.688775,1.812602,1.136606,0.690137,1.814973,1.232082,0.692119,1.816431,1.327458,0.701994,1.830222,1.462578,0.722287,1.857539,1.556850,0.726330,1.809917,1.403004,0.859394,1.741339,1.380019,0.871264,1.723488,1.101216,0.910346,1.767591,0.869626,0.669355,1.838627,1.404231,0.531073,1.896407,1.382404,0.505062,1.855442,1.107012,0.477484,1.817836,0.872614,0.752377,1.754614,0.940304,0.730537,1.737522,0.537682,0.669651,1.672722,0.110687,0.776685,1.791060,0.018876,0.614908,1.834671,0.934926,0.659744,2.000703,0.569766,0.552723,1.869108,0.168853,0.627192,1.962475,0.031896,0.418028,1.233959,0.018561
0.692739,1.813537,0.936683,0.692290,1.818835,1.032691,0.698603,1.832522,1.136178,0.700052,1.835498,1.231636,0.702006,1.837612,1.327001,0.711762,1.852367,1.462027,0.731956,1.880209,1.556166,0.736061,1.831494,1.402597,0.868910,1.762255,1.380367,0.883742,1.744858,1.101679,0.926693,1.797496,0.872593,0.679182,1.860403,1.403542,0.541172,1.918554,1.380983,0.515372,1.875086,1.105956,0.488358,1.835585,0.871811,0.761139,1.772966,0.939864,0.733666,1.745823,0.538164,0.669793,1.674551,0.112625,0.776653,1.790996,0.018804,0.624330,1.854173,0.934727,0.673857,2.022847,0.571459,0.583723,1.933955,0.154475,0.661737,2.044547,0.029822,0.431158,1.226114,-0.016613
0.702015,1.832745,0.935739,0.701914,1.838480,1.031725,0.708449,1.852722,1.135124,0.709954,1.856293,1.230561,0.711873,1.859051,1.325912,0.721537,1.874741,1.460841,0.741650,1.903076,1.554851,0.745782,1.853305,1.401564,0.878387,1.783379,1.380033,0.895812,1.766363,1.101461,0.942828,1.826827,0.875086,0.689025,1.882458,1.402234,0.551317,1.941032,1.378931,0.525661,1.895262,1.104259,0.499243,1.854254,0.870307,0.770068,1.791592,0.938891,0.737229,1.754516,0.538402,0.670064,1.676420,0.114587,0.776615,1.790941,0.018700,0.633959,1.873971,0.933813,0.686332,2.043584,0.571427,0.615408,1.998362,0.143476,0.697266,2.123349,0.032988,0.454371,1.230599,-0.056364
0.711540,1.852198,0.934113,0.711638,1.858378,1.030071,0.718329,1.873174,1.133382,0.719860,1.877339,1.228794,0.721750,1.880738,1.324124,0.731377,1.897351,1.458944,0.751431,1.926160,1.552822,0.755541,1.875364,1.399846,0.887906,1.804797,1.378934,0.907305,1.788047,1.100470,0.958753,1.855599,0.877092,0.698929,1.904804,1.400253,0.561528,1.963804,1.376225,0.535955,1.915995,1.101891,0.510110,1.873861,0.868070,0.779214,1.810440,0.937357,0.741211,1.763231,0.538415,0.670400,1.678297,0.116477,0.776589,1.790872,0.018552,0.643867,1.894035,0.932094,0.695892,2.062867,0.569254,0.648154,2.063480,0.137198,0.734391,2.199235,0.043695,0.493920,1.255677,-0.106750
0.721253,1.871935,0.931863,0.721437,1.878565,1.027790,0.728228,1.893906,1.131014,0.729752,1.898657,1.226399,0.731606,1.902683,1.321704,0.741223,1.920189,1.456411,0.761237,1.949440,1.550161,0.765289,1.897656,1.397503,0.897384,1.826421,1.377154,0.918390,1.809865,1.098799,0.974466,1.883797,0.878624,0.708849,1.927427,1.397654,0.571785,1.986909,1.372888,0.546228,1.937261,1.098883,0.520988,1.894388,0.865132,0.788527,1.829560,0.935289,0.745627,1.772338,0.538184,0.670864,1.680214,0.118392,0.776556,1.790812,0.018373,0.653981,1.914393,0.929660,0.703814,2.080744,0.565357,0.681585,2.128157,0.134298,0.772501,2.271850,0.059642,0.543551,1.293085,-0.161714
0.731047,1.892504,0.929213,0.731220,1.899454,1.025118,0.738013,1.915184,1.128284,0.739450,1.920368,1.223649,0.741192,1.924862,1.318937,0.750700,1.943027,1.453566,0.770656,1.972607,1.547226,0.774740,1.920056,1.394819,0.906534,1.848108,1.375036,0.929111,1.831683,1.096801,0.989581,1.910980,0.879623,0.718481,1.950169,1.394722,0.581821,2.010251,1.369198,0.556315,1.959070,1.095469,0.531825,1.915773,0.861720,0.797958,1.849575,0.932829,0.750810,1.782950,0.537634,0.671918,1.682186,0.120680,0.776505,1.790765,0.018178,0.664137,1.935519,0.926820,0.713426,2.098063,0.560779,0.713620,2.186438,0.133686,0.809623,2.335194,0.077255,0.581250,1.332289,-0.206073
0.740634,1.914062,0.926025,0.740706,1.921139,1.021922,0.747411,1.937049,1.125068,0.748691,1.942467,1.220424,0.750256,1.947228,1.315705,0.759572,1.965764,1.450301,0.779477,1.995532,1.543913,0.783694,1.942496,1.391670,0.915161,1.869786,1.372508,0.939430,1.853411,1.094413,1.004009,1.937052,0.880032,0.727628,1.972965,1.391348,0.591493,2.033897,1.365070,0.566093,1.981408,1.091576,0.542580,1.937957,0.857755,0.807251,1.870688,0.929801,0.756463,1.795008,0.536705,0.673579,1.683774,0.123190,0.776423,1.790736,0.017965,0.674010,1.957523,0.923472,0.726325,2.114171,0.555405,0.744308,2.237166,0.136788,0.846717,2.386999,0.098602,0.593801,1.368889,-0.235936
0.750301,1.936452,0.922437,0.750176,1.943525,1.018335,0.756696,1.959460,1.121490,0.757737,1.964960,1.216845,0.759049,1.969829,1.312125,0.768073,1.988500,1.446724,0.787912,2.018343,1.540326,0.792350,1.965043,1.388181,0.923459,1.891526,1.369642,0.949386,1.875138,1.091698,1.017839,1.962109,0.879907,0.736487,1.995879,1.387642,0.600944,2.057782,1.360589,0.575686,2.004290,1.087277,0.553294,1.961000,0.853315,0.816662,1.892694,0.926382,0.762883,1.808570,0.535456,0.675829,1.685417,0.126074,0.776323,1.790720,0.017737,0.683926,1.980294,0.919718,0.740913,2.129721,0.549350,0.773601,2.281498,0.142177,0.882823,2.429533,0.121614,0.594419,1.407285,-0.255196
0.760815,1.959749,0.919092,0.760380,1.966740,1.014993,0.766553,1.982558,1.118185,0.767193,1.987983,1.213545,0.768075,1.992779,1.308830,0.776534,2.011306,1.443480,0.796183,2.041117,1.537131,0.801022,1.987775,1.385011,0.931720,1.913399,1.366998,0.959141,1.896996,1.089196,1.030951,1.985996,0.879353,0.745350,2.018947,1.384215,0.610336,2.081618,1.356291,0.585302,2.027773,1.083031,0.564037,1.985029,0.848866,0.826909,1.915603,0.923243,0.771284,1.824927,0.533989,0.679075,1.688456,0.130140,0.776238,1.790703,0.017526,0.694700,2.003977,0.916168,0.755726,2.147522,0.544005,0.799267,2.316942,0.144481,0.913100,2.463599,0.136505,0.600743,1.450138,-0.260344
0.772603,1.983915,0.916071,0.771782,1.990814,1.011980,0.777424,2.006399,1.115239,0.777459,2.011594,1.210614,0.777667,2.016117,1.305914,0.785165,2.034176,1.440682,0.804435,2.063862,1.534451,0.809913,2.010710,1.382287,0.940142,1.935430,1.364646,0.968891,1.919048,1.086976,1.043504,2.008721,0.878339,0.754404,2.042156,1.381158,0.619793,2.105215,1.352182,0.594950,2.051975,1.078784,0.574787,2.010273,0.844337,0.838404,1.939354,0.920475,0.781375,1.844559,0.532272,0.682598,1.692638,0.135807,0.776179,1.790683,0.017425,0.706779,2.028557,0.912895,0.770226,2.168964,0.539883,0.820282,2.340444,0.141056,0.934597,2.487933,0.139185,0.622638,1.505396,-0.252220
0.785237,2.008988,0.913292,0.783918,2.015717,1.009212,0.788868,2.030927,1.112566,0.788134,2.035736,1.207962,0.787492,2.039804,1.303284,0.793755,2.057116,1.438217,0.812521,2.086570,1.532162,0.818820,2.033830,1.379882,0.948527,1.957594,1.362515,0.978442,1.941230,1.084970,1.055339,2.030276,0.876896,0.763461,2.065520,1.378381,0.629191,2.128763,1.348255,0.604622,2.076777,1.074589,0.585566,2.036502,0.839798,0.850735,1.964007,0.917987,0.793448,1.866986,0.530337,0.687116,1.698216,0.142655,0.776135,1.790662,0.017341,0.719715,2.054047,0.909828,0.784952,2.192658,0.536472,0.837670,2.355059,0.134547,0.950265,2.503798,0.133745,0.650239,1.565110,-0.229985
0.798198,2.035153,0.911154,0.796146,2.041486,1.007080,0.800239,2.056116,1.110550,0.798621,2.060371,1.205958,0.797050,2.063835,1.301292,0.802005,2.080204,1.436395,0.820228,2.109297,1.530559,0.827446,2.057155,1.378078,0.956566,1.979880,1.360956,0.987370,1.963494,1.083508,1.065865,2.050482,0.875223,0.772254,2.089112,1.376226,0.638318,2.152548,1.345035,0.614492,2.101882,1.071059,0.596512,2.063156,0.835921,0.863381,1.989750,0.916184,0.809597,1.892058,0.528376,0.695201,1.707294,0.150233,0.776105,1.790637,0.017022,0.732989,2.080630,0.907358,0.800053,2.217246,0.533624,0.852280,2.367467,0.127511,0.964111,2.515791,0.122669,0.671585,1.608105,-0.187608
0.811791,2.063124,0.909896,0.808487,2.068714,1.005816,0.811383,2.082444,1.109435,0.808657,2.085879,1.204839,0.806021,2.088502,1.300166,0.809576,2.103614,1.435448,0.827207,2.132124,1.529897,0.835507,2.080885,1.377039,0.963933,2.002434,1.360078,0.995414,1.985835,1.082715,1.074936,2.069217,0.873325,0.780514,2.113162,1.374877,0.646881,2.176780,1.342751,0.624658,2.127173,1.068450,0.607678,2.090146,0.832967,0.876628,2.017294,0.915439,0.831687,1.920345,0.526404,0.708829,1.721204,0.158351,0.776077,1.790606,0.015025,0.746914,2.109023,0.905595,0.815995,2.242816,0.531215,0.864192,2.379948,0.120184,0.978132,2.524537,0.103664,0.684104,1.630577,-0.106033
0.825712,2.092188,0.909278,0.820920,2.096807,1.005188,0.822454,2.109433,1.108977,0.818504,2.111880,1.204368,0.814723,2.113511,1.299678,0.816807,2.127172,1.435144,0.833806,2.154969,1.529921,0.843288,2.104820,1.376600,0.970956,2.025110,1.359771,1.002836,2.008256,1.082467,1.082698,2.086602,0.871198,0.788510,2.137440,1.374150,0.655174,2.201249,1.341173,0.635022,2.152767,1.066505,0.619011,2.117560,0.830675,0.890190,2.045928,0.915378,0.857853,1.951277,0.524407,0.726023,1.738613,0.167198,0.776064,1.790572,0.012794,0.761176,2.138508,0.904431,0.832311,2.269281,0.529369,0.873326,2.390222,0.112330,0.990332,2.529410,0.079023,0.690369,1.636328,-0.004317
0.838534,2.120385,0.908980,0.832747,2.124023,1.004894,0.833276,2.135627,1.108826,0.828361,2.137196,1.204203,0.823621,2.137982,1.299492,0.824416,2.150432,1.435101,0.840847,2.177646,1.530152,0.851351,2.128378,1.376558,0.978302,2.047462,1.360052,1.009999,2.030715,1.082725,1.088999,2.102828,0.869020,0.796782,2.161330,1.373843,0.663862,2.225617,1.340136,0.645471,2.178705,1.065070,0.630483,2.145104,0.828934,0.902689,2.073708,0.915285,0.884594,1.982996,0.522535,0.743417,1.757627,0.176900,0.776106,1.790537,0.014409,0.774308,2.167112,0.903931,0.847754,2.295014,0.528324,0.880286,2.398128,0.105802,0.998734,2.533131,0.058115,0.686142,1.615588,0.066399
0.849367,2.147031,0.908741,0.843547,2.149775,1.004688,0.843732,2.160561,1.108717,0.838314,2.161477,1.204081,0.832925,2.161677,1.299343,0.832698,2.173327,1.435031,0.848666,2.200169,1.530269,0.859922,2.151446,1.376776,0.986237,2.069405,1.360980,1.016829,2.053442,1.083492,1.093589,2.117835,0.866638,0.805538,2.184687,1.373820,0.673262,2.249954,1.339496,0.656029,2.205332,1.063981,0.642197,2.172625,0.827635,0.913302,2.099999,0.914627,0.911161,2.014849,0.520418,0.759864,1.777344,0.187601,0.774444,1.788150,0.022670,0.785363,2.194104,0.904101,0.862225,2.320033,0.528479,0.884748,2.403124,0.101334,1.001380,2.536475,0.044372,0.666214,1.547617,0.073103
0.859102,2.172810,0.908822,0.853741,2.174650,1.004816,0.853938,2.184700,1.108915,0.848277,2.185073,1.204265,0.842424,2.184833,1.299497,0.841358,2.195924,1.435223,0.856927,2.222524,1.530594,0.868775,2.174137,1.377390,0.994497,2.091023,1.362497,1.023400,2.076205,1.084765,1.096718,2.131682,0.864206,0.814571,2.207654,1.374218,0.683058,2.274191,1.339396,0.666672,2.232305,1.063401,0.654050,2.200275,0.826886,0.922852,2.125435,0.913937,0.938303,2.047488,0.518427,0.776510,1.798666,0.199156,0.772837,1.785762,0.034778,0.795288,2.220216,0.904936,0.875822,2.344320,0.529435,0.887036,2.405753,0.098192,1.000229,2.538667,0.034361,0.635793,1.453155,0.048806
0.868972,2.197816,0.909686,0.863881,2.198668,1.005704,0.864059,2.207980,1.109868,0.858176,2.207861,1.205203,0.851945,2.207273,1.300407,0.850237,2.217980,1.436157,0.865438,2.244477,1.531614,0.877791,2.196217,1.378599,1.002957,2.112132,1.364442,1.030293,2.098270,1.086495,1.098991,2.144731,0.862369,0.823793,2.230052,1.375245,0.692967,2.297778,1.340098,0.677205,2.258635,1.063660,0.665706,2.228220,0.826899,0.932431,2.149981,0.914100,0.964771,2.081014,0.517822,0.793433,1.822403,0.211257,0.776604,1.790432,0.046420,0.805454,2.245670,0.906492,0.887585,2.366195,0.530226,0.888729,2.407481,0.096023,0.999180,2.540097,0.027152,0.606273,1.384642,0.041403
0.879511,2.222154,0.911713,0.874192,2.221765,1.007714,0.874168,2.230243,1.111947,0.868001,2.229643,1.207262,0.861460,2.228808,1.302445,0.859359,2.239355,1.438204,0.874200,2.265950,1.533691,0.887009,2.217537,1.380622,1.011727,2.132693,1.366945,1.037706,2.119461,1.088835,1.100075,2.157016,0.861352,0.833255,2.251751,1.377126,0.702914,2.320374,1.341887,0.687646,2.283870,1.065060,0.677000,2.256539,0.827894,0.942431,2.173581,0.915609,0.990208,2.116029,0.519165,0.810715,1.848692,0.224967,0.787727,1.804392,0.056750,0.816527,2.270728,0.909042,0.896873,2.384953,0.530498,0.890222,2.408517,0.094910,0.999600,2.540643,0.023146,0.576361,1.375220,0.076988
0.890186,2.245719,0.914524,0.884451,2.244006,1.010484,0.884191,2.251646,1.114781,0.877764,2.250617,1.210074,0.870996,2.249628,1.305239,0.868699,2.260189,1.440993,0.883213,2.287021,1.536463,0.896389,2.238245,1.383240,1.020697,2.152745,1.369878,1.045440,2.139954,1.091631,1.100302,2.168502,0.860929,0.842907,2.272880,1.379636,0.712975,2.342321,1.344477,0.697977,2.308462,1.067300,0.688097,2.285152,0.829651,0.952461,2.196290,0.917970,1.014970,2.151931,0.521894,0.828273,1.877395,0.239224,0.804224,1.825409,0.066614,0.827839,2.295128,0.912313,0.904326,2.401299,0.530605,0.891120,2.408652,0.094771,1.000124,2.540428,0.021942,0.547350,1.391749,0.129467
0.900636,2.268293,0.917440,0.894539,2.265596,1.013365,0.894074,2.272600,1.117708,0.887423,2.271244,1.212983,0.880464,2.270130,1.308132,0.878025,2.280664,1.443884,0.892285,2.307692,1.539338,0.905694,2.258552,1.385991,1.029420,2.172212,1.372696,1.053477,2.159534,1.094380,1.101277,2.179450,0.861074,0.852511,2.293640,1.382312,0.723100,2.364093,1.347273,0.707952,2.332785,1.069803,0.699146,2.313985,0.831722,0.962434,2.218236,0.920586,1.038880,2.187003,0.525598,0.845943,1.908920,0.250532,0.825463,1.853843,0.074246,0.838761,2.318316,0.915538,0.910908,2.415674,0.530653,0.891813,2.408722,0.095005,1.000550,2.540213,0.021410,0.534504,1.387250,0.168447
0.910714,2.289647,0.920346,0.904409,2.286547,1.016251,0.903784,2.293240,1.120616,0.896942,2.291706,1.215876,0.889794,2.290485,1.311010,0.887200,2.300866,1.446770,0.901279,2.327978,1.542228,0.914777,2.278521,1.388833,1.037591,2.190957,1.375220,1.062136,2.177991,1.096956,1.103667,2.189766,0.861884,0.861944,2.314118,1.385103,0.733306,2.385981,1.350120,0.717265,2.357060,1.072444,0.710067,2.343264,0.833996,0.972335,2.239359,0.923409,1.061838,2.220471,0.530329,0.862965,1.943624,0.257875,0.852482,1.891178,0.079217,0.849014,2.339896,0.918530,0.916898,2.427838,0.530657,0.892404,2.408927,0.095511,1.000796,2.540235,0.021071,0.547798,1.333806,0.182579
0.920568,2.310010,0.923358,0.914109,2.306848,1.019248,0.913355,2.313431,1.123618,0.906357,2.311822,1.218865,0.899055,2.310523,1.313986,0.896362,2.320708,1.449759,0.910332,2.347864,1.545220,0.923785,2.298090,1.391808,1.045515,2.209118,1.377630,1.071099,2.195537,1.099485,1.106804,2.199543,0.863261,0.871329,2.334227,1.388060,0.743577,2.407694,1.353173,0.726220,2.381066,1.075348,0.720939,2.372763,0.836585,0.982180,2.259719,0.926486,1.083943,2.253109,0.536033,0.880099,1.981149,0.262269,0.884243,1.935929,0.081957,0.858876,2.360264,0.921476,0.922017,2.438031,0.530602,0.892790,2.409067,0.096390,1.000946,2.540257,0.021403,0.577257,1.259335,0.183212
0.930277,2.329852,0.926145,0.923671,2.326677,1.022022,0.922828,2.333183,1.126395,0.915738,2.331508,1.221634,0.908362,2.330129,1.316748,0.905690,2.340112,1.452537,0.919674,2.367308,1.547983,0.932922,2.317281,1.394581,1.053656,2.227027,1.379926,1.079389,2.212593,1.101844,1.110285,2.209321,0.864887,0.880799,2.353897,1.390868,0.753809,2.428832,1.356300,0.735491,2.404509,1.078324,0.732155,2.401732,0.839380,0.991930,2.279622,0.929365,1.105314,2.285529,0.542144,0.899456,2.020824,0.263274,0.917009,1.984008,0.081983,0.868545,2.380047,0.924169,0.926394,2.447414,0.530544,0.893056,2.409377,0.097358,1.001046,2.540323,0.021719,0.608217,1.200612,0.174003
0.939743,2.349195,0.928679,0.933003,2.345993,1.024546,0.932140,2.352415,1.128925,0.925057,2.350666,1.224162,0.917731,2.349201,1.319279,0.915264,2.358989,1.455086,0.929434,2.386244,1.550488,0.942254,2.336045,1.397138,1.062170,2.244743,1.382226,1.086424,2.229271,1.104073,1.113995,2.219124,0.866852,0.890393,2.373047,1.393533,0.763950,2.449207,1.359640,0.745469,2.427174,1.081480,0.743971,2.429829,0.842519,1.001456,2.299047,0.931978,1.126295,2.317991,0.548796,0.921841,2.062564,0.260407,0.949296,2.033834,0.078370,0.877949,2.399308,0.926621,0.929787,2.456193,0.530535,0.893144,2.410007,0.098345,1.001094,2.540464,0.021813,0.638921,1.174694,0.154016
0.949065,2.368017,0.930988,0.942197,2.364837,1.026847,0.941355,2.371207,1.131229,0.934341,2.369395,1.226471,0.927147,2.367841,1.321596,0.925005,2.377427,1.457423,0.939484,2.404738,1.552763,0.951716,2.354431,1.399493,1.070902,2.262208,1.384411,1.092787,2.245459,1.106131,1.118049,2.228929,0.869066,0.900071,2.391759,1.396049,0.774051,2.469007,1.363054,0.755761,2.449276,1.084708,0.756131,2.457397,0.845865,1.010886,2.318014,0.934393,1.146541,2.350235,0.555854,0.946449,2.106453,0.254152,0.982588,2.086989,0.072044,0.887159,2.417984,0.928820,0.932438,2.464162,0.530523,0.893113,2.410807,0.099420,1.001093,2.540650,0.021891,0.671127,1.164524,0.124186
0.958626,2.386722,0.932829,0.951564,2.383519,1.028673,0.950703,2.389806,1.133060,0.943739,2.387903,1.228303,0.936672,2.386240,1.323436,0.934854,2.395607,1.459283,0.949658,2.422941,1.554567,0.961308,2.372609,1.401354,1.079851,2.279580,1.386136,1.099246,2.261253,1.107770,1.122392,2.239205,0.870933,0.909851,2.410214,1.398078,0.784169,2.488396,1.365987,0.765865,2.471173,1.087482,0.768254,2.484712,0.848897,1.020575,2.336887,0.936363,1.165139,2.382090,0.562345,0.972975,2.152077,0.245514,1.017591,2.144125,0.065303,0.896591,2.436518,0.930528,0.935194,2.471869,0.530409,0.893220,2.411558,0.100502,1.001099,2.540827,0.021881,0.695449,1.155708,0.090972
0.968594,2.405429,0.934180,0.961202,2.402089,1.029993,0.960229,2.408218,1.134388,0.953263,2.406171,1.229627,0.946294,2.404362,1.324765,0.944775,2.413486,1.460632,0.959904,2.440791,1.555872,0.971012,2.390553,1.402677,1.089006,2.296839,1.387385,1.105987,2.276526,1.109008,1.126966,2.250062,0.872383,0.919708,2.428379,1.399569,0.794272,2.507319,1.368382,0.775562,2.492980,1.089749,0.780168,2.511878,0.851562,1.030677,2.355773,0.937874,1.181634,2.413714,0.568112,1.001333,2.199370,0.234129,1.054527,2.206469,0.058460,0.906419,2.455042,0.931715,0.938296,2.479449,0.530200,0.893582,2.412183,0.101589,1.001200,2.540938,0.021742,0.707707,1.143737,0.054830
0.978802,2.424017,0.935062,0.971013,2.420496,1.030837,0.969887,2.426436,1.135241,0.962900,2.424218,1.230475,0.956026,2.422244,1.325617,0.954804,2.431108,1.461504,0.970275,2.458351,1.556707,0.980848,2.408287,1.403506,1.098378,2.314005,1.388173,1.112824,2.291405,1.109826,1.131828,2.261392,0.873486,0.929667,2.446288,1.400573,0.804391,2.525830,1.370296,0.785072,2.514582,1.091561,0.792046,2.538791,0.853913,1.041037,2.374563,0.938940,1.196482,2.444949,0.573312,1.031609,2.248397,0.220362,1.093174,2.272794,0.051203,0.916469,2.473423,0.932411,0.941504,2.486767,0.529889,0.894083,2.412760,0.102683,1.001308,2.541040,0.021514,0.712082,1.133120,0.015303
0.989134,2.442532,0.935298,0.981021,2.438891,1.031043,0.979766,2.444683,1.135454,0.972762,2.442315,1.230684,0.965967,2.440182,1.325827,0.964993,2.448785,1.461734,0.980767,2.475960,1.556907,0.990881,2.426062,1.403679,1.108001,2.331300,1.388195,1.119967,2.306366,1.109926,1.137090,2.273330,0.873855,0.939810,2.464218,1.400904,0.814676,2.544255,1.371347,0.794548,2.535982,1.092560,0.804026,2.565416,0.855588,1.051536,2.393298,0.939349,1.210137,2.475155,0.577442,1.063756,2.298936,0.206316,1.133572,2.340086,0.044898,0.926631,2.491713,0.932474,0.944945,2.493961,0.529363,0.894634,2.413305,0.103701,1.001215,2.541258,0.021250,0.711724,1.122989,-0.022525
0.999608,2.460962,0.934816,0.991246,2.457308,1.030539,0.989882,2.463016,1.134954,0.982853,2.460537,1.230179,0.976102,2.458263,1.325323,0.975299,2.466607,1.461246,0.991319,2.493716,1.556397,1.001090,2.443942,1.403119,1.117876,2.348822,1.387299,1.127448,2.321447,1.109173,1.142758,2.285919,0.873325,0.950125,2.482247,1.400473,0.825140,2.562698,1.371404,0.803937,2.557157,1.092629,0.816186,2.591930,0.856537,1.062166,2.411941,0.939044,1.222800,2.504314,0.580535,1.098253,2.351397,0.192058,1.176216,2.408439,0.039545,0.936942,2.509930,0.931814,0.948631,2.500802,0.528596,0.895194,2.413776,0.104551,1.000743,2.541734,0.020971,0.704738,1.111510,-0.058153
1.010206,2.479318,0.933687,1.001666,2.475714,1.029397,1.000218,2.481377,1.133814,0.993168,2.478808,1.229035,0.986446,2.476400,1.324177,0.985764,2.484485,1.460117,1.001993,2.511522,1.555253,1.011497,2.461862,1.401904,1.128001,2.366471,1.385637,1.135235,2.336611,1.107700,1.148826,2.299118,0.872060,0.960624,2.500298,1.399369,0.835770,2.581054,1.370598,0.813294,2.578131,1.091885,0.828449,2.618155,0.856810,1.072936,2.430528,0.938083,1.234270,2.532443,0.582558,1.134621,2.405369,0.177522,1.220612,2.477758,0.035145,0.947367,2.528055,0.930520,0.952550,2.507519,0.527614,0.895805,2.414216,0.105324,1.000069,2.542324,0.020655,0.693020,1.100517,-0.092083
1.020769,2.497667,0.931956,1.012240,2.494163,1.027669,1.010812,2.499816,1.132086,1.003805,2.497173,1.227309,0.997138,2.494636,1.322451,0.996572,2.502460,1.458407,1.012961,2.529422,1.553537,1.022224,2.479875,1.400102,1.138403,2.384173,1.383366,1.143443,2.352224,1.105603,1.155385,2.312939,0.870172,0.971431,2.518423,1.397679,0.846671,2.599333,1.368936,0.822936,2.598974,1.090312,0.840719,2.643532,0.856197,1.083742,2.449200,0.936426,1.244399,2.558958,0.582907,1.171375,2.459395,0.164609,1.265318,2.544737,0.033070,0.957688,2.546084,0.928715,0.956795,2.514939,0.526392,0.896499,2.414758,0.106215,0.999523,2.542725,0.020290,0.685414,1.094639,-0.120737
1.031138,2.516015,0.929552,1.022906,2.512686,1.025297,1.021668,2.518378,1.129713,1.014810,2.515684,1.224945,1.008247,2.513026,1.320092,1.007808,2.520581,1.456063,1.024310,2.547459,1.551197,1.033305,2.498010,1.397656,1.149021,2.401849,1.380386,1.152117,2.368361,1.102768,1.162681,2.327326,0.867560,0.982599,2.536677,1.395349,0.857927,2.617589,1.366241,0.832804,2.619824,1.087751,0.852993,2.668066,0.854545,1.094427,2.467956,0.933952,1.253026,2.583451,0.581239,1.208734,2.513513,0.153592,1.311289,2.608059,0.033600,0.967744,2.564028,0.926383,0.961280,2.523335,0.524937,0.897273,2.415398,0.107246,0.999245,2.542774,0.019870,0.683188,1.093919,-0.139944
1.041471,2.534356,0.926545,1.033725,2.531253,1.022338,1.032782,2.537017,1.126754,1.026137,2.534289,1.221999,1.019705,2.531514,1.317152,1.019387,2.538799,1.453138,1.035953,2.565591,1.548285,1.044706,2.516239,1.394623,1.159916,2.419576,1.376797,1.161213,2.384948,1.099308,1.170469,2.342336,0.864323,0.994074,2.555006,1.392433,0.869454,2.635767,1.362692,0.842959,2.640543,1.084363,0.865274,2.691751,0.852007,1.105150,2.486798,0.930783,1.260313,2.606329,0.577896,1.246480,2.567684,0.144200,1.357570,2.669041,0.036456,0.977698,2.581875,0.923539,0.966091,2.532435,0.523242,0.898131,2.416142,0.108395,0.999095,2.542633,0.019400,0.685074,1.098315,-0.153875
1.052090,2.552747,0.923181,1.044837,2.549827,1.019020,1.044172,2.555655,1.123435,1.037746,2.552877,1.218694,1.031451,2.549979,1.313852,1.031237,2.557011,1.449852,1.047804,2.583742,1.545016,1.056450,2.534533,1.391247,1.171299,2.437506,1.373053,1.170719,2.402124,1.095661,1.178100,2.358153,0.860874,1.005816,2.573300,1.389167,0.881114,2.653712,1.358830,0.853902,2.660797,1.080612,0.877486,2.714008,0.848827,1.116280,2.505878,0.927240,1.266591,2.628226,0.573296,1.282472,2.620335,0.137515,1.399856,2.728321,0.042175,0.987813,2.599581,0.920356,0.971583,2.542252,0.521257,0.899115,2.417138,0.109784,0.998971,2.542486,0.018891,0.696114,1.112336,-0.171468
1.062930,2.571032,0.919402,1.056207,2.568224,1.015282,1.055813,2.574111,1.119695,1.049622,2.571280,1.214968,1.043472,2.568279,1.310132,1.043343,2.575130,1.446142,1.059839,2.601854,1.541321,1.068552,2.552818,1.387487,1.183151,2.455477,1.369326,1.180421,2.419882,1.091977,1.184986,2.374811,0.857339,1.017822,2.591470,1.385497,0.892900,2.671350,1.354652,0.866032,2.680635,1.076465,0.889775,2.734738,0.844873,1.127840,2.525160,0.923232,1.270937,2.648846,0.566878,1.317066,2.672407,0.134776,1.437760,2.787558,0.052544,0.997942,2.616867,0.916806,0.977800,2.552579,0.518907,0.900210,2.418290,0.111271,0.998843,2.542380,0.018291,0.719432,1.142549,-0.200948
1.074056,2.589366,0.915267,1.067870,2.586628,1.011185,1.067731,2.592565,1.115595,1.061780,2.589667,1.210882,1.055780,2.586556,1.306053,1.055720,2.593242,1.442071,1.072082,2.619986,1.537268,1.080996,2.571168,1.383383,1.195491,2.473651,1.365444,1.190532,2.438231,1.088105,1.191715,2.392276,0.853592,1.030095,2.609606,1.381479,0.904818,2.688755,1.350162,0.878951,2.700009,1.071956,0.901995,2.754039,0.840277,1.139808,2.544680,0.918852,1.274275,2.668485,0.559203,1.349907,2.722958,0.134744,1.471668,2.845092,0.065776,1.008232,2.634012,0.912915,0.984698,2.563623,0.516267,0.901431,2.419695,0.112999,0.998741,2.542269,0.017653,0.751905,1.182387,-0.234090
1.085976,2.608270,0.911202,1.080063,2.605561,1.007138,1.080024,2.611473,1.111550,1.074228,2.608426,1.206842,1.068350,2.605111,1.302013,1.068349,2.611502,1.438044,1.084517,2.638238,1.533276,1.093761,2.589770,1.379302,1.208584,2.492660,1.361344,1.201677,2.457331,1.084030,1.199404,2.410627,0.849666,1.042601,2.627870,1.377517,0.916757,2.705990,1.345915,0.891958,2.718434,1.067659,0.913620,2.771626,0.835682,1.152486,2.564691,0.914697,1.279714,2.688670,0.552373,1.377789,2.767594,0.134796,1.498431,2.896591,0.077046,1.019396,2.651808,0.908939,0.992495,2.576018,0.513510,0.902867,2.421792,0.115516,0.998669,2.542190,0.017143,0.789207,1.216648,-0.255155
1.098989,2.627801,0.907318,1.092907,2.625122,1.003245,1.092715,2.630939,1.107663,1.086937,2.627651,1.202948,1.081132,2.624010,1.298112,1.081188,2.629922,1.434165,1.097109,2.656628,1.529447,1.106839,2.608660,1.375341,1.222655,2.512853,1.356885,1.214084,2.477187,1.079659,1.208155,2.429984,0.845474,1.055319,2.646282,1.373731,0.928626,2.723006,1.342118,0.904971,2.735544,1.063764,0.924396,2.787201,0.831252,1.166099,2.585164,0.911013,1.288588,2.709582,0.547155,1.399304,2.804950,0.134864,1.515905,2.941412,0.086648,1.031804,2.670396,0.904856,1.001157,2.589243,0.510769,0.904214,2.424256,0.118827,0.998646,2.542159,0.016911,0.839882,1.239005,-0.253299
1.112797,2.647903,0.903504,1.106281,2.645212,0.999403,1.105781,2.650859,1.103830,1.099937,2.647250,1.199100,1.094177,2.643188,1.294250,1.094277,2.648489,1.430330,1.109894,2.675138,1.525679,1.120237,2.627802,1.371401,1.237480,2.533881,1.352208,1.227526,2.497796,1.075084,1.217866,2.450226,0.841103,1.068270,2.664822,1.370002,0.940515,2.739852,1.338565,0.918073,2.751706,1.060081,0.934577,2.801062,0.826824,1.180422,2.606127,0.907554,1.299562,2.731039,0.542782,1.415861,2.836389,0.135016,1.526234,2.980197,0.094287,1.045086,2.689636,0.900686,1.010718,2.603819,0.507912,0.905777,2.427413,0.122928,0.998653,2.542161,0.016807,0.895387,1.255784,-0.239366
1.127017,2.668926,0.899852,1.120061,2.666050,0.995713,1.119244,2.671378,1.100154,1.113326,2.667331,1.195401,1.107604,2.662748,1.290528,1.107720,2.667327,1.426633,1.122965,2.693817,1.522085,1.133947,2.647274,1.367557,1.252650,2.555333,1.347677,1.241936,2.519302,1.070575,1.229351,2.471075,0.836847,1.081484,2.683595,1.366381,0.952580,2.756732,1.335188,0.930815,2.767536,1.056609,0.944407,2.813816,0.822545,1.195093,2.627913,0.904187,1.311740,2.754026,0.539048,1.428486,2.861605,0.132824,1.532694,3.010542,0.094249,1.058849,2.709896,0.896750,1.021501,2.621937,0.504708,0.908559,2.432682,0.128354,0.998626,2.542189,0.016560,0.925769,1.270764,-0.230150
1.141804,2.691389,0.896282,1.134558,2.688094,0.992111,1.133487,2.692887,1.096574,1.127509,2.688226,1.191787,1.121799,2.682969,1.286878,1.121832,2.686632,1.423007,1.136620,2.712767,1.518627,1.148222,2.667263,1.363698,1.268149,2.576945,1.343437,1.257489,2.541667,1.066231,1.242952,2.492282,0.832840,1.095218,2.702791,1.362752,0.965110,2.773912,1.331895,0.943037,2.783438,1.053294,0.954013,2.825730,0.818357,1.210249,2.650990,0.900692,1.325226,2.779841,0.535985,1.436449,2.879312,0.126406,1.534341,3.029955,0.080651,1.073269,2.731743,0.893110,1.033894,2.644352,0.501024,0.912744,2.440242,0.135333,0.998615,2.542700,0.015614,0.913146,1.291922,-0.246433
1.157004,2.714773,0.892874,1.149460,2.710886,0.988660,1.148127,2.714995,1.093150,1.142081,2.709604,1.188321,1.136376,2.703572,1.283367,1.136298,2.706208,1.419520,1.150560,2.731886,1.515344,1.162809,2.687583,1.359934,1.283992,2.598979,1.339343,1.274012,2.564931,1.061953,1.258328,2.514095,0.828948,1.109216,2.722220,1.359232,0.977815,2.791125,1.328779,0.954900,2.799009,1.050191,0.963268,2.836537,0.814318,1.225751,2.674889,0.897287,1.339915,2.807186,0.533562,1.440479,2.890795,0.117645,1.532120,3.040928,0.059376,1.088171,2.754610,0.889703,1.047510,2.670309,0.496994,0.918150,2.449914,0.143637,0.998571,2.543237,0.014525,0.875400,1.311281,-0.267433
1.171773,2.737874,0.889950,1.163715,2.733274,0.985658,1.162038,2.736674,1.090169,1.155927,2.730573,1.185294,1.150299,2.723830,1.280299,1.150266,2.725584,1.416469,1.163984,2.750918,1.512465,1.176948,2.707751,1.356662,1.299817,2.621814,1.335321,1.290917,2.589362,1.057709,1.275271,2.536980,0.825061,1.122743,2.741418,1.356222,0.989990,2.807781,1.326047,0.966436,2.813658,1.047466,0.972036,2.846042,0.810755,1.240821,2.698535,0.894495,1.354597,2.833145,0.531482,1.443790,2.899599,0.109760,1.532144,3.048529,0.042358,1.102637,2.777162,0.886650,1.061513,2.699737,0.492790,0.925227,2.462580,0.153119,0.998290,2.542424,0.014686,0.836217,1.308683,-0.247597
1.186048,2.760542,0.887353,1.177048,2.755035,0.982917,1.174844,2.757665,1.087436,1.168632,2.750854,1.182505,1.163165,2.743459,1.277471,1.163412,2.744481,1.413650,1.176505,2.769610,1.509787,1.190395,2.727560,1.353737,1.315749,2.645957,1.330757,1.308415,2.615369,1.052892,1.294253,2.561046,0.820597,1.135561,2.760188,1.353594,1.001369,2.823502,1.323346,0.977433,2.826923,1.044758,0.979860,2.853984,0.807335,1.255397,2.721788,0.892287,1.369533,2.857128,0.529634,1.447539,2.906465,0.103660,1.537895,3.053611,0.034681,1.116595,2.799230,0.883661,1.075669,2.733736,0.487785,0.934134,2.478804,0.163932,0.996397,2.537055,0.016157,0.807426,1.269815,-0.148331
1.199892,2.782927,0.885241,1.189732,2.776392,0.980624,1.186922,2.778228,1.085145,1.180612,2.770726,1.180155,1.175376,2.762743,1.275086,1.176061,2.763179,1.411267,1.188509,2.788215,1.507514,1.203394,2.747217,1.351303,1.331662,2.670899,1.326266,1.326295,2.642543,1.048109,1.314801,2.586182,0.816137,1.147909,2.778728,1.351477,1.012216,2.838666,1.321030,0.988103,2.839266,1.042428,0.987198,2.860624,0.804391,1.269539,2.744787,0.890690,1.384463,2.879724,0.528128,1.450568,2.910652,0.098436,1.545891,3.055320,0.031260,1.130117,2.820983,0.881026,1.090212,2.771205,0.482605,0.944713,2.498021,0.175924,0.994266,2.530336,0.018880,0.777200,1.208991,-0.008229
1.212650,2.804283,0.884414,1.201536,2.796855,0.979637,1.198275,2.798112,1.084158,1.191998,2.790136,1.179133,1.187103,2.781808,1.274053,1.188338,2.782040,1.410228,1.200345,2.807242,1.506488,1.215916,2.766867,1.350194,1.346819,2.695491,1.323611,1.343343,2.669925,1.045162,1.335287,2.612525,0.813312,1.159764,2.797167,1.350653,1.022617,2.853821,1.320363,0.999122,2.851482,1.041723,0.995285,2.866543,0.803246,1.282653,2.766877,0.890313,1.397391,2.899792,0.527001,1.452612,2.913476,0.094588,1.551802,3.056166,0.028781,1.142501,2.841590,0.879742,1.105007,2.808771,0.479299,0.956948,2.519417,0.188489,0.995825,2.530505,0.024074,0.733736,1.148995,0.102488
1.224052,2.824366,0.885360,1.212285,2.816227,0.980451,1.208807,2.817199,1.084971,1.202761,2.809052,1.179949,1.198373,2.800723,1.274893,1.200343,2.801291,1.411057,1.212278,2.827023,1.507184,1.227948,2.786594,1.350877,1.360902,2.719287,1.323624,1.358872,2.697721,1.044853,1.355159,2.640220,0.812897,1.171114,2.815604,1.351587,1.032612,2.869433,1.322185,1.011367,2.864004,1.043434,1.005104,2.871527,0.804743,1.294491,2.787848,0.891612,1.407548,2.916870,0.526378,1.453217,2.914916,0.092616,1.553519,3.056669,0.026374,1.153459,2.860778,0.880335,1.120424,2.845884,0.478639,0.970859,2.542988,0.202621,1.002541,2.540481,0.033877,0.664213,1.098687,0.149163
1.234368,2.843421,0.887590,1.222153,2.834706,0.982571,1.218614,2.835607,1.087090,1.212932,2.827505,1.182094,1.209160,2.819418,1.277086,1.211975,2.820705,1.413231,1.224042,2.847227,1.509128,1.239504,2.806315,1.352884,1.374228,2.742732,1.325473,1.373568,2.725724,1.046379,1.374969,2.669120,0.814116,1.181971,2.833940,1.353813,1.042160,2.885035,1.325658,1.023961,2.876399,1.046770,1.015672,2.875790,0.808040,1.305300,2.807909,0.894130,1.415703,2.931419,0.526133,1.452838,2.914994,0.092020,1.553151,3.056308,0.024907,1.163279,2.878820,0.882280,1.136093,2.883094,0.479853,0.986426,2.568738,0.217327,1.012945,2.557345,0.046152,0.581453,1.049207,0.166454
1.243754,2.861430,0.890433,1.231433,2.852397,0.985368,1.227980,2.853436,1.089886,1.222729,2.845533,1.184930,1.219554,2.837813,1.279973,1.223061,2.839967,1.416093,1.235194,2.867359,1.511736,1.250599,2.825921,1.355637,1.387014,2.766012,1.328429,1.388274,2.752353,1.049125,1.394751,2.698917,0.816281,1.192359,2.852011,1.356722,1.051224,2.899782,1.329527,1.034945,2.888152,1.050601,1.025276,2.880562,0.811932,1.315220,2.827034,0.897106,1.422182,2.943677,0.525925,1.452572,2.915098,0.091806,1.552699,3.056031,0.023674,1.172132,2.895713,0.884992,1.150766,2.918678,0.482682,1.003571,2.595859,0.229029,1.026557,2.580572,0.055713,0.512124,0.996751,0.188108
1.252167,2.878333,0.893850,1.240236,2.869266,0.988833,1.237065,2.870654,1.093355,1.232322,2.863097,1.188453,1.229693,2.855848,1.283549,1.233617,2.858984,1.419637,1.245674,2.887317,1.515013,1.261352,2.845436,1.359172,1.399482,2.789331,1.332580,1.403598,2.776850,1.053241,1.414916,2.729638,0.819309,1.202367,2.869733,1.360318,1.059807,2.913099,1.333482,1.043051,2.899039,1.054679,1.033009,2.886271,0.816191,1.324235,2.845218,0.900402,1.426772,2.953346,0.525517,1.452775,2.915707,0.091637,1.552797,3.056181,0.022411,1.179947,2.911333,0.888530,1.163992,2.952004,0.487364,1.022307,2.623845,0.236813,1.043426,2.610942,0.060688,0.470172,0.933740,0.233197
1.259650,2.894192,0.897880,1.248450,2.885347,0.992975,1.245710,2.887294,1.097503,1.241542,2.880236,1.192667,1.239438,2.873583,1.287821,1.243626,2.877848,1.423870,1.255541,2.907204,1.518955,1.271643,2.864837,1.363452,1.411408,2.812486,1.337837,1.418932,2.799973,1.058576,1.435052,2.761256,0.823282,1.211904,2.887190,1.364596,1.067906,2.925561,1.337834,1.049548,2.909285,1.059253,1.039777,2.892489,0.821046,1.332362,2.862466,0.904157,1.429685,2.960722,0.525146,1.453092,2.916342,0.091849,1.552811,3.056416,0.021383,1.186794,2.925804,0.892835,1.176221,2.983704,0.493661,1.042621,2.653202,0.241593,1.063502,2.647675,0.062949,0.441651,0.867754,0.282650
1.266487,2.909178,0.901970,1.256034,2.900858,0.997194,1.253719,2.903544,1.101714,1.250093,2.897107,1.196944,1.248471,2.891113,1.292151,1.252867,2.896518,1.428155,1.264531,2.926835,1.522971,1.281134,2.883945,1.367795,1.422346,2.835046,1.343205,1.433295,2.822410,1.064065,1.453956,2.793385,0.827753,1.220729,2.904462,1.368932,1.075476,2.938039,1.342268,1.056283,2.919048,1.063935,1.046586,2.899153,0.825978,1.339782,2.878763,0.908018,1.431880,2.966938,0.525175,1.453551,2.916954,0.092459,1.552849,3.056653,0.020669,1.193055,2.939485,0.897155,1.187563,3.013955,0.500597,1.064403,2.684642,0.242528,1.086157,2.687918,0.062923,0.411390,0.817719,0.312997
1.272638,2.923091,0.906085,1.262876,2.915764,1.001454,1.260950,2.919452,1.105944,1.257810,2.913797,1.201239,1.256614,2.908527,1.296494,1.261189,2.915029,1.432444,1.272463,2.946183,1.527036,1.289619,2.902719,1.372135,1.432019,2.856780,1.348599,1.446230,2.844287,1.069600,1.471206,2.826102,0.832735,1.228677,2.921603,1.373282,1.082441,2.950816,1.346823,1.064137,2.928131,1.068733,1.053743,2.906361,0.830944,1.346415,2.893831,0.912030,1.433392,2.972010,0.525851,1.454208,2.917497,0.093594,1.552948,3.056872,0.020420,1.198735,2.952259,0.901373,1.197970,3.042698,0.508109,1.088185,2.718053,0.238657,1.112195,2.730470,0.060230,0.372936,0.791708,0.314209
1.278143,2.936132,0.910261,1.269087,2.930099,1.005790,1.267546,2.934971,1.110239,1.264859,2.930218,1.205597,1.264043,2.925738,1.300897,1.268743,2.933345,1.436785,1.279519,2.965275,1.531177,1.297303,2.921200,1.376537,1.440702,2.877920,1.354103,1.458193,2.865478,1.075288,1.487223,2.859329,0.838215,1.235912,2.938560,1.377690,1.088877,2.963609,1.351461,1.072229,2.936732,1.073639,1.060940,2.914015,0.835988,1.352341,2.907949,0.916148,1.434186,2.975921,0.526927,1.455006,2.918017,0.095127,1.553071,3.057093,0.020487,1.203829,2.964244,0.905606,1.207489,3.069991,0.516262,1.113434,2.753546,0.230940,1.140813,2.776532,0.055251,0.332741,0.781649,0.296316
1.283405,2.949075,0.914054,1.274962,2.944180,1.009714,1.273739,2.950150,1.114116,1.271450,2.946268,1.209526,1.270968,2.942580,1.304863,1.275756,2.951326,1.440679,1.285974,2.984002,1.534877,1.304463,2.939331,1.380512,1.448774,2.898736,1.358976,1.469570,2.886294,1.080389,1.502076,2.892451,0.843707,1.242681,2.955253,1.381667,1.094973,2.976440,1.355752,1.079763,2.945594,1.078237,1.068269,2.921763,0.840724,1.357997,2.921943,0.919886,1.435111,2.979750,0.528034,1.455801,2.918593,0.096694,1.553204,3.057292,0.020503,1.208705,2.976154,0.909453,1.216368,3.096179,0.524269,1.138441,2.792165,0.221419,1.168972,2.826844,0.049557,0.294995,0.782255,0.265937
1.288577,2.962073,0.917365,1.280602,2.957984,1.013108,1.279602,2.964872,1.117457,1.277641,2.961772,1.212904,1.277446,2.958864,1.308269,1.282293,2.968796,1.444001,1.291879,3.002194,1.538010,1.311196,2.956977,1.383947,1.456367,2.919265,1.362970,1.480451,2.906709,1.084651,1.515629,2.925307,0.849044,1.249075,2.971537,1.385102,1.100808,2.989201,1.359694,1.086372,2.954853,1.082544,1.075846,2.929329,0.845167,1.363546,2.935987,0.923132,1.436584,2.983730,0.529133,1.456636,2.919248,0.098239,1.553327,3.057499,0.020314,1.213504,2.988113,0.912827,1.224633,3.121533,0.532154,1.162820,2.834409,0.210160,1.196314,2.881863,0.042981,0.259464,0.798598,0.218450
1.293505,2.974972,0.920294,1.285905,2.971534,1.016089,1.285063,2.979254,1.120380,1.283373,2.976905,1.215853,1.283419,2.974781,1.311239,1.288289,2.985929,1.446876,1.297183,3.020022,1.540703,1.317405,2.974272,1.386954,1.463349,2.939470,1.366333,1.490745,2.926749,1.088326,1.528017,2.958057,0.854394,1.255002,2.987557,1.388106,1.106301,3.001999,1.363290,1.092424,2.964374,1.086543,1.083555,2.936988,0.849303,1.368823,2.949908,0.925999,1.438189,2.987628,0.530263,1.457466,2.919960,0.099818,1.553459,3.057683,0.020075,1.218086,2.999997,0.915814,1.232258,3.145782,0.539895,1.186957,2.879780,0.197096,1.223198,2.941132,0.035690,0.226381,0.825606,0.158477
1.298128,2.988090,0.922690,1.290856,2.985207,1.018528,1.290136,2.993705,1.122759,1.288676,2.992082,1.218251,1.288922,2.990740,1.313651,1.293779,3.003115,1.449182,1.302012,3.037883,1.542823,1.323076,2.991565,1.389376,1.469701,2.959512,1.369070,1.500562,2.946805,1.091431,1.539717,2.990568,0.859776,1.260432,3.003676,1.390516,1.111402,3.015182,1.366123,1.098224,2.974498,1.089776,1.091129,2.945218,0.852700,1.373770,2.964005,0.928333,1.439533,2.991822,0.531163,1.458018,2.920743,0.101238,1.553649,3.057726,0.019874,1.222388,3.012140,0.918272,1.239423,3.168456,0.546644,1.210290,2.927824,0.184067,1.247663,3.004019,0.029761,0.200634,0.842775,0.106513
1.302411,3.001555,0.924523,1.295456,2.999113,1.020398,1.294854,3.008324,1.124570,1.293605,3.007401,1.220075,1.294027,3.006839,1.315482,1.298855,3.020454,1.450895,1.306494,3.055892,1.544335,1.328263,3.008943,1.391167,1.475466,2.979462,1.371136,1.510107,2.967003,1.093942,1.550897,3.023062,0.865290,1.265419,3.019994,1.392296,1.116170,3.028881,1.368078,1.103873,2.985334,1.092123,1.098599,2.954067,0.855262,1.378348,2.978376,0.930072,1.440345,2.996375,0.531737,1.458172,2.921612,0.102406,1.553966,3.057522,0.019740,1.226380,3.024702,0.920197,1.246205,3.189713,0.552413,1.233051,2.978931,0.171209,1.269199,3.071575,0.025411,0.184659,0.835964,0.072841
1.306389,3.015239,0.925823,1.299704,3.013143,1.021725,1.299184,3.023012,1.125838,1.298105,3.022765,1.221348,1.298661,3.022981,1.316756,1.303425,3.037845,1.452039,1.310501,3.073933,1.545274,1.332911,3.026319,1.392373,1.480601,2.999248,1.372575,1.519175,2.987217,1.095883,1.561390,3.055316,0.870837,1.269908,3.036411,1.393482,1.120545,3.042965,1.369270,1.109269,2.996774,1.093703,1.105934,2.963486,0.857085,1.382596,2.992924,0.931279,1.440896,3.001224,0.532082,1.458048,2.922553,0.103416,1.554340,3.057176,0.019645,1.230093,3.037525,0.921593,1.252527,3.209395,0.557191,1.255010,3.032712,0.158386,1.288316,3.142748,0.022423,0.176020,0.819314,0.047178
1.310107,3.029075,0.926542,1.303585,3.027346,1.022461,1.303044,3.037877,1.126508,1.302042,3.038304,1.222018,1.302645,3.039288,1.317421,1.307245,3.055370,1.452571,1.313764,3.092068,1.545609,1.336846,3.043775,1.392977,1.484959,3.018820,1.373525,1.527261,3.007455,1.097342,1.571163,3.086523,0.876133,1.273708,3.052991,1.394026,1.124298,3.057387,1.369633,1.114411,3.008843,1.094419,1.112782,2.973802,0.858024,1.386573,3.007660,0.931986,1.441611,3.006554,0.532222,1.457722,2.923538,0.104349,1.554615,3.056886,0.019594,1.233556,3.050464,0.922324,1.258334,3.226556,0.560093,1.274911,3.087541,0.147035,1.304588,3.213753,0.022211,0.172294,0.814747,0.019169
1.313542,3.042933,0.926642,1.307072,3.041679,1.022572,1.306400,3.052943,1.126540,1.305374,3.054095,1.222043,1.305929,3.055878,1.317434,1.310255,3.073198,1.452439,1.316214,3.110477,1.545283,1.340013,3.061434,1.392936,1.488476,3.038194,1.373967,1.534246,3.027816,1.098301,1.580394,3.116520,0.881205,1.276761,3.069858,1.393877,1.127371,3.072218,1.369077,1.119418,3.021634,1.094169,1.119031,2.985202,0.857972,1.390263,3.022483,0.932178,1.442680,3.012400,0.532165,1.457147,2.924549,0.105206,1.554706,3.056738,0.019621,1.236738,3.063364,0.922334,1.263049,3.240372,0.560569,1.292393,3.144240,0.137211,1.317732,3.285136,0.025172,0.174912,0.831426,-0.015095
1.316717,3.056943,0.926160,1.310192,3.056185,1.022092,1.309285,3.068187,1.125976,1.308143,3.070060,1.221466,1.308563,3.072632,1.316839,1.312515,3.091159,1.451694,1.317920,3.128979,1.544352,1.342466,3.079173,1.392293,1.491214,3.057353,1.373920,1.540249,3.048202,1.098777,1.588906,3.145470,0.886026,1.279125,3.086888,1.393087,1.129820,3.087388,1.367691,1.124171,3.035055,1.093054,1.124792,2.997499,0.857037,1.393683,3.037494,0.931869,1.443913,3.018727,0.531903,1.456370,2.925603,0.105987,1.554698,3.056645,0.019692,1.239669,3.076382,0.921679,1.267249,3.251668,0.559170,1.307818,3.201987,0.128859,1.328029,3.356350,0.030910,0.182444,0.860187,-0.051705
1.319752,3.071430,0.925154,1.313007,3.071048,1.021073,1.311720,3.083639,1.124883,1.310338,3.086097,1.220358,1.310513,3.089314,1.315714,1.313966,3.108833,1.450445,1.318824,3.147093,1.542953,1.344195,3.096704,1.391160,1.493218,3.076195,1.373569,1.545121,3.068333,1.098906,1.596134,3.173053,0.890236,1.280778,3.103777,1.391755,1.131594,3.102635,1.365671,1.128312,3.048852,1.091272,1.130050,3.010455,0.855399,1.396944,3.053008,0.931144,1.445162,3.025622,0.531440,1.455622,2.926731,0.106783,1.554681,3.056549,0.019713,1.242474,3.089848,0.920393,1.272608,3.261969,0.556664,1.321024,3.256687,0.123252,1.335903,3.421972,0.039649,0.188170,0.895461,-0.089288
1.322560,3.086447,0.923546,1.315394,3.086268,1.019436,1.313573,3.099262,1.123191,1.311831,3.102134,1.218650,1.311663,3.105828,1.313991,1.314532,3.126099,1.448629,1.318896,3.164707,1.541020,1.345148,3.113924,1.389469,1.494455,3.094637,1.372926,1.548602,3.088138,1.098652,1.601723,3.199205,0.893770,1.281667,3.120456,1.389832,1.132615,3.118001,1.363048,1.131783,3.063000,1.088874,1.134831,3.023989,0.853112,1.399959,3.069081,0.929941,1.446209,3.032655,0.530767,1.454825,2.927879,0.107444,1.554683,3.056412,0.019642,1.245064,3.103812,0.918382,1.280233,3.271016,0.552935,1.331712,3.308243,0.121799,1.341553,3.481185,0.053549,0.190383,0.940769,-0.132257
1.325228,3.101941,0.921414,1.317477,3.101844,1.017260,1.314977,3.115095,1.120970,1.312750,3.118243,1.216411,1.312130,3.122268,1.311737,1.314289,3.143078,1.446309,1.318164,3.181934,1.538619,1.345377,3.130937,1.387289,1.494958,3.112763,1.371980,1.550952,3.107688,1.098049,1.606027,3.223991,0.896692,1.281845,3.136995,1.387367,1.132960,3.133443,1.359790,1.134643,3.077523,1.085809,1.139109,3.038182,0.850123,1.402817,3.085656,0.928320,1.447272,3.040256,0.529893,1.454055,2.929099,0.108121,1.554676,3.056273,0.019521,1.247528,3.118225,0.915740,1.289018,3.279070,0.548098,1.340179,3.356751,0.123091,1.344780,3.534805,0.070450,0.190790,0.992590,-0.176200
1.328134,3.118079,0.919049,1.319687,3.117958,1.014834,1.316344,3.131291,1.118506,1.313473,3.134531,1.213924,1.312228,3.138681,1.309235,1.313404,3.159708,1.443779,1.316655,3.198625,1.536083,1.345022,3.147762,1.384936,1.494861,3.130725,1.370883,1.552808,3.126921,1.097344,1.609552,3.247279,0.898835,1.281447,3.153287,1.384622,1.132802,3.148570,1.356001,1.136713,3.092243,1.082120,1.142797,3.053046,0.846452,1.405886,3.102880,0.926540,1.448861,3.049806,0.528843,1.453770,2.930579,0.109352,1.554664,3.056189,0.019385,1.250257,3.133273,0.912789,1.297318,3.288441,0.543270,1.347157,3.398409,0.124175,1.345405,3.579850,0.084099,0.187797,1.034799,-0.206513
1.331625,3.134940,0.916417,1.322378,3.134697,1.012127,1.317981,3.147913,1.115772,1.314253,3.151023,1.211162,1.312138,3.155036,1.306461,1.311922,3.175874,1.441034,1.314342,3.214646,1.533424,1.344138,3.164348,1.382408,1.494218,3.148534,1.369585,1.554511,3.145771,1.096547,1.612484,3.269004,0.900099,1.280519,3.169204,1.381546,1.132220,3.163149,1.351469,1.137733,3.107068,1.077554,1.145783,3.068653,0.841824,1.409526,3.120921,0.924565,1.450829,3.061373,0.527564,1.453846,2.932077,0.111028,1.554657,3.056217,0.019309,1.253589,3.148953,0.909502,1.304921,3.299334,0.538555,1.352235,3.431521,0.124572,1.341418,3.614497,0.093244,0.183943,1.058433,-0.215058
1.335353,3.152443,0.913550,1.325197,3.151973,1.009170,1.319580,3.164899,1.112795,1.314837,3.167695,1.208152,1.311680,3.171364,1.303438,1.309799,3.191691,1.438079,1.311251,3.230133,1.530631,1.342670,3.180747,1.379707,1.492976,3.166179,1.368136,1.555721,3.164304,1.095646,1.614636,3.289231,0.900584,1.279015,3.184874,1.378188,1.131135,3.177413,1.346405,1.137963,3.122090,1.072364,1.148179,3.084932,0.836514,1.413379,3.139611,0.922430,1.453323,3.074888,0.526109,1.454408,2.933834,0.113258,1.554645,3.056301,0.019218,1.257187,3.165268,0.905906,1.312040,3.311544,0.533848,1.355822,3.457783,0.124762,1.334830,3.640568,0.099136,0.176690,1.072455,-0.209971
1.338659,3.170515,0.910837,1.327510,3.169709,1.006342,1.320641,3.182215,1.109944,1.314845,3.184582,1.205254,1.310620,3.187791,1.300517,1.307061,3.207445,1.435226,1.307480,3.245349,1.528007,1.340606,3.197137,1.377147,1.491115,3.183778,1.366844,1.556049,3.182646,1.094856,1.615944,3.308025,0.900422,1.276928,3.200581,1.374957,1.129483,3.191676,1.341541,1.138000,3.137401,1.067351,1.150235,3.101673,0.831370,1.416745,3.158593,0.920503,1.457286,3.091523,0.524664,1.456279,2.936762,0.116908,1.554593,3.056337,0.018924,1.260424,3.182424,0.902406,1.317660,3.326766,0.529950,1.359880,3.478478,0.123231,1.331497,3.660550,0.099274,0.156828,1.087625,-0.201067
1.341473,3.189058,0.908254,1.329161,3.187860,1.003608,1.321006,3.199858,1.107175,1.314123,3.201714,1.202423,1.308835,3.204378,1.297647,1.303662,3.223235,1.432416,1.302990,3.260370,1.525503,1.337896,3.213595,1.374702,1.488587,3.201346,1.365785,1.555299,3.200798,1.094222,1.616206,3.325214,0.899467,1.274213,3.216449,1.371853,1.127209,3.205955,1.336999,1.138228,3.153039,1.062649,1.152000,3.118947,0.826506,1.419503,3.177510,0.918828,1.462684,3.111525,0.522938,1.459002,2.940176,0.122172,1.554473,3.056259,0.018311,1.263277,3.200585,0.898909,1.321097,3.346849,0.527300,1.365388,3.492315,0.118655,1.334417,3.673424,0.090627,0.118631,1.114676,-0.196359
1.343864,3.208168,0.905823,1.330306,3.206471,1.001004,1.320833,3.217831,1.104531,1.312824,3.219060,1.199703,1.306449,3.221065,1.294878,1.299649,3.238962,1.429708,1.297820,3.275121,1.523168,1.334589,3.230046,1.372398,1.485440,3.218868,1.364882,1.553668,3.218759,1.093699,1.615624,3.340970,0.897863,1.270915,3.232353,1.368875,1.124369,3.220234,1.332657,1.138262,3.168967,1.058124,1.153425,3.136684,0.821808,1.421774,3.196718,0.917361,1.469553,3.134648,0.521222,1.463035,2.944762,0.128856,1.554312,3.056134,0.017494,1.265771,3.219588,0.895509,1.323035,3.369944,0.525459,1.371366,3.500586,0.112358,1.340592,3.680208,0.076226,0.067825,1.142875,-0.187833
1.345385,3.228055,0.904003,1.330780,3.225587,0.999012,1.320089,3.236112,1.102509,1.311030,3.236568,1.197594,1.303604,3.237802,1.292706,1.295186,3.254613,1.427584,1.292193,3.289637,1.521443,1.330819,3.246434,1.370628,1.481807,3.236420,1.364212,1.551355,3.236650,1.093365,1.614733,3.355867,0.896178,1.267167,3.248201,1.366430,1.121062,3.234776,1.328883,1.137548,3.185166,1.054176,1.154612,3.154467,0.817788,1.423222,3.216929,0.916340,1.478939,3.161314,0.520576,1.470574,2.953475,0.137239,1.554164,3.056052,0.016634,1.267354,3.239141,0.892885,1.324517,3.392195,0.523904,1.376839,3.508442,0.106806,1.346879,3.686440,0.062660,0.012389,1.150788,-0.161256
1.345852,3.249654,0.903040,1.330463,3.245879,0.997870,1.318656,3.255175,1.101354,1.308613,3.254569,1.196331,1.300140,3.254808,1.291356,1.290051,3.270284,1.426269,1.285885,3.303941,1.520572,1.326388,3.262842,1.369571,1.477487,3.253941,1.363790,1.548405,3.254560,1.093294,1.613851,3.369825,0.894502,1.262773,3.264119,1.364662,1.117068,3.250076,1.325767,1.135741,3.201839,1.050945,1.155846,3.172161,0.814686,1.423701,3.239277,0.915945,1.492926,3.192858,0.521552,1.484202,2.968210,0.147907,1.553833,3.055854,0.014652,1.267800,3.259980,0.891355,1.326138,3.412619,0.522382,1.381715,3.518401,0.102835,1.352786,3.694538,0.051506,-0.057789,1.126638,-0.097537
1.345449,3.272029,0.902687,1.329475,3.266678,0.997342,1.316653,3.274547,1.100821,1.305699,3.272730,1.195679,1.296216,3.271864,1.290603,1.284466,3.285878,1.425538,1.279120,3.318011,1.520313,1.321494,3.279189,1.369049,1.472681,3.271492,1.363601,1.544773,3.272400,1.093413,1.612660,3.382925,0.892744,1.257928,3.279981,1.363427,1.112608,3.265640,1.323219,1.133185,3.218783,1.048291,1.156842,3.189901,0.812262,1.423356,3.262627,0.915997,1.509431,3.227947,0.523597,1.501336,2.987073,0.160275,1.553513,3.055700,0.012627,1.267335,3.281370,0.890601,1.327302,3.432198,0.521145,1.386085,3.527945,0.099609,1.358806,3.702084,0.041188,-0.132598,1.082203,-0.015768
1.344288,3.292590,0.902655,1.328006,3.286020,0.997195,1.314404,3.292775,1.100666,1.302753,3.290006,1.195429,1.292455,3.288260,1.290265,1.279265,3.301098,1.425197,1.272788,3.331813,1.520380,1.316867,3.295172,1.368924,1.468118,3.289328,1.363673,1.540532,3.290030,1.093574,1.610737,3.395985,0.891195,1.253355,3.295311,1.362700,1.108439,3.280247,1.321342,1.130357,3.235370,1.046196,1.156852,3.207673,0.810306,1.422281,3.284297,0.916190,1.523255,3.263010,0.526110,1.516419,3.007349,0.172873,1.553849,3.056162,0.013954,1.266088,3.300812,0.890346,1.327268,3.450022,0.520427,1.389254,3.534682,0.097079,1.363270,3.707369,0.033566,-0.173730,1.031381,0.041009
1.342184,3.310050,0.902856,1.325970,3.302951,0.997378,1.311927,3.309169,1.100832,1.299884,3.305907,1.195537,1.289056,3.303673,1.290311,1.274761,3.315817,1.425203,1.267246,3.345305,1.520701,1.312753,3.310671,1.369198,1.464065,3.307666,1.363964,1.535478,3.307476,1.093602,1.608055,3.409122,0.889869,1.249290,3.309921,1.362536,1.104802,3.293463,1.320211,1.127265,3.251659,1.044642,1.155536,3.225641,0.808746,1.420299,3.302956,0.916379,1.532586,3.297123,0.528966,1.527179,3.028516,0.185311,1.554515,3.055026,0.020970,1.263864,3.317063,0.890558,1.325549,3.465914,0.520568,1.390692,3.536897,0.095369,1.365179,3.709081,0.030058,-0.145560,0.974645,0.045651
1.339323,3.325695,0.903378,1.323454,3.318426,0.997942,1.309204,3.324419,1.101377,1.296983,3.320923,1.196047,1.285819,3.318426,1.290772,1.270640,3.330161,1.425599,1.262137,3.358530,1.521350,1.308906,3.325806,1.369870,1.460256,3.326289,1.364516,1.529814,3.324711,1.093673,1.604641,3.422218,0.888751,1.245496,3.323999,1.362881,1.101456,3.305723,1.319751,1.123900,3.267592,1.043647,1.153234,3.243640,0.807653,1.417587,3.319935,0.916708,1.539237,3.331211,0.532291,1.535887,3.051096,0.197981,1.555835,3.054506,0.031338,1.260857,3.331367,0.891269,1.322632,3.480052,0.521227,1.390927,3.536303,0.094355,1.365531,3.708533,0.029245,-0.083712,0.911523,0.025301
1.336371,3.340793,0.904197,1.320907,3.333351,0.998810,1.306505,3.339154,1.102230,1.294183,3.335472,1.196877,1.282768,3.332779,1.291563,1.266798,3.344209,1.426321,1.257271,3.371582,1.522264,1.305314,3.340644,1.370796,1.456615,3.344793,1.365486,1.524220,3.341510,1.094165,1.600152,3.435744,0.888090,1.241984,3.337637,1.363538,1.098436,3.317107,1.319828,1.120721,3.282361,1.043248,1.150215,3.261160,0.807039,1.414763,3.336542,0.917309,1.543445,3.364476,0.535863,1.543798,3.073936,0.210586,1.559429,3.061813,0.041439,1.257783,3.344949,0.892303,1.319243,3.492051,0.521618,1.390850,3.535655,0.093623,1.365659,3.707948,0.028735,-0.056754,0.854499,0.018337
1.333510,3.355843,0.905338,1.318494,3.348089,0.999996,1.303975,3.353635,1.103415,1.291608,3.349750,1.198048,1.279998,3.346881,1.292706,1.263291,3.358069,1.427396,1.252637,3.384597,1.523459,1.302072,3.355281,1.371954,1.453230,3.363159,1.367077,1.518637,3.357562,1.095274,1.594295,3.449693,0.888090,1.238850,3.350923,1.364471,1.095834,3.327615,1.320450,1.117927,3.295725,1.043509,1.146319,3.278107,0.806886,1.412016,3.353244,0.918214,1.545079,3.396616,0.539611,1.551447,3.095932,0.223856,1.566626,3.080236,0.050341,1.254814,3.358343,0.893684,1.315226,3.501596,0.521356,1.390630,3.535851,0.093083,1.365957,3.708060,0.027777,-0.112067,0.806228,0.046264
1.330559,3.370346,0.906775,1.316050,3.362277,1.001486,1.301469,3.367600,1.104908,1.289133,3.363562,1.199538,1.277412,3.360584,1.294179,1.260063,3.371632,1.428798,1.248247,3.397440,1.524919,1.299085,3.369620,1.373368,1.450015,3.381405,1.369085,1.513124,3.373179,1.096804,1.587363,3.464071,0.888547,1.235998,3.363769,1.365717,1.093558,3.337247,1.321610,1.115319,3.307926,1.044367,1.141706,3.294575,0.807212,1.409158,3.369575,0.919391,1.544269,3.427935,0.543607,1.558299,3.118189,0.237062,1.576098,3.106486,0.058977,1.251777,3.371016,0.895388,1.310737,3.509002,0.520827,1.390098,3.535993,0.092825,1.366029,3.708136,0.027122,-0.202270,0.764055,0.087578
1.327642,3.384067,0.908403,1.313533,3.375740,1.003154,1.298827,3.380883,1.106566,1.286530,3.376737,1.201197,1.274742,3.373692,1.295827,1.256834,3.384650,1.430380,1.243939,3.409806,1.526537,1.296057,3.383435,1.374960,1.446640,3.399186,1.371061,1.508545,3.389075,1.098543,1.579890,3.479370,0.889090,1.233152,3.376002,1.367196,1.091366,3.346088,1.323151,1.112755,3.318884,1.045661,1.137118,3.310344,0.808075,1.406237,3.385441,0.920871,1.541645,3.458546,0.547838,1.564012,3.142873,0.247728,1.585472,3.137912,0.066528,1.248868,3.382593,0.897168,1.306976,3.514843,0.520399,1.389627,3.536138,0.092709,1.366017,3.708199,0.026624,-0.253790,0.732488,0.116143
1.324820,3.396789,0.910268,1.310905,3.388316,1.005036,1.295943,3.393354,1.108417,1.283655,3.389166,1.203047,1.271826,3.386108,1.297671,1.253448,3.397031,1.432165,1.239592,3.421610,1.528339,1.292855,3.396610,1.376782,1.442985,3.416273,1.372840,1.505474,3.405487,1.100471,1.572063,3.496066,0.889625,1.230172,3.387540,1.368959,1.089088,3.354206,1.325096,1.110081,3.328537,1.047422,1.132850,3.325392,0.809558,1.403294,3.400764,0.922785,1.537472,3.488495,0.552442,1.568213,3.170644,0.255057,1.594364,3.174331,0.072871,1.246167,3.392715,0.898984,1.304508,3.519043,0.520230,1.389382,3.536315,0.092745,1.365933,3.708255,0.026285,-0.224421,0.716402,0.118114
1.322031,3.408731,0.912324,1.308204,3.400168,1.007096,1.292923,3.405142,1.110433,1.280650,3.400958,1.205065,1.268825,3.397931,1.299691,1.250061,3.408865,1.434130,1.235327,3.432938,1.530300,1.289612,3.409261,1.378783,1.439171,3.432894,1.374586,1.503337,3.422180,1.102609,1.563695,3.513683,0.890246,1.227199,3.398465,1.370955,1.086894,3.361533,1.327421,1.107451,3.336947,1.049620,1.128607,3.339741,0.811579,1.400289,3.415621,0.925003,1.531484,3.517737,0.557283,1.571275,3.200843,0.259847,1.603159,3.215925,0.078129,1.243595,3.401741,0.900876,1.302767,3.521677,0.520163,1.389199,3.536496,0.092922,1.365764,3.708298,0.026105,-0.156370,0.710921,0.107336
1.319220,3.420313,0.914324,1.305493,3.411608,1.009097,1.289922,3.416468,1.112397,1.277714,3.412266,1.207037,1.265955,3.409257,1.301671,1.246871,3.420177,1.436066,1.231352,3.443736,1.532240,1.286433,3.421509,1.380739,1.435232,3.449390,1.376340,1.501276,3.439161,1.104801,1.554765,3.531285,0.890873,1.224377,3.408845,1.372959,1.085055,3.367946,1.329903,1.105186,3.344218,1.051999,1.124251,3.353232,0.813948,1.397149,3.430155,0.927163,1.523511,3.546248,0.561940,1.573971,3.233656,0.262015,1.610646,3.260590,0.081851,1.241114,3.410371,0.902717,1.301256,3.523543,0.520094,1.388961,3.536654,0.093076,1.365614,3.708338,0.025927,-0.102678,0.705935,0.099212
1.316388,3.431617,0.916233,1.302830,3.422644,1.011005,1.287049,3.427293,1.114282,1.274994,3.423020,1.208938,1.263390,3.420002,1.303591,1.244076,3.430872,1.437958,1.227891,3.453896,1.534153,1.283449,3.433322,1.382626,1.431321,3.465769,1.378212,1.499266,3.456380,1.107118,1.545101,3.548347,0.891451,1.221840,3.418604,1.374965,1.083703,3.373250,1.332613,1.103489,3.350244,1.054622,1.119732,3.365785,0.816730,1.393883,3.444341,0.929179,1.513330,3.574348,0.566399,1.576985,3.269320,0.261339,1.617300,3.307830,0.083822,1.238719,3.418785,0.904517,1.299848,3.524611,0.519983,1.388574,3.536752,0.093138,1.365498,3.708371,0.025726,-0.082299,0.700325,0.101246
1.313534,3.442563,0.918087,1.300158,3.433268,1.012854,1.284196,3.437655,1.116115,1.272344,3.433290,1.210792,1.260955,3.430251,1.305471,1.241477,3.441044,1.439820,1.224718,3.463527,1.536045,1.280530,3.444734,1.384469,1.427284,3.482022,1.380091,1.497332,3.473887,1.109491,1.534874,3.565394,0.892033,1.219454,3.427819,1.376979,1.082706,3.377642,1.335480,1.102156,3.355131,1.057425,1.115100,3.377481,0.819860,1.390482,3.458203,0.931137,1.501163,3.601717,0.570675,1.579634,3.307599,0.258041,1.622646,3.358140,0.084257,1.236416,3.426804,0.906266,1.298669,3.524912,0.519871,1.388132,3.536828,0.093176,1.365401,3.708400,0.025528,-0.076279,0.695210,0.105933
1.310598,3.453333,0.919755,1.297365,3.443774,1.014516,1.281187,3.447897,1.117754,1.269521,3.443438,1.212450,1.258339,3.440360,1.307153,1.238678,3.451006,1.441486,1.221370,3.472898,1.537748,1.277392,3.455964,1.386117,1.422691,3.498465,1.381686,1.494692,3.491850,1.111555,1.524576,3.583073,0.892698,1.216967,3.436787,1.378796,1.081938,3.381583,1.338074,1.100903,3.359297,1.059969,1.110363,3.388399,0.822954,1.386851,3.471954,0.932929,1.487508,3.627372,0.574396,1.580640,3.347976,0.252712,1.624044,3.410901,0.083342,1.234178,3.434587,0.907808,1.297603,3.525333,0.519776,1.387799,3.536962,0.093231,1.365378,3.708448,0.025265,-0.080805,0.683835,0.106166
1.307545,3.463995,0.921209,1.294388,3.454269,1.015964,1.277944,3.458145,1.119170,1.266445,3.453601,1.213883,1.255467,3.450464,1.308607,1.235616,3.460880,1.442931,1.217778,3.482114,1.539244,1.273996,3.467108,1.387536,1.417414,3.515395,1.382852,1.491233,3.510481,1.113178,1.514418,3.601718,0.893496,1.214350,3.445600,1.380387,1.081441,3.385112,1.340308,1.099466,3.362742,1.062151,1.105369,3.398568,0.825961,1.382946,3.485686,0.934550,1.472287,3.651177,0.577532,1.580223,3.390754,0.245167,1.621134,3.466752,0.080709,1.231978,3.442176,0.909093,1.296665,3.526036,0.519721,1.387653,3.537183,0.093327,1.365466,3.708526,0.024923,-0.100446,0.659470,0.097979
1.304410,3.474481,0.922477,1.291290,3.464646,1.017226,1.274545,3.468274,1.120392,1.263198,3.463642,1.215119,1.252414,3.460428,1.309863,1.232354,3.470543,1.444180,1.214009,3.491070,1.540552,1.270381,3.478072,1.388760,1.411579,3.532515,1.383733,1.487068,3.529567,1.114493,1.504189,3.620995,0.894376,1.211631,3.454166,1.381782,1.081174,3.388191,1.342270,1.098108,3.365466,1.064072,1.100270,3.407959,0.828932,1.378810,3.499307,0.936005,1.455579,3.673268,0.580114,1.578164,3.435630,0.235591,1.614277,3.525054,0.076725,1.229844,3.449528,0.910170,1.295840,3.526861,0.519683,1.387617,3.537464,0.093439,1.365627,3.708624,0.024515,-0.130633,0.628844,0.085338
1.301240,3.484779,0.923506,1.288149,3.474878,1.018252,1.271046,3.478245,1.121368,1.259777,3.473518,1.216100,1.249096,3.470203,1.310852,1.228681,3.479941,1.445142,1.209801,3.499721,1.541565,1.266378,3.488796,1.389737,1.405137,3.549251,1.384464,1.481755,3.548632,1.115532,1.493741,3.640546,0.895260,1.208637,3.462510,1.382863,1.080884,3.391166,1.343782,1.097329,3.367899,1.065600,1.095527,3.416569,0.831633,1.374481,3.512757,0.937198,1.438115,3.693070,0.581854,1.572530,3.481173,0.225134,1.601909,3.583278,0.072684,1.227833,3.456675,0.911033,1.294965,3.528206,0.519612,1.387618,3.537795,0.093536,1.365804,3.708732,0.024007,-0.153845,0.605392,0.073025
1.298132,3.494872,0.924251,1.285056,3.484964,1.018998,1.267506,3.488064,1.122047,1.256204,3.483234,1.216769,1.245485,3.479788,1.311512,1.224492,3.489063,1.445745,1.205027,3.508050,1.542210,1.261919,3.499272,1.390419,1.398058,3.565422,1.385048,1.474983,3.567633,1.116218,1.483070,3.660620,0.896182,1.205303,3.470649,1.383541,1.080476,3.394168,1.344711,1.097328,3.370017,1.066630,1.091215,3.424412,0.834017,1.370034,3.526042,0.938076,1.419933,3.710259,0.582540,1.562734,3.527363,0.213586,1.583991,3.641726,0.068659,1.226064,3.463577,0.911641,1.294030,3.530285,0.519490,1.387676,3.538180,0.093596,1.366007,3.708850,0.023370,-0.159779,0.595382,0.062452
1.294990,3.504777,0.924757,1.281919,3.494906,1.019508,1.263866,3.497726,1.122479,1.252458,3.492785,1.217183,1.241609,3.489184,1.311905,1.219893,3.497920,1.446060,1.199812,3.516074,1.542561,1.257072,3.509509,1.390854,1.390370,3.581210,1.385482,1.467063,3.586614,1.116627,1.472182,3.680968,0.897108,1.201694,3.478567,1.383905,1.080045,3.397067,1.345191,1.097904,3.371843,1.067267,1.087260,3.431473,0.836131,1.365393,3.539156,0.938693,1.400996,3.725158,0.582385,1.549364,3.574221,0.201157,1.560563,3.700095,0.064575,1.224419,3.470275,0.912035,1.293045,3.532885,0.519334,1.387772,3.538616,0.093639,1.366226,3.708979,0.022631,-0.158738,0.592546,0.052208
1.291568,3.514533,0.925111,1.278542,3.504679,1.019871,1.260003,3.507182,1.122763,1.248480,3.502110,1.217446,1.237478,3.498337,1.312144,1.214996,3.506483,1.446210,1.194274,3.523791,1.542731,1.251867,3.519469,1.391135,1.382109,3.596588,1.385886,1.458485,3.605222,1.117021,1.460939,3.700479,0.897859,1.197842,3.486240,1.384097,1.079622,3.399822,1.345448,1.098956,3.373882,1.067693,1.083897,3.437710,0.837888,1.360362,3.552023,0.939115,1.381923,3.738163,0.581736,1.532240,3.620378,0.189629,1.530181,3.754952,0.061507,1.222606,3.476921,0.912320,1.291874,3.535771,0.519156,1.387784,3.539086,0.093699,1.366383,3.709113,0.021847,-0.164105,0.591507,0.042847
1.287814,3.524188,0.925309,1.274907,3.514280,1.020079,1.255922,3.516398,1.122899,1.244293,3.511162,1.217560,1.233123,3.507194,1.312230,1.209836,3.514703,1.446194,1.188436,3.531163,1.542715,1.246310,3.529115,1.391267,1.373268,3.611540,1.386303,1.449325,3.623392,1.117474,1.449272,3.718856,0.898375,1.193765,3.493618,1.384130,1.079235,3.402359,1.345520,1.100627,3.376245,1.067940,1.081228,3.443095,0.839299,1.354888,3.564664,0.939331,1.362635,3.749140,0.580567,1.511328,3.666148,0.179364,1.491494,3.806555,0.059855,1.220574,3.483588,0.912498,1.290453,3.539021,0.518934,1.387634,3.539600,0.093757,1.366444,3.709261,0.020986,-0.181241,0.592720,0.035009
1.283781,3.533695,0.925356,1.271032,3.523713,1.020140,1.251618,3.525407,1.122887,1.239874,3.519989,1.217523,1.228513,3.515807,1.312162,1.204377,3.522630,1.446013,1.182274,3.538228,1.542518,1.240394,3.538484,1.391246,1.363855,3.626083,1.386691,1.439508,3.641189,1.117912,1.437251,3.736397,0.898715,1.189446,3.500753,1.383991,1.078856,3.404753,1.345368,1.102772,3.378819,1.067976,1.079151,3.447656,0.840353,1.349024,3.577058,0.939352,1.343211,3.758221,0.578903,1.486663,3.711218,0.170000,1.445853,3.854646,0.059219,1.218374,3.490205,0.912567,1.288845,3.542558,0.518688,1.387399,3.540148,0.093831,1.366442,3.709414,0.020078,-0.204785,0.595730,0.028054
1.279384,3.542947,0.925353,1.266777,3.532963,1.020156,1.246952,3.534258,1.122831,1.235100,3.528674,1.217444,1.223561,3.524279,1.312051,1.198622,3.530381,1.445791,1.175824,3.545101,1.542273,1.234136,3.547649,1.391151,1.353922,3.640237,1.387044,1.429305,3.658459,1.118377,1.424952,3.752888,0.898885,1.184861,3.507768,1.383790,1.078437,3.407193,1.345107,1.104855,3.381774,1.067892,1.077604,3.451428,0.840919,1.342736,3.589060,0.939278,1.324503,3.766206,0.577173,1.458177,3.753278,0.162226,1.395874,3.895014,0.059469,1.215869,3.496706,0.912635,1.287099,3.545913,0.518494,1.387190,3.540680,0.094016,1.366401,3.709530,0.019268,-0.232038,0.593794,0.020620
1.274646,3.551847,0.925344,1.262135,3.541980,1.020172,1.241906,3.542940,1.122772,1.229946,3.537233,1.217364,1.218244,3.532646,1.311943,1.192558,3.538014,1.445573,1.169072,3.551849,1.542021,1.227536,3.556652,1.390997,1.343428,3.654072,1.387365,1.418739,3.675172,1.118883,1.412275,3.768191,0.898847,1.180018,3.514712,1.383558,1.078045,3.409697,1.344752,1.106776,3.385176,1.067686,1.076528,3.454359,0.840919,1.336059,3.600552,0.939152,1.306994,3.772935,0.575425,1.425218,3.792297,0.156367,1.340611,3.926026,0.060476,1.213072,3.503016,0.912744,1.285162,3.549003,0.518364,1.387035,3.541177,0.094354,1.366325,3.709621,0.018610,-0.262141,0.582485,0.011873
1.269544,3.560494,0.925286,1.257113,3.550815,1.020143,1.236497,3.551464,1.122669,1.224436,3.545651,1.217242,1.212585,3.540871,1.311792,1.186198,3.545470,1.445314,1.162033,3.558405,1.541720,1.220593,3.565452,1.390769,1.332415,3.667520,1.387651,1.407786,3.691357,1.119416,1.399321,3.782444,0.898638,1.174910,3.521538,1.383265,1.077613,3.412246,1.344287,1.108634,3.388959,1.067359,1.075981,3.456501,0.840431,1.328957,3.611651,0.938930,1.290202,3.778566,0.573611,1.388438,3.828307,0.152099,1.281010,3.949315,0.062369,1.209970,3.509210,0.912852,1.283086,3.551911,0.518284,1.386906,3.541658,0.094804,1.366209,3.709675,0.018049,-0.295953,0.566230,0.002646
1.263919,3.569075,0.925150,1.251593,3.559602,1.020042,1.230646,3.559916,1.122502,1.218524,3.553966,1.217059,1.206566,3.548948,1.311583,1.179570,3.552692,1.445010,1.154794,3.564686,1.541382,1.213316,3.573994,1.390505,1.321069,3.680393,1.387887,1.396651,3.706942,1.119970,1.386466,3.795849,0.898374,1.169489,3.528232,1.382929,1.076883,3.414968,1.343781,1.110192,3.393090,1.067005,1.076078,3.458042,0.839567,1.321287,3.622568,0.938584,1.273529,3.784374,0.572017,1.349724,3.859092,0.149136,1.222518,3.965571,0.065407,1.206389,3.515457,0.912930,1.281074,3.554410,0.518288,1.386828,3.542134,0.095337,1.366069,3.709617,0.017567,-0.333356,0.551570,-0.005921
1.257834,3.577651,0.924907,1.245630,3.568379,1.019835,1.224394,3.568314,1.122236,1.212235,3.562176,1.216776,1.200199,3.556854,1.311274,1.172667,3.559633,1.444615,1.147349,3.570628,1.540964,1.205691,3.582243,1.390194,1.309463,3.692564,1.388082,1.385448,3.721901,1.120572,1.373850,3.808454,0.898116,1.163731,3.534777,1.382528,1.075794,3.417898,1.343223,1.111459,3.397619,1.066625,1.076854,3.458867,0.838242,1.313111,3.633367,0.938092,1.256867,3.791183,0.570936,1.308149,3.883675,0.147823,1.165342,3.973028,0.070370,1.202399,3.521810,0.912935,1.279369,3.556216,0.518330,1.386873,3.542507,0.095858,1.365915,3.709319,0.017137,-0.375214,0.541596,-0.013665
1.251225,3.586160,0.924587,1.239169,3.577108,1.019555,1.217700,3.576641,1.121906,1.205543,3.570282,1.216433,1.193471,3.564611,1.310906,1.165497,3.566338,1.444173,1.139704,3.576293,1.540510,1.197732,3.590235,1.389848,1.297524,3.704161,1.388227,1.374061,3.736259,1.121195,1.361334,3.820210,0.897802,1.157659,3.541190,1.382084,1.074408,3.421000,1.342625,1.112426,3.402496,1.066216,1.078274,3.459090,0.836541,1.304367,3.643984,0.937476,1.240324,3.798168,0.570075,1.264640,3.903033,0.147815,1.109275,3.973452,0.076478,1.197929,3.528215,0.912911,1.277728,3.557613,0.518454,1.386970,3.542874,0.096464,1.365736,3.708909,0.016786,-0.420662,0.533217,-0.020748
1.243740,3.594608,0.924253,1.231926,3.585807,1.019274,1.210359,3.584930,1.121602,1.198317,3.578333,1.216126,1.186331,3.572277,1.310586,1.158114,3.572887,1.443811,1.131961,3.581784,1.540155,1.189485,3.598025,1.389536,1.285216,3.715377,1.388292,1.362346,3.750025,1.121744,1.348880,3.831174,0.897365,1.151298,3.547511,1.381686,1.072644,3.424295,1.342090,1.112825,3.407545,1.065869,1.080345,3.459249,0.834822,1.294729,3.654426,0.936765,1.223621,3.804134,0.568842,1.223870,3.917892,0.147799,1.059144,3.972837,0.081645,1.192603,3.534672,0.912955,1.275627,3.559231,0.518825,1.386936,3.543537,0.097417,1.365516,3.708697,0.016584,-0.466984,0.523705,-0.026518
1.235269,3.603018,0.923982,1.223816,3.594502,1.019074,1.202300,3.593204,1.121408,1.190498,3.586340,1.215944,1.178724,3.579851,1.310402,1.150470,3.579258,1.443620,1.124081,3.587082,1.539993,1.180921,3.605591,1.389332,1.272523,3.726211,1.388362,1.350337,3.763086,1.122310,1.336518,3.841239,0.896890,1.144599,3.553724,1.381402,1.070386,3.427803,1.341671,1.112564,3.412783,1.065648,1.083218,3.459517,0.833153,1.284093,3.664713,0.936021,1.206704,3.808475,0.567006,1.186879,3.927984,0.147727,1.016782,3.972934,0.085513,1.186300,3.541208,0.913161,1.273201,3.561101,0.519631,1.386785,3.544630,0.098846,1.365244,3.708845,0.016612,-0.512897,0.512574,-0.030012
1.225921,3.611366,0.923697,1.214925,3.603167,1.018872,1.193594,3.601442,1.121239,1.182146,3.594290,1.215799,1.170703,3.587335,1.310266,1.142613,3.585472,1.443509,1.116104,3.592205,1.539931,1.172070,3.612956,1.389162,1.259462,3.736665,1.388351,1.337999,3.775555,1.122802,1.324219,3.850511,0.896291,1.137611,3.559845,1.381163,1.067751,3.431503,1.341314,1.111736,3.418193,1.065488,1.086742,3.459720,0.831467,1.272563,3.674826,0.935182,1.189628,3.811796,0.564797,1.152625,3.933576,0.147646,0.980356,3.971992,0.088441,1.179139,3.547795,0.913435,1.270317,3.563192,0.520682,1.386502,3.546018,0.100623,1.364930,3.709192,0.016788,-0.559684,0.500311,-0.032193
1.215675,3.619584,0.923232,1.205226,3.611745,1.018497,1.184241,3.609616,1.120928,1.173307,3.602200,1.215526,1.162376,3.594794,1.310017,1.134745,3.591671,1.443330,1.108250,3.597303,1.539826,1.163070,3.620246,1.388873,1.246046,3.746942,1.387973,1.325082,3.787774,1.122864,1.311857,3.859373,0.895244,1.130494,3.565963,1.380850,1.065013,3.435351,1.340969,1.110355,3.423550,1.065286,1.090477,3.459875,0.829920,1.260115,3.684712,0.934098,1.172283,3.814715,0.562318,1.122660,3.936196,0.146387,0.949195,3.970753,0.089419,1.171102,3.554352,0.913594,1.266044,3.566043,0.521576,1.385863,3.547606,0.102629,1.364585,3.709557,0.016934,-0.608476,0.485640,-0.035295
1.204444,3.627763,0.922588,1.194653,3.620339,1.017955,1.174211,3.617828,1.120485,1.163986,3.610157,1.215141,1.153790,3.602299,1.309676,1.126970,3.597890,1.443115,1.100643,3.602397,1.539715,1.153992,3.627502,1.388489,1.232347,3.757109,1.387202,1.311677,3.799858,1.122481,1.299427,3.867921,0.893717,1.123319,3.572113,1.380487,1.062239,3.439353,1.340670,1.108294,3.428776,1.065049,1.094366,3.459993,0.828566,1.246664,3.694465,0.932750,1.154324,3.817218,0.559624,1.097576,3.935340,0.143404,0.923340,3.969159,0.087958,1.162099,3.560966,0.913659,1.260319,3.569736,0.522361,1.384888,3.549411,0.104867,1.364216,3.709882,0.016959,-0.663688,0.468596,-0.039843
1.192315,3.635812,0.921764,1.183272,3.628844,1.017240,1.163534,3.625977,1.119899,1.154178,3.618074,1.214628,1.144896,3.609779,1.309223,1.119185,3.604094,1.442833,1.093158,3.607467,1.539561,1.144765,3.634685,1.387986,1.218293,3.767100,1.386063,1.297694,3.811693,1.121667,1.286934,3.876058,0.891743,1.116017,3.578260,1.380049,1.059361,3.443503,1.340383,1.105680,3.433948,1.064770,1.098466,3.460063,0.827350,1.232296,3.703991,0.931157,1.136096,3.819317,0.556660,1.076779,3.931511,0.139242,0.902750,3.967268,0.084547,1.152219,3.567549,0.913610,1.253206,3.574190,0.522988,1.383556,3.551415,0.107334,1.363816,3.710225,0.016954,-0.720905,0.449144,-0.045312
1.179531,3.643398,0.920587,1.171247,3.636890,1.016165,1.152301,3.633732,1.118965,1.143909,3.625692,1.213772,1.135664,3.617086,1.308434,1.111274,3.610320,1.442243,1.085641,3.612606,1.539109,1.135316,3.641803,1.387137,1.203683,3.776916,1.384344,1.282609,3.823279,1.120114,1.274274,3.883881,0.889093,1.108541,3.584398,1.379349,1.056453,3.447744,1.339948,1.102902,3.439073,1.064327,1.102502,3.460063,0.826267,1.217246,3.712957,0.929219,1.118521,3.821668,0.553352,1.060039,3.927747,0.134367,0.886624,3.965994,0.079647,1.141709,3.573763,0.913199,1.243975,3.579691,0.522911,1.381581,3.553475,0.109900,1.363377,3.710592,0.017017,-0.768019,0.425915,-0.052367
1.165880,3.650416,0.918925,1.158376,3.644417,1.014599,1.140348,3.641075,1.117555,1.133062,3.633026,1.212448,1.126032,3.624261,1.307189,1.103271,3.616640,1.441231,1.078157,3.617876,1.538250,1.125660,3.648937,1.385783,1.188435,3.786680,1.381826,1.266288,3.834806,1.117589,1.261396,3.891433,0.885471,1.100918,3.590594,1.378244,1.053585,3.452109,1.339255,1.100042,3.444147,1.063610,1.106393,3.459798,0.825250,1.201347,3.721248,0.926773,1.101613,3.824284,0.549539,1.047955,3.924573,0.128566,0.875629,3.965554,0.072575,1.130313,3.579517,0.912329,1.232581,3.586907,0.522015,1.379017,3.555578,0.112454,1.362992,3.710916,0.017021,-0.802463,0.397342,-0.070050
1.151574,3.656971,0.916911,1.144861,3.651484,1.012673,1.127838,3.648025,1.115797,1.121755,3.640061,1.210782,1.116061,3.631263,1.305609,1.095142,3.622984,1.439911,1.070641,3.623215,1.537093,1.115781,3.656007,1.384084,1.172632,3.796270,1.378728,1.248866,3.846084,1.114325,1.248349,3.898670,0.881174,1.093122,3.596781,1.376877,1.050687,3.456564,1.338413,1.097018,3.449172,1.062730,1.110221,3.459464,0.824366,1.184766,3.728979,0.923982,1.085357,3.827151,0.545383,1.039927,3.921463,0.122050,0.869099,3.965732,0.064014,1.118288,3.584902,0.911098,1.219068,3.595171,0.520416,1.375809,3.557736,0.115108,1.362567,3.711262,0.017093,-0.826804,0.364992,-0.089320
1.137486,3.663039,0.914768,1.131469,3.657897,1.010598,1.115354,3.654307,1.113866,1.110366,3.646505,1.208932,1.105895,3.637824,1.303841,1.086668,3.629171,1.438381,1.062740,3.628527,1.535706,1.105565,3.662781,1.382291,1.156318,3.805312,1.375491,1.230225,3.856545,1.110711,1.235179,3.905553,0.876863,1.085028,3.602742,1.375482,1.047615,3.460951,1.337586,1.093967,3.454170,1.061891,1.113958,3.459623,0.823805,1.168235,3.736166,0.921234,1.070626,3.830876,0.541304,1.033930,3.919887,0.115918,0.864237,3.966795,0.056472,1.106648,3.589855,0.909557,1.202835,3.602769,0.517917,1.371509,3.559845,0.118058,1.361806,3.711835,0.017710,-0.836638,0.332190,-0.083715
1.123771,3.668614,0.912232,1.118345,3.663582,1.008106,1.102998,3.659840,1.111486,1.098954,3.652295,1.206619,1.095537,3.643925,1.301599,1.077763,3.635283,1.436342,1.054319,3.633921,1.533780,1.094949,3.669299,1.380247,1.139427,3.813817,1.371987,1.210173,3.866271,1.106589,1.222081,3.912165,0.872425,1.076553,3.608520,1.373915,1.044293,3.465340,1.336529,1.090861,3.459119,1.060857,1.117672,3.460142,0.823398,1.151839,3.742832,0.918328,1.057867,3.836309,0.537163,1.029697,3.921036,0.110261,0.860398,3.969421,0.050811,1.095623,3.594337,0.907379,1.183076,3.609640,0.513847,1.365903,3.561700,0.121001,1.361119,3.712511,0.018686,-0.827479,0.296896,-0.027157
1.110273,3.673701,0.909567,1.105345,3.668612,1.005464,1.090667,3.664705,1.108934,1.087461,3.657493,1.204122,1.084985,3.649585,1.299169,1.068513,3.641240,1.434092,1.045513,3.639287,1.531624,1.083996,3.675521,1.378111,1.122025,3.821775,1.368343,1.188902,3.875180,1.102117,1.208859,3.918422,0.867974,1.067780,3.614072,1.372320,1.040798,3.469661,1.335487,1.087728,3.464039,1.059864,1.121297,3.461154,0.823315,1.135492,3.748955,0.915465,1.046632,3.842600,0.533098,1.027495,3.923718,0.104987,0.858227,3.972932,0.046169,1.084983,3.598387,0.904892,1.160596,3.615846,0.508876,1.359206,3.563506,0.124242,1.360096,3.713413,0.020208,-0.803813,0.261151,0.054276
1.097394,3.678299,0.907780,1.092811,3.673011,1.003682,1.078635,3.668878,1.107213,1.076093,3.661996,1.202448,1.074376,3.654590,1.297554,1.058958,3.646625,1.432625,1.036370,3.644197,1.530243,1.072781,3.681098,1.376613,1.104365,3.828790,1.365385,1.166865,3.882453,1.098159,1.194966,3.924036,0.864508,1.058838,3.619052,1.371362,1.037220,3.473544,1.335355,1.084781,3.469019,1.059831,1.124600,3.463626,0.824252,1.119667,3.754478,0.913642,1.036450,3.847806,0.529939,1.026099,3.925819,0.100914,0.856863,3.975559,0.042477,1.075057,3.602056,0.903126,1.137220,3.619849,0.504819,1.351616,3.565762,0.128885,1.357209,3.715110,0.023303,-0.774693,0.234402,0.108811
1.085395,3.682514,0.907459,1.080975,3.676814,1.003344,1.067098,3.672340,1.106903,1.065010,3.665748,1.202171,1.063833,3.658857,1.297326,1.049161,3.651326,1.432508,1.026953,3.648565,1.530205,1.061357,3.685929,1.376175,1.086638,3.834743,1.363556,1.143828,3.887523,1.095026,1.180425,3.928767,0.862571,1.049801,3.623351,1.371442,1.033528,3.476814,1.336772,1.082023,3.474395,1.061397,1.127718,3.468376,0.826881,1.104637,3.759495,0.913526,1.027204,3.851148,0.528226,1.025386,3.926463,0.098613,0.856295,3.976426,0.039944,1.066097,3.605462,0.902600,1.112814,3.620803,0.502309,1.342808,3.568585,0.135504,1.352314,3.718370,0.029052,-0.739515,0.225441,0.109188
1.074015,3.686239,0.908016,1.069605,3.679986,1.003867,1.055859,3.675109,1.107424,1.054053,3.668806,1.202716,1.053234,3.662469,1.297913,1.039059,3.655457,1.433174,1.017199,3.652476,1.530942,1.049670,3.690114,1.376376,1.068652,3.839754,1.362413,1.120025,3.890956,1.092407,1.165212,3.932854,0.861619,1.040595,3.627077,1.372159,1.029753,3.479647,1.339098,1.079451,3.479830,1.063923,1.130516,3.474587,0.830530,1.090128,3.763912,0.914450,1.019012,3.853406,0.527419,1.025480,3.926525,0.097513,0.856534,3.976409,0.038360,1.057851,3.608487,0.902795,1.087511,3.619555,0.500712,1.333108,3.571859,0.143526,1.345555,3.722426,0.036375,-0.698883,0.225476,0.082667
1.062868,3.689152,0.908692,1.058347,3.682447,1.004508,1.044610,3.677215,1.108049,1.042951,3.671233,1.203364,1.042355,3.665462,1.298597,1.028502,3.658945,1.433915,1.006966,3.655761,1.531748,1.037630,3.693608,1.376690,1.050087,3.843782,1.361443,1.096611,3.893633,1.090240,1.148712,3.936733,0.861019,1.031123,3.630221,1.372976,1.026081,3.482195,1.341310,1.077269,3.484396,1.066405,1.132354,3.480772,0.833885,1.075802,3.767397,0.915407,1.011760,3.854977,0.526735,1.025526,3.926524,0.096716,0.856758,3.976370,0.037028,1.049882,3.610820,0.903195,1.063535,3.617113,0.499942,1.323687,3.575732,0.152337,1.335833,3.725536,0.043063,-0.663662,0.217576,0.059254
1.051757,3.691058,0.909292,1.046983,3.684080,1.005077,1.033120,3.678597,1.108589,1.031472,3.673005,1.203927,1.030963,3.667840,1.299195,1.017264,3.661816,1.434552,0.996043,3.658445,1.532449,1.025065,3.696428,1.376987,1.030529,3.846838,1.360463,1.073718,3.895810,1.088519,1.130499,3.940868,0.860723,1.021235,3.632805,1.373778,1.022570,3.484526,1.343098,1.075653,3.487400,1.068553,1.132913,3.486362,0.836514,1.061466,3.769752,0.916133,1.005668,3.855948,0.525937,1.025264,3.926631,0.095969,0.856698,3.976587,0.035803,1.041990,3.612269,0.903674,1.041909,3.613727,0.500044,1.315984,3.580254,0.162568,1.324042,3.727792,0.048875,-0.636985,0.195790,0.048782
1.040880,3.692152,0.910012,1.035730,3.685003,1.005765,1.021620,3.679315,1.109232,1.019850,3.674147,1.204592,1.019290,3.669599,1.299890,1.005571,3.664046,1.435266,0.984642,3.660503,1.533219,1.012146,3.698556,1.377397,1.010391,3.848912,1.359657,1.051214,3.897230,1.087249,1.110997,3.944795,0.860779,1.011081,3.634806,1.374679,1.019163,3.486574,1.344772,1.074426,3.489534,1.070658,1.132513,3.491927,0.838849,1.047312,3.771176,0.916893,1.000516,3.856233,0.525261,1.024955,3.926675,0.095525,0.856622,3.976781,0.034829,1.034376,3.613028,0.904357,1.021610,3.609147,0.500974,1.308560,3.585374,0.173587,1.309288,3.729104,0.054051,-0.615720,0.166069,0.041418
1.030434,3.692699,0.910679,1.024888,3.685484,1.006405,1.010484,3.679586,1.109819,1.008515,3.674792,1.205195,1.007812,3.670763,1.300517,0.993949,3.665488,1.435888,0.973247,3.661685,1.533879,0.999302,3.699895,1.377782,0.990590,3.849937,1.359057,1.029859,3.898000,1.086387,1.090868,3.947560,0.860696,1.001017,3.636143,1.375481,1.015871,3.488286,1.346243,1.073267,3.491953,1.072583,1.131469,3.497686,0.840867,1.033574,3.771927,0.917475,0.995529,3.855972,0.524638,1.024524,3.926658,0.095245,0.856515,3.976980,0.033841,1.027212,3.613368,0.905112,1.001790,3.603632,0.502501,1.298276,3.591088,0.182886,1.287780,3.727459,0.057099,-0.601330,0.129339,0.037669
1.020591,3.692760,0.911275,1.014650,3.685611,1.006982,0.999916,3.679489,1.110336,0.997674,3.674990,1.205720,0.996732,3.671338,1.301056,0.982596,3.666067,1.436400,0.962036,3.661883,1.534406,0.986690,3.700381,1.378138,0.971540,3.849863,1.358772,1.010067,3.898108,1.086015,1.070067,3.949141,0.860354,0.991189,3.636760,1.376143,1.012772,3.489631,1.347481,1.072252,3.495101,1.074304,1.129886,3.503695,0.842529,1.020451,3.772074,0.917829,0.990534,3.855125,0.524068,1.023929,3.926588,0.095114,0.856358,3.977177,0.032745,1.020643,3.613344,0.905949,0.982045,3.597378,0.504610,1.284271,3.598177,0.190018,1.255928,3.721794,0.057099,-0.597090,0.082128,0.042697
1.011180,3.692275,0.911819,1.004822,3.685297,1.007511,0.989713,3.678946,1.110798,0.987120,3.674692,1.206184,0.985846,3.671319,1.301526,0.971315,3.665858,1.436821,0.950833,3.661207,1.534823,0.974153,3.700079,1.378469,0.952826,3.848741,1.358694,0.991423,3.897565,1.086049,1.048638,3.949561,0.859873,0.981450,3.636713,1.376705,1.009789,3.490642,1.348517,1.071305,3.498535,1.075845,1.127660,3.509899,0.843875,1.007744,3.771549,0.918006,0.985704,3.853733,0.523550,1.023213,3.926457,0.095147,0.856170,3.977378,0.031634,1.014525,3.612901,0.906858,0.962779,3.590190,0.507317,1.267405,3.605859,0.195430,1.217324,3.713173,0.054972,-0.599726,0.027909,0.051341
1.001889,3.691324,0.912193,0.995125,3.684548,1.007872,0.979640,3.677940,1.111087,0.976664,3.673885,1.206471,0.975013,3.670720,1.301814,0.960036,3.664949,1.437047,0.939593,3.659732,1.535027,0.961654,3.699079,1.378649,0.934131,3.846645,1.358531,0.973447,3.896507,1.086193,1.027374,3.947928,0.859121,0.971717,3.636086,1.377085,1.006705,3.491367,1.349343,1.069872,3.502074,1.077145,1.124802,3.516350,0.845001,0.995092,3.770407,0.917947,0.980777,3.852058,0.523021,1.022426,3.926252,0.095256,0.855995,3.977636,0.030524,1.008592,3.612146,0.907664,0.944362,3.581736,0.510446,1.247116,3.611780,0.197950,1.178948,3.702782,0.051984,-0.600877,-0.021969,0.048624
0.992627,3.689961,0.912354,0.985464,3.683413,1.008019,0.969616,3.676526,1.111161,0.966242,3.672641,1.206539,0.964191,3.669636,1.301880,0.948757,3.663473,1.437044,0.928326,3.657582,1.534988,0.949177,3.697505,1.378654,0.915250,3.843659,1.358185,0.956229,3.895045,1.086390,1.006621,3.943648,0.857939,0.961985,3.635011,1.377274,1.003530,3.491957,1.350006,1.067852,3.505750,1.078213,1.121317,3.523107,0.845937,0.982334,3.768687,0.917597,0.975684,3.850198,0.522434,1.021598,3.925985,0.095378,0.855864,3.978040,0.029409,1.002822,3.611145,0.908332,0.926877,3.571516,0.514068,1.222739,3.615699,0.196792,1.143954,3.691214,0.048236,-0.596854,-0.062224,0.022308
0.983485,3.688134,0.912345,0.975934,3.681843,1.007998,0.959723,3.674650,1.111063,0.955917,3.670888,1.206430,0.953421,3.667972,1.301763,0.937480,3.661296,1.436847,0.917023,3.654634,1.534737,0.936738,3.695233,1.378508,0.896386,3.839700,1.357754,0.939678,3.893070,1.086696,0.986034,3.937316,0.856486,0.952258,3.633357,1.377282,1.000253,3.492261,1.350459,1.065347,3.509531,1.079039,1.117199,3.530111,0.846653,0.969631,3.766350,0.917012,0.970495,3.848055,0.521835,1.020699,3.925643,0.095576,0.855745,3.978499,0.028296,0.997238,3.609832,0.908896,0.910241,3.560030,0.518112,1.194939,3.617858,0.192742,1.109188,3.677877,0.043628,-0.591346,-0.098137,-0.015368
0.974425,3.685762,0.912186,0.966534,3.679696,1.007827,0.949967,3.672132,1.110808,0.945694,3.668399,1.206156,0.942691,3.665457,1.301473,0.926149,3.658109,1.436446,0.905613,3.650594,1.534258,0.924340,3.691986,1.378161,0.877831,3.834595,1.357237,0.923040,3.890390,1.086978,0.965358,3.929823,0.855102,0.942466,3.630810,1.377055,0.996625,3.491879,1.350562,1.062108,3.513147,1.079535,1.112443,3.537246,0.847161,0.957100,3.763330,0.916293,0.965155,3.845588,0.521299,1.019695,3.925177,0.095941,0.855587,3.978792,0.027211,0.991645,3.608112,0.909295,0.894576,3.548448,0.522192,1.165149,3.616618,0.186994,1.072173,3.662178,0.039128,-0.587063,-0.134201,-0.042661
0.965352,3.682877,0.911816,0.957231,3.676989,1.007450,0.940331,3.668977,1.110343,0.935548,3.665169,1.205664,0.931951,3.662079,1.300955,0.914655,3.653889,1.435784,0.893972,3.645432,1.533486,0.911904,3.687747,1.377535,0.859547,3.828304,1.356554,0.906050,3.887118,1.087166,0.944590,3.921196,0.853833,0.932518,3.627364,1.376520,0.992555,3.490837,1.350230,1.057937,3.516802,1.079606,1.107130,3.544683,0.847398,0.944667,3.759640,0.915412,0.959633,3.842764,0.520799,1.018583,3.924551,0.096450,0.855366,3.978791,0.026107,0.985930,3.606034,0.909436,0.879737,3.537077,0.526287,1.133558,3.610891,0.179444,1.031333,3.644338,0.034877,-0.586475,-0.171403,-0.050159
0.956360,3.679447,0.911296,0.948058,3.673705,1.006922,0.930832,3.665180,1.109722,0.925504,3.661203,1.205007,0.921251,3.657850,1.300264,0.903106,3.648659,1.434919,0.882224,3.639178,1.532486,0.899511,3.682532,1.376707,0.841571,3.820867,1.355786,0.888973,3.883142,1.087330,0.923734,3.911409,0.852634,0.922505,3.623026,1.375750,0.988134,3.489110,1.349547,1.053032,3.520290,1.079348,1.101179,3.552250,0.847426,0.932407,3.755268,0.914397,0.953961,3.839616,0.520363,1.017366,3.923801,0.097126,0.855107,3.978622,0.025032,0.980206,3.603549,0.909410,0.865868,3.525609,0.530419,1.099977,3.601765,0.170196,0.988243,3.624137,0.030735,-0.587110,-0.208756,-0.047274
0.947693,3.675300,0.910825,0.939117,3.669653,1.006432,0.921528,3.660540,1.109118,0.915636,3.656281,1.204357,0.910731,3.652535,1.299567,0.891772,3.642171,1.434024,0.870674,3.631628,1.531435,0.887404,3.676113,1.375866,0.824303,3.812232,1.355171,0.871851,3.877939,1.087555,0.902555,3.901276,0.851705,0.912626,3.617509,1.374906,0.983375,3.486212,1.348620,1.047747,3.522725,1.078956,1.094338,3.559314,0.847435,0.920655,3.750107,0.913437,0.948176,3.836202,0.520147,1.016016,3.922986,0.098128,0.854821,3.978440,0.024164,0.974621,3.600414,0.909430,0.853524,3.514289,0.534262,1.065271,3.590873,0.160745,0.945159,3.600322,0.027241,-0.584259,-0.247793,-0.040504
0.939575,3.670351,0.910480,0.930562,3.664793,1.006052,0.912535,3.655024,1.108602,0.906043,3.650357,1.203782,0.900488,3.646054,1.298930,0.880767,3.634290,1.433157,0.859415,3.622636,1.530384,0.875705,3.668373,1.375068,0.807924,3.802312,1.354823,0.854633,3.871242,1.087866,0.880802,3.891005,0.851132,0.902989,3.610693,1.374025,0.978276,3.481979,1.347425,1.042120,3.524000,1.078459,1.085825,3.566257,0.847425,0.909659,3.744076,0.912564,0.942274,3.832528,0.520174,1.014575,3.922073,0.099481,0.854525,3.978285,0.023614,0.969376,3.596550,0.909616,0.842989,3.502807,0.537996,1.029341,3.578855,0.151358,0.902531,3.571518,0.024208,-0.572677,-0.288158,-0.030121
0.931782,3.664685,0.910185,0.922240,3.659166,1.005709,0.903738,3.648666,1.108103,0.896626,3.643477,1.203213,0.890425,3.638486,1.298289,0.869977,3.625151,1.432261,0.848354,3.612349,1.529283,0.864293,3.659427,1.374255,0.792254,3.791192,1.354628,0.837368,3.863317,1.088238,0.858726,3.880389,0.850829,0.893486,3.602697,1.373070,0.972841,3.476577,1.345986,1.036113,3.524220,1.077828,1.076422,3.572695,0.847397,0.899172,3.737258,0.911746,0.936260,3.828588,0.520422,1.013001,3.921095,0.101161,0.854203,3.978116,0.023271,0.964270,3.592037,0.909848,0.833978,3.491473,0.541441,0.992286,3.565070,0.141768,0.859909,3.539101,0.021824,-0.557609,-0.330207,-0.015854
0.923885,3.658374,0.909907,0.913791,3.652696,1.005364,0.894843,3.641362,1.107586,0.887162,3.635563,1.202616,0.880386,3.629828,1.297612,0.859331,3.614914,1.431327,0.837512,3.600998,1.528154,0.853054,3.649394,1.373437,0.777150,3.779084,1.354491,0.820252,3.854441,1.088670,0.836846,3.869618,0.850749,0.883998,3.593593,1.372084,0.967090,3.470013,1.344481,1.029968,3.522816,1.077169,1.068228,3.576848,0.847540,0.888793,3.729796,0.911072,0.930186,3.824425,0.520981,1.011145,3.920215,0.103256,0.853826,3.977963,0.022973,0.958848,3.586875,0.909968,0.826198,3.481465,0.543736,0.955262,3.549218,0.132679,0.818199,3.505933,0.021200,-0.550084,-0.376538,-0.003377
0.915866,3.651582,0.909646,0.905167,3.645424,1.005003,0.885796,3.633083,1.107025,0.877600,3.626547,1.201963,0.870335,3.619999,1.296868,0.848818,3.603510,1.430323,0.826908,3.588528,1.526970,0.841978,3.638192,1.372591,0.762649,3.765943,1.354368,0.803275,3.844594,1.089123,0.815202,3.858864,0.850859,0.874513,3.583297,1.371048,0.961101,3.462247,1.342933,1.023772,3.519532,1.076481,1.062252,3.578039,0.847956,0.878491,3.721844,0.910605,0.924555,3.820188,0.521978,1.009080,3.919544,0.105768,0.853285,3.977722,0.022637,0.953105,3.581239,0.909913,0.820148,3.473199,0.544472,0.917496,3.530125,0.123971,0.776287,3.471821,0.022964,-0.554832,-0.425298,0.008188
0.907744,3.644146,0.909402,0.896418,3.637309,1.004640,0.876653,3.623860,1.106446,0.867991,3.616497,1.201281,0.860308,3.609080,1.296089,0.838450,3.591009,1.429282,0.816523,3.574995,1.525759,0.831075,3.625903,1.371739,0.748715,3.751814,1.354304,0.786446,3.833795,1.089636,0.793755,3.847956,0.851190,0.865044,3.571893,1.369981,0.954796,3.453319,1.341320,1.017437,3.514623,1.075766,1.057484,3.576944,0.848543,0.868295,3.713249,0.910282,0.918864,3.815729,0.523286,1.006734,3.918972,0.108695,0.852689,3.977496,0.022345,0.947047,3.574954,0.909747,0.815329,3.466259,0.544057,0.879761,3.508966,0.115764,0.735287,3.436960,0.026487,-0.567123,-0.478341,0.017963
0.899146,3.635650,0.909138,0.887327,3.628160,1.004271,0.867281,3.613678,1.105884,0.858263,3.605537,1.200625,0.850262,3.597308,1.295342,0.828181,3.577775,1.428294,0.806316,3.560797,1.524621,0.820260,3.612894,1.370961,0.735100,3.737033,1.354326,0.769983,3.822378,1.090326,0.772904,3.836565,0.851784,0.855507,3.559710,1.368991,0.947968,3.443356,1.339747,1.010940,3.508282,1.075134,1.052996,3.573811,0.849187,0.857898,3.703702,0.909996,0.911659,3.810643,0.524621,1.003741,3.918333,0.112128,0.852334,3.977621,0.022179,0.940243,3.567500,0.909503,0.809947,3.460574,0.542867,0.845544,3.488961,0.109112,0.699448,3.404800,0.030993,-0.583795,-0.543824,0.017627
0.890034,3.625865,0.908831,0.877874,3.617802,1.003876,0.857643,3.602409,1.105320,0.848354,3.593566,1.199973,0.840101,3.584599,1.294602,0.817854,3.563744,1.427328,0.796121,3.545882,1.523526,0.809368,3.599141,1.370236,0.721514,3.721494,1.354406,0.753898,3.810416,1.091273,0.752736,3.824552,0.852707,0.845729,3.546716,1.368083,0.940324,3.432229,1.338212,1.004467,3.500403,1.074699,1.048819,3.568622,0.849992,0.847296,3.693003,0.909688,0.902889,3.804994,0.525996,1.000226,3.917715,0.116036,0.852407,3.978412,0.022204,0.932620,3.558618,0.909194,0.803567,3.457180,0.540671,0.814927,3.470149,0.104749,0.669620,3.375093,0.037839,-0.609027,-0.633637,-0.001215
0.880446,3.615020,0.908504,0.868081,3.606410,1.003474,0.847777,3.590182,1.104773,0.838325,3.580687,1.199346,0.829921,3.571037,1.293894,0.807627,3.548979,1.426416,0.786103,3.530302,1.522506,0.798565,3.584667,1.369586,0.708248,3.705304,1.354572,0.738179,3.797835,1.092397,0.733165,3.812057,0.853893,0.835885,3.532943,1.367252,0.932155,3.420067,1.336718,0.997831,3.491093,1.074348,1.044922,3.561396,0.850853,0.836491,3.681353,0.909416,0.892605,3.798719,0.527398,0.996065,3.917030,0.120450,0.852721,3.979554,0.022355,0.924252,3.548567,0.908808,0.796623,3.455041,0.537698,0.787827,3.452491,0.101941,0.644954,3.348087,0.045667,-0.638641,-0.735891,-0.030167
0.870128,3.603384,0.908188,0.857801,3.594309,1.003119,0.837664,3.577377,1.104335,0.828285,3.567331,1.198857,0.819963,3.557106,1.293352,0.797933,3.534032,1.425744,0.776718,3.514616,1.521755,0.788263,3.569913,1.369148,0.695921,3.689122,1.354948,0.723014,3.784752,1.093573,0.714337,3.799167,0.855185,0.826411,3.518816,1.366585,0.924128,3.407390,1.335386,0.990446,3.480862,1.073849,1.040276,3.552434,0.851346,0.825179,3.669044,0.909249,0.879501,3.791228,0.528508,0.990520,3.915852,0.125553,0.853009,3.980435,0.022518,0.914931,3.537597,0.908339,0.788623,3.450975,0.535007,0.767481,3.439089,0.099541,0.627147,3.327982,0.049629,-0.656936,-0.823077,-0.052360
0.858729,3.591014,0.907724,0.846781,3.581588,1.002668,0.827154,3.564119,1.103893,0.818190,3.553651,1.198409,0.810295,3.542988,1.292891,0.788990,3.519123,1.425262,0.768224,3.499045,1.521235,0.778664,3.555033,1.368869,0.684890,3.673228,1.355457,0.708329,3.771378,1.094680,0.696092,3.785973,0.856458,0.817494,3.504471,1.365992,0.916492,3.394356,1.334165,0.981962,3.470006,1.073030,1.034524,3.541718,0.851202,0.813087,3.656201,0.909074,0.863081,3.782678,0.529086,0.983600,3.914367,0.131195,0.852984,3.980752,0.022207,0.904229,3.525698,0.907585,0.778767,3.443520,0.532925,0.756741,3.432168,0.097118,0.618710,3.317917,0.046825,-0.651433,-0.888861,-0.063339
0.846600,3.577853,0.907270,0.835276,3.568158,1.002264,0.816396,3.550281,1.103559,0.808084,3.539496,1.198100,0.800849,3.528502,1.292597,0.780580,3.504031,1.425019,0.760363,3.483366,1.520984,0.769566,3.539872,1.368802,0.674798,3.657342,1.356174,0.694197,3.757501,1.095839,0.678590,3.772384,0.857837,0.808949,3.489772,1.365564,0.908997,3.380807,1.333107,0.972729,3.458229,1.072064,1.028022,3.529266,0.850691,0.800488,3.642699,0.909003,0.843842,3.772912,0.529371,0.975295,3.912388,0.137526,0.852933,3.980807,0.021908,0.892574,3.512881,0.906749,0.767855,3.434138,0.531124,0.752754,3.429502,0.095102,0.617133,3.314752,0.040154,-0.634612,-0.939577,-0.067559
0.834538,3.564000,0.907333,0.823896,3.554084,1.002383,0.805820,3.535868,1.103765,0.798204,3.524835,1.198336,0.791670,3.513589,1.292855,0.772483,3.488641,1.425350,0.752816,3.467474,1.521320,0.760778,3.524408,1.369251,0.665198,3.641292,1.357447,0.681029,3.742608,1.097295,0.662456,3.758217,0.859550,0.800659,3.474735,1.365668,0.901558,3.366783,1.332484,0.963207,3.445154,1.071228,1.020812,3.515434,0.850196,0.787896,3.628449,0.909443,0.821966,3.760871,0.529764,0.964847,3.908932,0.145184,0.853459,3.980894,0.022973,0.881049,3.499426,0.906436,0.757802,3.424026,0.529678,0.750198,3.427521,0.093638,0.616580,3.313261,0.033467,-0.628207,-0.966724,-0.061512
0.822890,3.549237,0.908162,0.812929,3.539152,1.003268,0.795668,3.520662,1.104742,0.788750,3.509464,1.199346,0.782918,3.498053,1.293891,0.764807,3.472770,1.426472,0.745667,3.451202,1.522461,0.752394,3.508495,1.370404,0.656184,3.624955,1.359536,0.669115,3.726324,1.099230,0.647956,3.743313,0.861795,0.792730,3.459216,1.366509,0.894203,3.352104,1.332365,0.953434,3.430368,1.070521,1.012898,3.500133,0.849809,0.775530,3.613147,0.910597,0.796730,3.746031,0.530320,0.951516,3.904361,0.154814,0.856227,3.982317,0.025642,0.870127,3.485200,0.906946,0.749015,3.413134,0.528802,0.747622,3.425095,0.092955,0.615397,3.312268,0.027519,-0.648001,-0.958683,-0.040451
0.811309,3.533782,0.909508,0.802088,3.523574,1.004676,0.785696,3.504880,1.106257,0.779522,3.493587,1.200902,0.774432,3.482091,1.295478,0.757443,3.456600,1.428168,0.738831,3.434715,1.524189,0.744319,3.492280,1.372072,0.647661,3.608454,1.362180,0.658165,3.709023,1.101462,0.634825,3.727831,0.864373,0.785057,3.443358,1.367882,0.886905,3.336950,1.332682,0.943371,3.414284,1.069946,1.004274,3.483452,0.849439,0.763172,3.597098,0.912261,0.768857,3.728915,0.530984,0.936041,3.898312,0.165771,0.859572,3.983772,0.029676,0.859336,3.470336,0.907979,0.741087,3.401512,0.528281,0.746476,3.423353,0.092825,0.615239,3.312948,0.021554,-0.678211,-0.927073,-0.009124
0.799560,3.518390,0.911130,0.791125,3.508056,1.006357,0.775607,3.489170,1.108039,0.770161,3.477796,1.202720,0.765781,3.466234,1.297325,0.749846,3.440570,1.430114,0.731733,3.418404,1.526165,0.736075,3.476176,1.373990,0.638900,3.591987,1.364947,0.647707,3.691316,1.103695,0.622888,3.712052,0.866912,0.777204,3.427606,1.369532,0.879497,3.321903,1.333504,0.933360,3.397756,1.069789,0.994974,3.466004,0.849198,0.750684,3.581126,0.914239,0.740713,3.710044,0.531987,0.919873,3.888721,0.176747,0.859107,3.981639,0.035703,0.848335,3.455521,0.909250,0.734717,3.390518,0.527551,0.745793,3.422115,0.092702,0.615231,3.313598,0.017156,-0.693231,-0.898235,0.021729
0.787337,3.503172,0.912967,0.779804,3.492732,1.008255,0.765196,3.473688,1.110042,0.760482,3.462261,1.204754,0.756782,3.450660,1.299383,0.741827,3.424861,1.432260,0.724168,3.402445,1.528338,0.727489,3.460324,1.376117,0.629622,3.575600,1.367727,0.637769,3.673206,1.105806,0.612333,3.695879,0.869258,0.769025,3.412118,1.371424,0.871968,3.307194,1.334959,0.923442,3.380950,1.070185,0.985001,3.448011,0.849192,0.737823,3.565388,0.916501,0.712570,3.689275,0.533371,0.903609,3.874018,0.187534,0.853802,3.975995,0.045503,0.836759,3.440820,0.910667,0.730483,3.380347,0.526209,0.745377,3.421512,0.092295,0.615134,3.313644,0.015247,-0.676682,-0.881635,0.048642
0.774945,3.488016,0.915079,0.768361,3.477469,1.010425,0.754667,3.458278,1.112311,0.750671,3.446811,1.207051,0.747616,3.435190,1.301700,0.733576,3.409291,1.434656,0.716340,3.386662,1.530761,0.718734,3.444582,1.378495,0.620104,3.559247,1.370630,0.628324,3.654689,1.107917,0.602972,3.679411,0.871566,0.760666,3.396736,1.373593,0.864329,3.292592,1.336920,0.913575,3.363700,1.071000,0.974351,3.429251,0.849315,0.724833,3.549727,0.919076,0.684155,3.666751,0.535093,0.886653,3.855773,0.198342,0.844686,3.966764,0.057297,0.824974,3.426168,0.912322,0.727808,3.370803,0.524658,0.745424,3.421411,0.091895,0.615187,3.313660,0.014904,-0.644942,-0.867809,0.075081
0.763063,3.473346,0.917405,0.757257,3.462559,1.012779,0.744328,3.443118,1.114719,0.740922,3.431529,1.209468,0.738398,3.419821,1.304123,0.725117,3.393750,1.437124,0.708287,3.370907,1.533250,0.709839,3.428943,1.380987,0.610451,3.542982,1.373547,0.618822,3.636370,1.110098,0.594065,3.663224,0.873924,0.752131,3.381428,1.375888,0.856448,3.277984,1.339071,0.903978,3.346364,1.072113,0.963036,3.409667,0.849359,0.712312,3.534500,0.921857,0.657012,3.643411,0.537260,0.868662,3.836633,0.208495,0.830456,3.950094,0.066380,0.813736,3.412051,0.914197,0.725654,3.362666,0.523535,0.745551,3.421241,0.091832,0.615240,3.313665,0.014943,-0.621544,-0.854710,0.100700
0.752085,3.459422,0.920058,0.746736,3.448172,1.015406,0.734305,3.428298,1.117326,0.731269,3.416440,1.212056,0.729089,3.404523,1.306694,0.716324,3.378146,1.439687,0.699898,3.355075,1.535829,0.700719,3.413381,1.383634,0.600581,3.526780,1.376473,0.609083,3.618354,1.112391,0.585526,3.647427,0.876363,0.743316,3.366156,1.378352,0.848180,3.263318,1.341388,0.894801,3.328908,1.073572,0.951076,3.389031,0.849238,0.700616,3.519937,0.924932,0.631807,3.619836,0.540021,0.850111,3.818142,0.218593,0.809754,3.923679,0.070962,0.803479,3.398757,0.916427,0.723878,3.356485,0.523146,0.745679,3.420788,0.092295,0.615242,3.313654,0.015101,-0.615459,-0.839363,0.131443
0.741616,3.445983,0.922925,0.736554,3.434138,1.018216,0.724471,3.413729,1.120071,0.721680,3.401520,1.214764,0.719727,3.389325,1.309372,0.707322,3.362572,1.442323,0.691284,3.339272,1.538474,0.691460,3.397920,1.386396,0.590574,3.510666,1.379413,0.599287,3.600536,1.114753,0.577441,3.631912,0.878852,0.734324,3.350958,1.380941,0.839670,3.248646,1.343895,0.885895,3.311366,1.075330,0.938452,3.367571,0.849039,0.689389,3.505808,0.928213,0.607874,3.595446,0.543226,0.830526,3.798756,0.228037,0.783939,3.889826,0.072833,0.793770,3.385998,0.918878,0.722625,3.351709,0.523186,0.745887,3.420265,0.093095,0.615243,3.313631,0.015641,-0.617715,-0.824744,0.161366
0.731146,3.432666,0.925613,0.726446,3.420249,1.020848,0.714761,3.399320,1.122644,0.712245,3.386775,1.217299,0.710540,3.374314,1.311876,0.698509,3.347201,1.444788,0.682812,3.323669,1.540939,0.682355,3.382623,1.389006,0.580780,3.494766,1.382271,0.589430,3.583205,1.117125,0.569326,3.616929,0.881389,0.725475,3.335918,1.383378,0.831220,3.234014,1.346345,0.877032,3.294195,1.077125,0.925123,3.345918,0.848813,0.678157,3.491773,0.931338,0.584771,3.569449,0.546528,0.808150,3.776485,0.234352,0.755783,3.851601,0.072658,0.784069,3.373391,0.921126,0.721292,3.347468,0.523372,0.746024,3.419739,0.093992,0.615246,3.313626,0.016168,-0.624928,-0.817727,0.172293
0.720537,3.419439,0.928075,0.716386,3.406503,1.023265,0.705235,3.385099,1.125021,0.703096,3.372251,1.219644,0.701713,3.359552,1.314195,0.690131,3.332113,1.447080,0.674709,3.308331,1.543214,0.673595,3.367535,1.391463,0.571454,3.479191,1.385166,0.579567,3.566508,1.119630,0.561226,3.602698,0.884124,0.716961,3.321079,1.385648,0.822972,3.219394,1.348767,0.868177,3.277721,1.079025,0.910966,3.324389,0.848631,0.666790,3.477804,0.934298,0.562111,3.541235,0.549908,0.781902,3.750539,0.236512,0.726145,3.809239,0.070052,0.774228,3.360901,0.923086,0.719698,3.343635,0.523656,0.746033,3.419241,0.094929,0.615258,3.313662,0.016565,-0.638484,-0.824725,0.149516
0.709928,3.406335,0.930357,0.706399,3.392902,1.025504,0.695833,3.371039,1.127224,0.694101,3.357902,1.221817,0.693060,3.344977,1.316341,0.681942,3.317228,1.449201,0.666748,3.293193,1.545308,0.664989,3.352611,1.393768,0.562340,3.463829,1.387979,0.569644,3.550298,1.122143,0.553096,3.589000,0.886908,0.708591,3.306399,1.387766,0.814783,3.204814,1.351131,0.859366,3.261617,1.080963,0.896104,3.302666,0.848422,0.655418,3.463929,0.937103,0.540281,3.511415,0.553386,0.752862,3.721709,0.235544,0.694166,3.762505,0.065400,0.764394,3.348563,0.924843,0.718025,3.340337,0.524086,0.745972,3.418739,0.095964,0.615272,3.313717,0.016949,-0.656997,-0.839324,0.107744
0.699230,3.393085,0.932207,0.696298,3.379231,1.027315,0.686301,3.356972,1.129008,0.684966,3.343597,1.223574,0.684259,3.330489,1.318077,0.673602,3.302483,1.450920,0.658616,3.278229,1.547006,0.656261,3.337786,1.395659,0.553024,3.448474,1.390258,0.559493,3.534431,1.124235,0.544314,3.575423,0.889283,0.700111,3.291831,1.389490,0.806529,3.190394,1.353105,0.850485,3.245370,1.082470,0.880870,3.280432,0.848034,0.643956,3.449893,0.939414,0.519994,3.481022,0.556666,0.722512,3.690378,0.232056,0.660046,3.713755,0.060511,0.754469,3.336098,0.926227,0.716219,3.337076,0.524524,0.745861,3.418210,0.097029,0.615272,3.313755,0.017278,-0.672921,-0.849164,0.072926
0.688425,3.379593,0.933554,0.686038,3.365448,1.028635,0.676581,3.342895,1.130316,0.675621,3.329366,1.224865,0.675237,3.316146,1.319353,0.665041,3.287962,1.452196,0.650257,3.263548,1.548272,0.647372,3.323122,1.397088,0.543386,3.433109,1.391837,0.548975,3.519040,1.125787,0.534497,3.562038,0.891144,0.691493,3.277449,1.390784,0.798229,3.176265,1.354632,0.841622,3.228812,1.083430,0.865288,3.257546,0.847414,0.632383,3.435596,0.941117,0.501498,3.450085,0.559710,0.691176,3.656570,0.225765,0.623552,3.663416,0.055824,0.744439,3.323409,0.927214,0.714299,3.333759,0.524962,0.745716,3.417635,0.098115,0.615245,3.313759,0.017539,-0.683732,-0.847544,0.058419
0.677531,3.365955,0.934467,0.675663,3.351595,1.029528,0.666733,3.328810,1.131204,0.666135,3.315179,1.225740,0.666066,3.301891,1.320220,0.656329,3.273579,1.453070,0.641727,3.249040,1.549142,0.638361,3.308556,1.398102,0.533546,3.417750,1.392881,0.538230,3.503990,1.126916,0.524028,3.548774,0.892597,0.682765,3.263179,1.391686,0.789865,3.162295,1.355768,0.832690,3.212111,1.083958,0.849334,3.234148,0.846614,0.620721,3.421138,0.942327,0.484545,3.418575,0.562557,0.658529,3.620261,0.216954,0.584918,3.611061,0.050900,0.734319,3.310593,0.927828,0.712245,3.330481,0.525408,0.745521,3.417032,0.099232,0.615204,3.313748,0.017745,-0.691954,-0.841164,0.050866
0.666507,3.352206,0.934903,0.665118,3.337596,1.029934,0.656679,3.314559,1.131594,0.656417,3.300813,1.226116,0.656639,3.287451,1.320585,0.647333,3.259012,1.453439,0.632885,3.234349,1.549503,0.629074,3.293837,1.398586,0.523445,3.402245,1.393435,0.527507,3.488731,1.127540,0.513437,3.535015,0.893505,0.673761,3.248756,1.392067,0.781250,3.148213,1.356356,0.823306,3.195248,1.083931,0.833271,3.210349,0.845636,0.608950,3.406566,0.943058,0.469095,3.387444,0.565029,0.625081,3.581767,0.207085,0.545038,3.557767,0.046234,0.724048,3.297666,0.927967,0.709944,3.327023,0.525753,0.745250,3.416430,0.100333,0.615175,3.313735,0.017884,-0.697617,-0.837766,0.036149
0.655314,3.338446,0.934860,0.654361,3.323474,1.029839,0.646378,3.300119,1.131463,0.646424,3.286213,1.225962,0.646915,3.272755,1.320417,0.638012,3.244181,1.453269,0.623690,3.219389,1.549318,0.619457,3.278914,1.398495,0.513072,3.386590,1.393532,0.516960,3.473057,1.127627,0.502868,3.520481,0.893818,0.664422,3.234125,1.391877,0.772323,3.133962,1.356344,0.813300,3.178205,1.083292,0.817139,3.185969,0.844492,0.597035,3.391977,0.943352,0.455287,3.356831,0.567177,0.590569,3.541336,0.196170,0.503426,3.504327,0.041729,0.713580,3.284729,0.927584,0.707369,3.323366,0.525948,0.744888,3.415860,0.101377,0.615166,3.313725,0.017940,-0.699204,-0.838234,0.006816
0.643990,3.324574,0.934339,0.643434,3.309205,1.029257,0.635873,3.285512,1.130836,0.636198,3.271434,1.225308,0.636935,3.257874,1.319746,0.628408,3.229165,1.452594,0.614183,3.204246,1.548625,0.609564,3.263836,1.397875,0.502439,3.370787,1.393139,0.506436,3.457174,1.127209,0.492176,3.505452,0.893587,0.654807,3.219341,1.391166,0.763145,3.119598,1.355783,0.802842,3.161000,1.082098,0.800899,3.161186,0.843170,0.585011,3.377274,0.943166,0.442982,3.326597,0.568949,0.555256,3.498721,0.184197,0.460568,3.449946,0.037482,0.702962,3.271681,0.926726,0.704547,3.319530,0.526041,0.744450,3.415292,0.102406,0.615169,3.313714,0.017929,-0.698230,-0.841682,-0.029682
0.632619,3.310321,0.933303,0.632406,3.294640,1.028172,0.625215,3.270652,1.129709,0.625776,3.256419,1.224157,0.626716,3.242754,1.318578,0.618506,3.213885,1.451412,0.604342,3.188830,1.547416,0.599402,3.248503,1.396741,0.491518,3.354697,1.392195,0.495727,3.441144,1.126289,0.481462,3.490151,0.892820,0.644921,3.204302,1.389952,0.753713,3.105017,1.354673,0.792063,3.143679,1.080393,0.784694,3.136648,0.841630,0.572964,3.362212,0.942388,0.431722,3.297275,0.570010,0.520442,3.453496,0.172592,0.418827,3.393316,0.034282,0.692269,3.258232,0.925430,0.701442,3.315354,0.526065,0.743948,3.414654,0.103505,0.615178,3.313708,0.017882,-0.699275,-0.853195,-0.065105
0.621209,3.295611,0.931691,0.621287,3.279755,1.026532,0.614410,3.255536,1.128036,0.615158,3.241170,1.222463,0.616254,3.227385,1.316865,0.608297,3.198300,1.449667,0.594150,3.173072,1.545628,0.588974,3.232870,1.395050,0.480293,3.338252,1.390636,0.484764,3.424993,1.124829,0.470814,3.474652,0.891479,0.634771,3.188969,1.388183,0.744039,3.090196,1.352941,0.780945,3.126264,1.078111,0.768477,3.112508,0.839842,0.560907,3.346723,0.940928,0.421592,3.268828,0.570282,0.486151,3.405215,0.161370,0.378104,3.333707,0.032057,0.681510,3.244299,0.923666,0.698103,3.310897,0.526029,0.743419,3.413951,0.104657,0.615198,3.313718,0.017805,-0.704425,-0.876010,-0.097634
0.609752,3.280520,0.929563,0.610066,3.264573,1.024388,0.603454,3.240166,1.125864,0.604344,3.225684,1.220272,0.605553,3.211777,1.314655,0.597790,3.182450,1.447414,0.583624,3.157041,1.543325,0.578277,3.216980,1.392845,0.468780,3.321518,1.388526,0.473616,3.408695,1.122868,0.460143,3.458880,0.889603,0.624352,3.173382,1.385912,0.734111,3.075158,1.350659,0.769506,3.108733,1.075318,0.752296,3.088613,0.837836,0.548827,3.330875,0.938875,0.412509,3.241294,0.569843,0.452359,3.354325,0.150516,0.338498,3.271848,0.030878,0.670676,3.229964,0.921464,0.694482,3.306100,0.525923,0.742827,3.413178,0.105880,0.615224,3.313732,0.017692,-0.711592,-0.906889,-0.129087
0.598300,3.265010,0.927062,0.598786,3.249017,1.021878,0.592378,3.224466,1.123333,0.593361,3.209904,1.217727,0.594638,3.195906,1.312096,0.587009,3.166383,1.444820,0.572787,3.140858,1.540692,0.567306,3.200861,1.390279,0.457005,3.304552,1.386005,0.462280,3.392236,1.120523,0.449281,3.442846,0.887323,0.613648,3.157552,1.383312,0.723887,3.059867,1.348053,0.757932,3.091065,1.072259,0.736436,3.065139,0.835664,0.536774,3.314626,0.936387,0.403755,3.215323,0.568582,0.420284,3.301742,0.141409,0.302663,3.208625,0.031754,0.659828,3.215191,0.918950,0.690396,3.300623,0.525751,0.742073,3.412261,0.107313,0.615246,3.313724,0.017558,-0.719092,-0.941202,-0.156686
0.587043,3.249148,0.924170,0.587609,3.233136,1.018983,0.581319,3.208468,1.120417,0.582322,3.193847,1.214803,0.583599,3.179781,1.309161,0.576014,3.150092,1.441851,0.561679,3.124535,1.537698,0.556101,3.184520,1.387316,0.444999,3.287353,1.383067,0.450840,3.375644,1.117800,0.438282,3.426546,0.884639,0.602703,3.141490,1.380356,0.713438,3.044369,1.345105,0.746303,3.073229,1.068913,0.720932,3.042085,0.833312,0.524924,3.298027,0.933435,0.395059,3.191603,0.566385,0.389958,3.246549,0.134447,0.271195,3.143008,0.035524,0.649168,3.200064,0.916118,0.685899,3.294560,0.525523,0.741113,3.411311,0.108927,0.615257,3.313663,0.017411,-0.724978,-0.976910,-0.178881
0.575792,3.232866,0.920905,0.576372,3.216879,1.015722,0.570141,3.192139,1.117142,0.571114,3.177495,1.211524,0.572347,3.163392,1.305878,0.564743,3.133583,1.438540,0.550260,3.108061,1.534374,0.544622,3.167949,1.383993,0.432730,3.269921,1.379718,0.439213,3.358890,1.114693,0.427093,3.409983,0.881551,0.591473,3.125185,1.377071,0.702694,3.028618,1.341831,0.734538,3.055256,1.065301,0.705750,3.019454,0.830795,0.513103,3.281028,0.930049,0.386693,3.169447,0.563367,0.361350,3.189662,0.129232,0.243499,3.076027,0.041348,0.638492,3.184499,0.912974,0.680938,3.287817,0.525229,0.739992,3.410216,0.110751,0.615263,3.313581,0.017242,-0.731196,-1.016052,-0.197222
0.564038,3.215927,0.917464,0.564639,3.200024,1.012294,0.558472,3.175305,1.113723,0.559430,3.160729,1.208116,0.560639,3.146691,1.302479,0.553041,3.116920,1.435150,0.538433,3.091521,1.530997,0.532745,3.151148,1.380564,0.420128,3.252314,1.376117,0.427142,3.341873,1.111303,0.415381,3.393173,0.878189,0.579815,3.108614,1.373716,0.691396,3.012448,1.338514,0.722581,3.037219,1.061729,0.691064,2.997428,0.828202,0.500835,3.263442,0.926472,0.378762,3.147436,0.559764,0.335578,3.134751,0.125953,0.220446,3.011656,0.047708,0.627255,3.168209,0.909668,0.675175,3.279774,0.524836,0.738744,3.408570,0.113018,0.615273,3.313538,0.017044,-0.741903,-1.060119,-0.213584
0.551568,3.198373,0.913794,0.552216,3.182596,1.008646,0.546147,3.157986,1.110108,0.547140,3.143564,1.204525,0.548378,3.129689,1.298913,0.540861,3.100121,1.431635,0.526180,3.074943,1.527530,0.520438,3.134117,1.377003,0.407187,3.234561,1.372247,0.414563,3.324699,1.107638,0.403021,3.376205,0.874558,0.567677,3.091754,1.370242,0.679401,2.995742,1.335065,0.710327,3.019200,1.058130,0.676796,2.976083,0.825444,0.487931,3.245337,0.922678,0.371404,3.125412,0.555425,0.312087,3.081599,0.125778,0.203058,2.949007,0.055006,0.615218,3.151211,0.906122,0.668641,3.270646,0.524409,0.737429,3.406509,0.115687,0.615289,3.313561,0.016768,-0.759917,-1.111055,-0.231913
0.538594,3.180162,0.909948,0.539295,3.164569,1.004831,0.533330,3.140162,1.106348,0.534373,3.125985,1.200803,0.535661,3.112375,1.295230,0.528248,3.083168,1.428040,0.513520,3.058300,1.524009,0.507733,3.116857,1.373338,0.393912,3.216633,1.368125,0.401541,3.307261,1.103691,0.390138,3.358990,0.870653,0.555111,3.074628,1.366697,0.666853,2.978616,1.331571,0.697881,3.001116,1.054570,0.663024,2.955344,0.822611,0.474581,3.226644,0.918694,0.364482,3.103533,0.550501,0.291432,3.030422,0.127539,0.190313,2.888969,0.062841,0.602620,3.133488,0.902414,0.661305,3.260218,0.523883,0.735987,3.403897,0.118799,0.615310,3.313625,0.016462,-0.782421,-1.166916,-0.248264
0.525248,3.160935,0.906280,0.526011,3.145643,1.001210,0.520140,3.121599,1.102818,0.521215,3.107830,1.197331,0.522528,3.094660,1.291818,0.515181,3.066077,1.424763,0.500409,3.041604,1.520826,0.494596,3.099375,1.369908,0.380244,3.198494,1.363961,0.388011,3.289132,1.099537,0.376770,3.341277,0.866585,0.542121,3.057280,1.363486,0.653920,2.961258,1.328571,0.685503,2.982794,1.051564,0.650158,2.935169,0.820061,0.460890,3.206976,0.914846,0.357687,3.080867,0.545681,0.276400,2.985528,0.127923,0.180026,2.838185,0.068494,0.589618,3.114708,0.898925,0.652741,3.247232,0.523039,0.734270,3.399913,0.122709,0.615333,3.313716,0.016266,-0.805120,-1.223358,-0.252680
0.511475,3.140636,0.902769,0.512330,3.125755,0.997764,0.506547,3.102240,1.099503,0.507640,3.089050,1.194098,0.508950,3.076515,1.288673,0.501617,3.048847,1.421813,0.486802,3.024852,1.517990,0.480989,3.081680,1.366703,0.366198,3.180229,1.359722,0.373920,3.270279,1.095092,0.362754,3.323084,0.862283,0.528668,3.039712,1.360611,0.640529,2.943619,1.326078,0.673290,2.963927,1.049120,0.638401,2.915305,0.817732,0.446801,3.186274,0.911132,0.351295,3.057009,0.541044,0.268983,2.948381,0.125803,0.171472,2.799429,0.071837,0.576161,3.094818,0.895618,0.642807,3.231913,0.521907,0.732494,3.395084,0.127589,0.615362,3.313823,0.016222,-0.830473,-1.283953,-0.241564
0.497331,3.119321,0.899435,0.498286,3.104968,0.994513,0.492580,3.082143,1.096416,0.493674,3.069695,1.191116,0.494957,3.057970,1.285797,0.487598,3.031480,1.419181,0.472745,3.008047,1.515491,0.466949,3.063763,1.363733,0.351759,3.161753,1.355441,0.359322,3.250735,1.090441,0.348254,3.304393,0.857818,0.514792,3.021922,1.358069,0.626752,2.925747,1.324078,0.661145,2.944821,1.047230,0.627550,2.896005,0.815686,0.432371,3.164597,0.907555,0.345030,3.032363,0.536511,0.267188,2.917517,0.122306,0.165377,2.769927,0.072999,0.562301,3.073871,0.892530,0.631644,3.214035,0.520457,0.730443,3.388883,0.133267,0.615394,3.313957,0.016287,-0.856021,-1.345129,-0.218515
0.483114,3.096800,0.896695,0.484122,3.083174,0.991876,0.478440,3.061253,1.093974,0.479479,3.049746,1.188789,0.480677,3.039031,1.283588,0.473224,3.013990,1.417240,0.458338,2.991203,1.513699,0.452551,3.045598,1.361375,0.336824,3.142777,1.351429,0.344310,3.230178,1.085908,0.333792,3.284898,0.853513,0.500612,3.003946,1.356256,0.612975,2.907972,1.323078,0.649036,2.926220,1.046381,0.617408,2.877983,0.814466,0.417878,3.141737,0.904452,0.337755,3.007203,0.532538,0.267829,2.892848,0.117502,0.161730,2.747995,0.069644,0.548359,3.051696,0.890155,0.619243,3.191658,0.518372,0.727320,3.378910,0.139587,0.615419,3.314142,0.016468,-0.870094,-1.391826,-0.184362
0.468874,3.072338,0.894536,0.469783,3.059770,0.989856,0.464023,3.039113,1.092203,0.464923,3.028892,1.187156,0.465973,3.019535,1.282089,0.458377,2.996423,1.416064,0.443507,2.974437,1.512708,0.437659,3.027148,1.359659,0.321174,3.123138,1.347539,0.328726,3.208401,1.081329,0.319388,3.264514,0.849221,0.486025,2.985777,1.355261,0.599253,2.890421,1.323309,0.636959,2.908323,1.046806,0.607994,2.861471,0.814266,0.403346,3.116941,0.901676,0.329042,2.980931,0.529057,0.271059,2.875210,0.110298,0.161460,2.734828,0.058283,0.534409,3.027576,0.888617,0.605243,3.163873,0.515302,0.722761,3.364238,0.146265,0.615518,3.314628,0.015584,-0.868238,-1.416624,-0.133304
0.454561,3.046669,0.892970,0.455323,3.035360,0.988451,0.449432,3.016180,1.091077,0.450139,3.007445,1.186180,0.450983,2.999646,1.281256,0.443175,2.978733,1.415580,0.428326,2.957633,1.512425,0.422409,3.008451,1.358555,0.305029,3.102998,1.343918,0.312728,3.185611,1.076868,0.305022,3.243327,0.845088,0.471135,2.967421,1.354995,0.585530,2.872967,1.324539,0.624918,2.890932,1.048274,0.599288,2.846236,0.814893,0.388750,3.090961,0.899374,0.319320,2.954144,0.526136,0.276725,2.863766,0.101788,0.163640,2.729231,0.042406,0.520377,3.002229,0.887792,0.590004,3.131588,0.511598,0.717131,3.345793,0.153586,0.615611,3.315164,0.014817,-0.854908,-1.426942,-0.071143
0.440326,3.021810,0.892453,0.441141,3.011647,0.988067,0.435176,2.993763,1.090933,0.435685,2.986315,1.186158,0.436252,2.979852,1.281346,0.428066,2.960801,1.415940,0.413108,2.940448,1.512931,0.407281,2.989595,1.358346,0.288947,3.082562,1.341314,0.296884,3.162109,1.073347,0.291159,3.221280,0.841877,0.456369,2.948930,1.355577,0.572025,2.855554,1.326571,0.612883,2.874189,1.050567,0.591029,2.832300,0.816303,0.374293,3.065848,0.898325,0.308738,2.928912,0.524437,0.281181,2.855920,0.095326,0.165480,2.725937,0.030153,0.506365,2.977635,0.887809,0.574602,3.095591,0.507994,0.710724,3.323950,0.162252,0.615443,3.315016,0.017717,-0.831796,-1.429978,-0.016121
0.426198,2.998608,0.893309,0.427409,2.989346,0.989012,0.421453,2.972407,1.092043,0.421738,2.965873,1.187340,0.421891,2.960336,1.282593,0.412998,2.942543,1.417319,0.397691,2.922735,1.514368,0.392274,2.970582,1.359240,0.272928,3.061794,1.339984,0.281422,3.137699,1.070996,0.278347,3.198327,0.839870,0.441686,2.930259,1.357184,0.558640,2.838107,1.329510,0.600733,2.858286,1.053806,0.583245,2.819836,0.818621,0.360067,3.042520,0.899028,0.296647,2.905382,0.524757,0.282943,2.851858,0.092570,0.165974,2.723918,0.025275,0.492344,2.954572,0.888823,0.559662,3.054643,0.504279,0.704085,3.298258,0.173037,0.615605,3.316545,0.027065,-0.786884,-1.432651,0.020082
0.412148,2.976215,0.895214,0.413955,2.967742,0.990980,0.408065,2.951566,1.094135,0.408121,2.945749,1.189476,0.407790,2.940916,1.284763,0.398023,2.924042,1.419542,0.382236,2.904641,1.516596,0.377389,2.951411,1.361029,0.256973,3.040728,1.339671,0.266113,3.112578,1.069586,0.266038,3.174516,0.838785,0.427129,2.911453,1.359640,0.545473,2.820702,1.333252,0.588590,2.843033,1.057871,0.575908,2.808671,0.821724,0.345979,3.020060,0.900985,0.283696,2.883407,0.526300,0.283495,2.851394,0.091862,0.166129,2.724202,0.024021,0.478344,2.932262,0.890679,0.544557,3.009981,0.500664,0.696670,3.269169,0.185167,0.615508,3.317390,0.040081,-0.732189,-1.428041,0.049146
0.398239,2.954109,0.897645,0.400658,2.946400,0.993461,0.394932,2.930921,1.096730,0.394857,2.925751,1.192107,0.394162,2.921540,1.287421,0.383745,2.905431,1.422245,0.367542,2.886267,1.519278,0.363102,2.932158,1.363369,0.241647,3.019670,1.340354,0.250834,3.087635,1.069250,0.253053,3.149935,0.838538,0.413248,2.892693,1.362536,0.533031,2.803517,1.337292,0.576795,2.828000,1.062190,0.568668,2.798306,0.825200,0.331957,2.997769,0.903487,0.271986,2.864613,0.527338,0.283642,2.851365,0.091574,0.166177,2.724608,0.023279,0.464557,2.910353,0.893042,0.528485,2.966111,0.498522,0.687145,3.238414,0.197028,0.613126,3.309739,0.051983,-0.705450,-1.402588,0.087865
0.384214,2.931895,0.900523,0.387317,2.925079,0.996384,0.381965,2.910324,1.099777,0.381961,2.905815,1.195187,0.381144,2.902198,1.290526,0.370502,2.886745,1.425412,0.354001,2.867589,1.522397,0.349673,2.912838,1.366261,0.227273,2.998768,1.342227,0.235366,3.063028,1.070198,0.238921,3.124532,0.839256,0.400355,2.874059,1.365823,0.521593,2.786587,1.341555,0.565478,2.813099,1.066661,0.561413,2.788876,0.828978,0.317642,2.975104,0.906416,0.262155,2.849891,0.527001,0.283569,2.850867,0.091168,0.166172,2.724451,0.022111,0.450831,2.888601,0.895873,0.510671,2.924466,0.498383,0.674729,3.206498,0.208698,0.607982,3.291114,0.061974,-0.739632,-1.339649,0.150771
0.370330,2.909966,0.903927,0.374133,2.904021,0.999820,0.369254,2.889922,1.103327,0.369417,2.886005,1.198763,0.368598,2.882899,1.294118,0.357955,2.867948,1.429059,0.341219,2.848630,1.525971,0.336843,2.893436,1.369705,0.213528,2.977874,1.345095,0.219927,3.038599,1.072220,0.224113,3.098360,0.840813,0.388139,2.855471,1.369550,0.510881,2.769876,1.346116,0.554511,2.798420,1.071386,0.554254,2.780247,0.833130,0.303393,2.952609,0.909889,0.253564,2.838351,0.526158,0.283091,2.850804,0.091182,0.166059,2.724416,0.021456,0.437317,2.867250,0.899212,0.491890,2.883611,0.499717,0.660204,3.172917,0.220098,0.600554,3.263993,0.070851,-0.801770,-1.255867,0.223333
0.357417,2.888982,0.907573,0.361594,2.883520,1.003484,0.356981,2.869825,1.107060,0.357199,2.866325,1.202512,0.356331,2.863615,1.297879,0.345695,2.849065,1.432863,0.328813,2.829552,1.529711,0.324311,2.873987,1.373359,0.200014,2.956835,1.348356,0.205056,3.014772,1.074827,0.208860,3.071664,0.842743,0.376224,2.836870,1.373456,0.500568,2.753452,1.350698,0.543843,2.783805,1.076102,0.547175,2.771518,0.837459,0.290216,2.931216,0.913556,0.246393,2.828949,0.525689,0.282460,2.850727,0.091608,0.165913,2.724380,0.021017,0.424671,2.846679,0.902838,0.473653,2.843744,0.502304,0.644572,3.137880,0.229380,0.590246,3.227995,0.076220,-0.830709,-1.187604,0.278754
0.345932,2.869371,0.911515,0.349977,2.863735,1.007423,0.345270,2.850065,1.111000,0.345315,2.846738,1.206459,0.344257,2.844300,1.301832,0.333528,2.830101,1.436847,0.316603,2.810427,1.533655,0.311938,2.854479,1.377235,0.186486,2.935447,1.351909,0.190979,2.991755,1.078013,0.193106,3.044416,0.844944,0.364470,2.818257,1.377605,0.490660,2.737572,1.355358,0.533573,2.769155,1.080832,0.540261,2.762308,0.842028,0.278666,2.911505,0.917473,0.241076,2.822029,0.525924,0.281764,2.850527,0.092492,0.165753,2.724308,0.020791,0.413248,2.827161,0.906804,0.456801,2.804704,0.506314,0.628379,3.101833,0.236582,0.576805,3.181329,0.076534,-0.792582,-1.149271,0.308816
0.335419,2.850703,0.915699,0.339004,2.844507,1.011590,0.333998,2.830611,1.115122,0.333757,2.827281,1.210580,0.332460,2.825000,1.305954,0.321648,2.811050,1.440988,0.304767,2.791183,1.537765,0.299864,2.834924,1.381321,0.173190,2.913915,1.355855,0.177468,2.969338,1.081784,0.176909,3.016645,0.847519,0.353018,2.799632,1.381933,0.481151,2.721979,1.360038,0.523603,2.754570,1.085553,0.533428,2.752998,0.846774,0.268189,2.892897,0.921582,0.237178,2.817247,0.526533,0.280915,2.850312,0.093788,0.165559,2.724235,0.020781,0.402693,2.808424,0.911056,0.440495,2.766652,0.511576,0.611080,3.064330,0.241664,0.560484,3.125787,0.073341,-0.721257,-1.126457,0.321737
0.325342,2.832353,0.919672,0.328329,2.825647,1.015548,0.322983,2.811484,1.119026,0.322471,2.808066,1.214480,0.320997,2.805820,1.309852,0.310219,2.791920,1.444893,0.293462,2.771768,1.541632,0.288196,2.815383,1.385238,0.160460,2.892706,1.359894,0.164380,2.947323,1.085668,0.160670,2.988682,0.850320,0.341902,2.780931,1.385980,0.471692,2.705958,1.364287,0.513591,2.740194,1.089933,0.526403,2.743830,0.851321,0.258129,2.874591,0.925360,0.233586,2.812527,0.527397,0.279902,2.849968,0.095348,0.165338,2.724138,0.020705,0.392591,2.790021,0.915220,0.423726,2.730266,0.517359,0.592043,3.024249,0.242660,0.541449,3.066357,0.068888,-0.657181,-1.112298,0.315374
0.315709,2.814227,0.923418,0.317919,2.807201,1.019288,0.312208,2.792781,1.122710,0.311470,2.789208,1.218156,0.309933,2.786853,1.313525,0.299392,2.772747,1.448563,0.282878,2.752184,1.545255,0.277043,2.795900,1.389014,0.148497,2.872041,1.364154,0.151854,2.925653,1.089720,0.144578,2.960653,0.853451,0.331205,2.762160,1.389719,0.462198,2.689268,1.368050,0.503349,2.726333,1.093970,0.519064,2.735073,0.855655,0.248439,2.856422,0.928695,0.230067,2.807274,0.528575,0.278708,2.849443,0.097197,0.165086,2.723948,0.020459,0.383007,2.771936,0.919373,0.406096,2.695818,0.523753,0.571000,2.981255,0.238273,0.519645,3.003971,0.063644,-0.613374,-1.105125,0.282396
0.306514,2.796418,0.926953,0.307808,2.789123,1.022819,0.301691,2.774404,1.126176,0.300741,2.770593,1.221611,0.299202,2.768007,1.316974,0.289018,2.753494,1.451997,0.272824,2.732429,1.548637,0.266297,2.776432,1.392621,0.137100,2.851700,1.368508,0.139749,2.904385,1.093885,0.128445,2.932434,0.856806,0.320844,2.743314,1.393179,0.452754,2.672151,1.371382,0.493065,2.712680,1.097665,0.511535,2.726457,0.859790,0.239166,2.838555,0.931698,0.226852,2.802082,0.530010,0.277349,2.848787,0.099311,0.164808,2.723736,0.020148,0.373878,2.754186,0.923436,0.388004,2.663035,0.530667,0.548220,2.935682,0.229799,0.495125,2.937697,0.057140,-0.576816,-1.106606,0.230134
0.297194,2.778576,0.929877,0.297744,2.771092,1.025741,0.291306,2.756079,1.129037,0.290197,2.751993,1.224459,0.288671,2.749104,1.319813,0.278805,2.734062,1.454801,0.262888,2.712451,1.551366,0.255743,2.756904,1.395601,0.126006,2.831487,1.372281,0.127508,2.883483,1.097523,0.112113,2.903978,0.859919,0.310612,2.724313,1.395983,0.443272,2.654620,1.374005,0.482958,2.698460,1.100693,0.503915,2.717420,0.863388,0.229796,2.820686,0.934179,0.223517,2.796657,0.531408,0.275862,2.848036,0.101471,0.164528,2.723682,0.019797,0.364600,2.736372,0.926801,0.369648,2.631789,0.537097,0.523876,2.887415,0.219159,0.468219,2.869727,0.050222,-0.548899,-1.114886,0.178438
0.287535,2.760589,0.932093,0.287668,2.753054,1.027957,0.281073,2.737786,1.131206,0.279895,2.733409,1.226615,0.278406,2.730155,1.321957,0.268793,2.714459,1.456889,0.253082,2.692268,1.553356,0.245421,2.737352,1.397852,0.115249,2.811433,1.375360,0.114926,2.863070,1.100537,0.095507,2.875238,0.862702,0.300540,2.705184,1.398040,0.433799,2.636697,1.375860,0.473256,2.683418,1.102989,0.496285,2.707902,0.866393,0.220132,2.802715,0.936122,0.219806,2.790918,0.532742,0.274117,2.847211,0.103662,0.164216,2.723928,0.019389,0.354944,2.718367,0.929288,0.350800,2.601964,0.542912,0.497960,2.836339,0.206202,0.438942,2.800864,0.042384,-0.533209,-1.134181,0.133780
0.277753,2.742567,0.933698,0.277641,2.735062,1.029563,0.270973,2.719546,1.132770,0.269778,2.714840,1.228164,0.268339,2.711149,1.323491,0.258944,2.694677,1.458346,0.243395,2.671861,1.554694,0.235292,2.717742,1.399477,0.104795,2.791507,1.377859,0.102206,2.843024,1.103024,0.078703,2.846262,0.865243,0.290595,2.685900,1.399443,0.424287,2.618359,1.377005,0.463731,2.667809,1.104617,0.488564,2.697963,0.868863,0.210372,2.784742,0.937542,0.215975,2.784945,0.534039,0.272244,2.846291,0.105900,0.163903,2.724332,0.018943,0.345141,2.700298,0.931077,0.331688,2.573676,0.548242,0.470480,2.782570,0.191080,0.407278,2.730305,0.034131,-0.526159,-1.160274,0.089688
0.267931,2.724500,0.934583,0.267594,2.716960,1.030443,0.260825,2.701142,1.133597,0.259577,2.696059,1.228970,0.258137,2.691885,1.324277,0.248852,2.674589,1.459037,0.233380,2.651120,1.555240,0.225023,2.697890,1.400321,0.094276,2.771425,1.379442,0.089406,2.822950,1.104637,0.061767,2.817154,0.867330,0.280470,2.666303,1.400088,0.414501,2.599551,1.377338,0.453922,2.651623,1.105435,0.480619,2.687220,0.870632,0.200596,2.766759,0.938290,0.212358,2.778686,0.535098,0.270664,2.845240,0.108013,0.163700,2.724663,0.018543,0.335272,2.682147,0.932099,0.313190,2.547131,0.552474,0.441633,2.726337,0.176172,0.373498,2.657835,0.027825,-0.518381,-1.178655,0.046607
0.258069,2.706392,0.934684,0.257476,2.698715,1.030533,0.250535,2.682520,1.133617,0.249163,2.676998,1.228963,0.247640,2.672293,1.324244,0.238320,2.654124,1.458885,0.222816,2.629968,1.554913,0.214465,2.677730,1.400309,0.083537,2.751096,1.379974,0.076427,2.802780,1.105252,0.044636,2.787797,0.868911,0.270015,2.646326,1.399914,0.404293,2.580209,1.376766,0.443616,2.634832,1.105349,0.472387,2.675638,0.871649,0.190791,2.748756,0.938280,0.209198,2.772147,0.535852,0.269537,2.844052,0.109915,0.163686,2.724810,0.018216,0.325347,2.663930,0.932312,0.295253,2.522496,0.555517,0.411614,2.666930,0.161415,0.337328,2.582096,0.023620,-0.501568,-1.179273,0.005667
0.248167,2.688237,0.934066,0.247339,2.680359,1.029897,0.240197,2.663734,1.132899,0.238666,2.657725,1.228214,0.237007,2.652444,1.323463,0.227545,2.633354,1.457967,0.211923,2.608482,1.553792,0.203768,2.657328,1.399517,0.072733,2.730610,1.379591,0.063366,2.782581,1.104994,0.027374,2.758307,0.870039,0.259378,2.626036,1.398984,0.393811,2.560398,1.375382,0.433026,2.617465,1.104453,0.463930,2.663252,0.871966,0.180971,2.730743,0.937597,0.206253,2.765322,0.536366,0.268703,2.842734,0.111693,0.163782,2.724883,0.017936,0.315357,2.645631,0.931757,0.277930,2.499604,0.557462,0.380228,2.605060,0.146872,0.299042,2.504447,0.021363,-0.484027,-1.172178,-0.034262
0.238313,2.670012,0.932806,0.237271,2.661835,1.028609,0.229913,2.644736,1.131518,0.228206,2.638212,1.226796,0.226384,2.632349,1.322008,0.216717,2.612361,1.456367,0.200917,2.586780,1.551977,0.193056,2.636709,1.398027,0.061961,2.709953,1.378368,0.050571,2.762156,1.103887,0.010239,2.729134,0.870661,0.248699,2.605480,1.397378,0.383259,2.540257,1.373358,0.422331,2.599595,1.102895,0.455295,2.649781,0.871577,0.171258,2.712741,0.936344,0.203133,2.758142,0.536636,0.268097,2.841272,0.113436,0.163869,2.724977,0.017705,0.305357,2.627180,0.930490,0.262263,2.478170,0.557967,0.347092,2.543097,0.135112,0.259732,2.428750,0.022948,-0.481310,-1.173007,-0.076130
0.228585,2.651974,0.930868,0.227327,2.643326,1.026625,0.219711,2.625658,1.129418,0.217791,2.618560,1.224649,0.215757,2.612090,1.319816,0.205795,2.591209,1.454017,0.189729,2.564895,1.549381,0.182296,2.615929,1.395760,0.051183,2.689155,1.376150,0.038133,2.741489,1.101765,-0.006813,2.700294,0.870714,0.237948,2.584717,1.395027,0.372643,2.519888,1.370691,0.411463,2.581262,1.100642,0.446513,2.635149,0.870455,0.161760,2.695049,0.934505,0.199884,2.750861,0.536658,0.267885,2.839657,0.115067,0.163905,2.725148,0.017535,0.295395,2.608791,0.928454,0.249424,2.458373,0.556746,0.311188,2.480301,0.126905,0.219297,2.354476,0.029018,-0.506762,-1.187218,-0.123867
0.218906,2.633866,0.928289,0.217452,2.624648,1.023990,0.209563,2.606367,1.126654,0.207414,2.598668,1.221834,0.205140,2.591586,1.316952,0.194820,2.569834,1.450986,0.178427,2.542794,1.546090,0.171521,2.594932,1.392795,0.040438,2.668185,1.373091,0.025961,2.720595,1.098795,-0.023738,2.671771,0.870261,0.227154,2.563687,1.391999,0.361958,2.499190,1.367385,0.400490,2.562425,1.097726,0.437554,2.619431,0.868627,0.152369,2.677367,0.932096,0.196460,2.743225,0.536436,0.267901,2.837898,0.116664,0.163931,2.725339,0.017414,0.285422,2.590250,0.925705,0.238242,2.440033,0.554086,0.273535,2.417412,0.121482,0.177838,2.282155,0.038931,-0.547038,-1.209353,-0.173543
0.209124,2.614891,0.925254,0.207574,2.605195,1.020908,0.199490,2.586408,1.123468,0.197178,2.578206,1.218604,0.194720,2.570613,1.313679,0.184100,2.548138,1.447573,0.167422,2.520495,1.542457,0.160949,2.573570,1.389439,0.029932,2.646940,1.369726,0.014129,2.699330,1.095500,-0.040141,2.643965,0.869444,0.216541,2.542256,1.388584,0.351394,2.477994,1.363631,0.389791,2.543039,1.094385,0.428377,2.602574,0.866174,0.142880,2.658817,0.929260,0.192338,2.734400,0.535965,0.267585,2.836012,0.118545,0.163955,2.725479,0.017316,0.275347,2.570846,0.922472,0.226248,2.422324,0.550497,0.236805,2.359024,0.119104,0.136749,2.217237,0.052659,-0.577658,-1.238678,-0.216316
0.199357,2.594793,0.921599,0.197854,2.584785,1.017223,0.189672,2.565650,1.119712,0.187265,2.557084,1.214814,0.184670,2.549107,1.309856,0.173785,2.526086,1.443637,0.156855,2.498004,1.538349,0.150703,2.551806,1.385558,0.019789,2.625412,1.366039,0.002707,2.677655,1.091860,-0.055958,2.616894,0.868270,0.206225,2.520372,1.384658,0.341038,2.456188,1.359298,0.379561,2.523116,1.090534,0.418997,2.584521,0.862946,0.133398,2.639123,0.925832,0.187668,2.724518,0.535221,0.266986,2.834229,0.120586,0.163976,2.725528,0.017250,0.265300,2.550341,0.918590,0.212634,2.405663,0.545645,0.201154,2.305359,0.121496,0.094726,2.161327,0.073434,-0.585884,-1.277356,-0.252448
0.189488,2.573829,0.917489,0.188130,2.563600,1.013091,0.179929,2.544223,1.115533,0.177493,2.535391,1.210610,0.174817,2.527131,1.305625,0.163726,2.503714,1.439320,0.146585,2.475315,1.533899,0.140659,2.529678,1.381286,0.009886,2.603609,1.362045,-0.008375,2.655607,1.087897,-0.071254,2.590540,0.866732,0.196090,2.498086,1.380345,0.330804,2.433884,1.354517,0.369604,2.502642,1.086258,0.409400,2.565329,0.859093,0.123817,2.618561,0.921979,0.182299,2.713447,0.534229,0.266056,2.832319,0.122912,0.163993,2.725526,0.017205,0.255150,2.528972,0.914224,0.198208,2.389633,0.539865,0.166428,2.256195,0.126933,0.053072,2.112821,0.098025,-0.584453,-1.323224,-0.281678
0.179019,2.551971,0.913605,0.177848,2.541587,1.009192,0.169746,2.522066,1.111614,0.167416,2.513074,1.206678,0.164821,2.504651,1.301679,0.153786,2.481019,1.435340,0.136608,2.452428,1.529853,0.130665,2.507151,1.377342,0.000065,2.581445,1.358325,-0.019250,2.633154,1.084193,-0.085828,2.565241,0.864951,0.186011,2.475417,1.376296,0.320620,2.411243,1.349875,0.359725,2.481533,1.082054,0.399491,2.545107,0.855140,0.113618,2.597075,0.918345,0.175254,2.699959,0.533057,0.264087,2.829617,0.126223,0.164015,2.725520,0.017122,0.244417,2.506740,0.910092,0.182930,2.372157,0.534669,0.134836,2.215459,0.130501,0.017097,2.072361,0.116708,-0.587095,-1.369056,-0.294379
0.167800,2.529293,0.910044,0.166767,2.518758,1.005620,0.158870,2.499161,1.108045,0.156799,2.490103,1.203109,0.154499,2.481639,1.298116,0.143889,2.457994,1.431809,0.126928,2.429349,1.526345,0.120643,2.484209,1.373834,-0.009740,2.558912,1.354944,-0.030067,2.610200,1.080806,-0.099826,2.541047,0.862881,0.175915,2.452357,1.372585,0.310402,2.388266,1.345366,0.350033,2.459754,1.077936,0.389294,2.523811,0.851067,0.102642,2.574727,0.914991,0.166886,2.683893,0.531774,0.261494,2.826464,0.130686,0.164045,2.725527,0.017030,0.232957,2.483728,0.906326,0.166610,2.352624,0.530505,0.106821,2.185967,0.130551,-0.010178,2.040678,0.127183,-0.599270,-1.414063,-0.286970
0.155981,2.505721,0.906710,0.155129,2.495101,1.002280,0.147553,2.475525,1.104735,0.145876,2.466507,1.199813,0.144033,2.458124,1.294838,0.134111,2.434648,1.428616,0.117541,2.406072,1.523243,0.110671,2.460869,1.370653,-0.019464,2.536018,1.351835,-0.040676,2.586839,1.077678,-0.113102,2.517910,0.860568,0.165875,2.428914,1.369138,0.300234,2.364954,1.340997,0.340417,2.437339,1.073890,0.378787,2.501484,0.846895,0.091047,2.551456,0.911857,0.156842,2.665409,0.530311,0.257863,2.822518,0.136133,0.164080,2.725530,0.016900,0.220913,2.459852,0.902794,0.149437,2.331644,0.526924,0.081941,2.164903,0.128733,-0.031775,2.017042,0.131750,-0.615517,-1.459034,-0.263032
0.143512,2.481008,0.903991,0.143097,2.470521,0.999573,0.136045,2.451148,1.102100,0.134908,2.442323,1.197201,0.133638,2.434152,1.292252,0.124541,2.411002,1.426143,0.108434,2.382582,1.520895,0.100830,2.437145,1.368182,-0.029071,2.512702,1.349383,-0.050764,2.563327,1.075226,-0.125022,2.496022,0.858276,0.155990,2.405130,1.366391,0.290302,2.341462,1.337373,0.330347,2.414296,1.070372,0.367807,2.478371,0.843206,0.078792,2.527018,0.909402,0.143087,2.643769,0.528531,0.251246,2.816087,0.142759,0.164114,2.725533,0.016582,0.208231,2.434865,0.899815,0.131941,2.308975,0.524092,0.061084,2.147750,0.125085,-0.051455,1.999904,0.127598,-0.633185,-1.499113,-0.223682
0.129852,2.454569,0.901966,0.130422,2.444560,0.997587,0.124277,2.425682,1.100255,0.123942,2.417289,1.195395,0.123419,2.409534,1.290482,0.115322,2.386950,1.424528,0.099780,2.358806,1.519454,0.091218,2.412888,1.366530,-0.038495,2.488733,1.347587,-0.060213,2.539689,1.073491,-0.135471,2.475476,0.855923,0.146370,2.380877,1.364462,0.280826,2.317854,1.334707,0.319562,2.390625,1.067498,0.356246,2.454548,0.840161,0.065362,2.500842,0.907839,0.124343,2.617985,0.526171,0.240504,2.806618,0.150786,0.163727,2.725071,0.015018,0.194352,2.408166,0.897335,0.113615,2.284154,0.521911,0.044695,2.133707,0.118523,-0.071766,1.990821,0.109643,-0.655224,-1.541419,-0.161152
0.115542,2.426989,0.900558,0.117354,2.417676,0.996234,0.112317,2.399476,1.099085,0.112932,2.391668,1.194273,0.113270,2.384460,1.289404,0.106309,2.362599,1.423634,0.091406,2.334816,1.518768,0.081737,2.388249,1.365588,-0.047802,2.464343,1.346447,-0.069140,2.515900,1.072432,-0.144563,2.456180,0.853591,0.136905,2.356282,1.363233,0.271584,2.294067,1.332786,0.308323,2.366325,1.065151,0.344214,2.429937,0.837599,0.051272,2.473500,0.906956,0.101887,2.589043,0.523494,0.226777,2.794663,0.159992,0.163341,2.724610,0.013267,0.179834,2.380356,0.895408,0.094965,2.257644,0.520479,0.032329,2.123574,0.110132,-0.090160,1.988237,0.082968,-0.678684,-1.578832,-0.083211
0.102148,2.399781,0.899917,0.104810,2.391144,0.995648,0.100621,2.373564,1.098654,0.102002,2.366279,1.193883,0.103084,2.359547,1.289048,0.097162,2.338300,1.423432,0.082780,2.310818,1.518737,0.072171,2.363688,1.365414,-0.057152,2.440163,1.346345,-0.077589,2.492138,1.072345,-0.152012,2.438050,0.851784,0.127354,2.331767,1.362787,0.262103,2.270071,1.331588,0.296880,2.341414,1.063443,0.331875,2.404553,0.835621,0.038027,2.446462,0.906574,0.077513,2.559167,0.521154,0.211537,2.780193,0.169909,0.164210,2.725552,0.014355,0.166300,2.352984,0.894512,0.078036,2.230595,0.520258,0.023536,2.115233,0.103197,-0.102750,1.985941,0.060013,-0.692061,-1.585138,-0.014283
0.090443,2.373457,0.900139,0.093159,2.365337,0.995919,0.089314,2.348188,1.099016,0.091130,2.341256,1.194267,0.092765,2.334833,1.289448,0.087764,2.313970,1.423930,0.073715,2.286689,1.519344,0.062438,2.339165,1.366104,-0.066547,2.416345,1.347650,-0.085330,2.468253,1.073526,-0.157486,2.421232,0.850692,0.117636,2.307289,1.363202,0.252111,2.245524,1.330986,0.285171,2.315546,1.062278,0.319172,2.378432,0.834215,0.026341,2.420194,0.906575,0.051006,2.529608,0.519181,0.194965,2.763343,0.180264,0.169246,2.731124,0.019867,0.154573,2.326612,0.894949,0.063475,2.202023,0.522077,0.019284,2.107981,0.099104,-0.106232,1.981534,0.045198,-0.688363,-1.532101,0.036166
0.079654,2.347505,0.901128,0.082032,2.339882,0.996958,0.078270,2.323107,1.100118,0.080339,2.316467,1.195383,0.082409,2.310280,1.290570,0.078230,2.289692,1.425120,0.064398,2.262551,1.520605,0.052621,2.314721,1.367562,-0.075985,2.392738,1.349993,-0.092593,2.444396,1.075678,-0.161317,2.405581,0.850126,0.107833,2.282891,1.364400,0.241880,2.220767,1.331107,0.273258,2.289065,1.061751,0.306163,2.351537,0.833394,0.015500,2.394230,0.907076,0.022581,2.499115,0.517546,0.176880,2.743976,0.191331,0.175537,2.738099,0.028219,0.143829,2.300679,0.896416,0.050635,2.172912,0.525106,0.018605,2.102521,0.096467,-0.103911,1.977416,0.034104,-0.674583,-1.447956,0.077603
0.069034,2.321901,0.902756,0.071244,2.314940,0.998635,0.067568,2.298634,1.101870,0.069825,2.292334,1.197152,0.072196,2.286394,1.292347,0.068568,2.266057,1.426952,0.054860,2.238974,1.522471,0.042745,2.290944,1.369556,-0.085618,2.369521,1.352640,-0.100108,2.421200,1.078203,-0.164207,2.390577,0.850025,0.097957,2.259125,1.366232,0.231753,2.196793,1.332305,0.261575,2.263016,1.062259,0.293186,2.323771,0.833297,0.004861,2.368653,0.908255,-0.005326,2.466158,0.516812,0.158217,2.721657,0.203456,0.175602,2.738195,0.037682,0.133227,2.275057,0.898489,0.039611,2.147371,0.527323,0.018147,2.098844,0.094421,-0.101816,1.974566,0.025911,-0.660198,-1.391193,0.113992
0.058328,2.296376,0.905067,0.060823,2.290486,1.001001,0.057336,2.274911,1.104352,0.059740,2.269101,1.199660,0.062226,2.263473,1.294871,0.058723,2.243389,1.429520,0.045034,2.216248,1.525025,0.032764,2.268147,1.372076,-0.095671,2.346670,1.355403,-0.108047,2.398896,1.080971,-0.165798,2.376048,0.850297,0.087963,2.236297,1.368757,0.221909,2.174193,1.335003,0.250203,2.237854,1.064188,0.280358,2.294963,0.834121,-0.005738,2.343314,0.910233,-0.032182,2.429230,0.517057,0.139250,2.696144,0.218019,0.165872,2.727652,0.036834,0.122422,2.249360,0.901136,0.030580,2.127009,0.527775,0.016766,2.097539,0.092718,-0.102062,1.973737,0.021029,-0.645302,-1.400548,0.144998
0.047792,2.271199,0.908018,0.050742,2.266543,1.004006,0.047445,2.251797,1.107484,0.049932,2.246526,1.202821,0.052398,2.241218,1.298051,0.048749,2.221364,1.432729,0.034987,2.194083,1.528184,0.022725,2.246018,1.375132,-0.105919,2.324209,1.358471,-0.116237,2.377252,1.084111,-0.166449,2.362167,0.851034,0.077895,2.214102,1.371917,0.212168,2.152375,1.338777,0.239060,2.213123,1.067153,0.267562,2.265284,0.835669,-0.016136,2.318362,0.912889,-0.058519,2.389838,0.518204,0.119703,2.667678,0.233640,0.151596,2.712361,0.056113,0.111759,2.223974,0.904389,0.023366,2.110217,0.527415,0.015606,2.098018,0.091605,-0.102534,1.974176,0.019048,-0.629802,-1.437285,0.170957
0.037443,2.247152,0.911349,0.040735,2.243346,1.007373,0.037591,2.229180,1.110941,0.040142,2.224299,1.206299,0.042594,2.219240,1.301543,0.038819,2.199598,1.436248,0.024956,2.172180,1.531648,0.012791,2.224210,1.378517,-0.115837,2.302384,1.361674,-0.124892,2.356207,1.087414,-0.167936,2.348929,0.852453,0.067901,2.192180,1.375386,0.202337,2.130556,1.342719,0.228343,2.188502,1.070385,0.254787,2.235150,0.837494,-0.026492,2.294324,0.916035,-0.083503,2.350976,0.520591,0.099684,2.636542,0.246527,0.130958,2.688920,0.071004,0.101426,2.199930,0.907909,0.017535,2.096278,0.527071,0.014746,2.098505,0.090963,-0.102915,1.974608,0.017922,-0.622887,-1.443681,0.196847
0.027351,2.224643,0.915187,0.030729,2.221026,1.011221,0.027673,2.207023,1.114816,0.030282,2.202290,1.210180,0.032781,2.197365,1.305430,0.029022,2.177925,1.440165,0.015070,2.150400,1.535522,0.003073,2.202603,1.382353,-0.125094,2.281402,1.365004,-0.134441,2.335939,1.090892,-0.171041,2.336528,0.854727,0.058065,2.170378,1.379236,0.192312,2.108342,1.346579,0.218355,2.163906,1.073742,0.242112,2.204523,0.839489,-0.036854,2.271446,0.919835,-0.106813,2.313690,0.524619,0.079422,2.602755,0.255758,0.102454,2.656443,0.077914,0.091602,2.177790,0.911789,0.013291,2.085722,0.526970,0.014266,2.098486,0.090827,-0.103072,1.974618,0.017201,-0.629402,-1.382932,0.230031
0.017446,2.203264,0.919406,0.020798,2.199451,1.015431,0.017792,2.185363,1.119015,0.020439,2.180629,1.214378,0.022992,2.175766,1.309630,0.019268,2.156512,1.444392,0.005200,2.128882,1.539702,-0.006539,2.181318,1.386519,-0.134022,2.261056,1.368471,-0.144455,2.316270,1.094532,-0.174983,2.324770,0.857683,0.048303,2.148849,1.383395,0.182197,2.086126,1.350605,0.208791,2.139419,1.077368,0.229457,2.173440,0.841760,-0.047175,2.249482,0.924127,-0.128769,2.276934,0.529887,0.058688,2.566299,0.262255,0.067867,2.616242,0.082591,0.082107,2.156991,0.915937,0.010430,2.078018,0.526885,0.014086,2.098476,0.091162,-0.103136,1.974622,0.017334,-0.644503,-1.291842,0.263146
0.007540,2.182580,0.923362,0.010904,2.178451,1.019372,0.007951,2.164199,1.122933,0.010622,2.159410,1.218292,0.013200,2.154573,1.313544,0.009462,2.135468,1.448327,-0.004799,2.107738,1.543579,-0.016210,2.160370,1.390441,-0.143087,2.240974,1.371933,-0.153854,2.296601,1.098092,-0.179186,2.313067,0.861025,0.038504,2.127690,1.387327,0.172114,2.064316,1.354631,0.198929,2.114971,1.080929,0.216577,2.142429,0.844185,-0.057476,2.228226,0.928234,-0.149498,2.240564,0.535537,0.036896,2.527402,0.264985,0.031563,2.570118,0.084218,0.072594,2.136873,0.919741,0.007916,2.070857,0.526957,0.014053,2.098240,0.091740,-0.103190,1.974585,0.017623,-0.662850,-1.223101,0.279087
-0.002362,2.162728,0.926937,0.001076,2.158183,1.022923,-0.001832,2.143697,1.126453,0.000833,2.138800,1.221807,0.003374,2.133950,1.317059,-0.000478,2.114947,1.451853,-0.015053,2.087124,1.547030,-0.026039,2.139876,1.394031,-0.152495,2.221141,1.375516,-0.161994,2.276639,1.101609,-0.183359,2.301456,0.864894,0.028595,2.107049,1.390966,0.162091,2.043174,1.358783,0.188355,2.090554,1.084454,0.203234,2.111723,0.846866,-0.067680,2.207914,0.932047,-0.169081,2.204658,0.541502,0.014075,2.486276,0.263245,-0.005532,2.517829,0.081748,0.062994,2.117476,0.923073,0.005541,2.063498,0.527300,0.014241,2.097578,0.092565,-0.103256,1.974477,0.017934,-0.686679,-1.201832,0.269842
-0.012265,2.143570,0.930250,-0.008715,2.138491,1.026205,-0.011575,2.123690,1.129692,-0.008931,2.118632,1.225038,-0.006454,2.113733,1.320290,-0.010469,2.094795,1.455088,-0.025435,2.066884,1.550178,-0.035926,2.119719,1.397377,-0.162039,2.201573,1.379096,-0.169520,2.256676,1.105046,-0.187793,2.289900,0.869149,0.018649,2.086778,1.394378,0.152099,2.022436,1.362934,0.177483,2.066176,1.087915,0.189665,2.081089,0.849700,-0.077864,2.188310,0.935675,-0.187437,2.169138,0.547849,-0.009803,2.442710,0.257737,-0.044343,2.459617,0.076229,0.053376,2.098759,0.926062,0.003513,2.056682,0.527800,0.014576,2.096690,0.093634,-0.103312,1.974329,0.018401,-0.713754,-1.202911,0.243423
-0.022366,2.124253,0.933018,-0.018600,2.118742,1.028942,-0.021337,2.103678,1.132395,-0.018665,2.098488,1.227733,-0.016221,2.093549,1.322983,-0.020368,2.074665,1.457786,-0.035712,2.046664,1.552790,-0.045750,2.099565,1.400172,-0.171567,2.181934,1.382157,-0.177283,2.236998,1.108049,-0.192796,2.277704,0.873069,0.008773,2.066526,1.397225,0.142176,2.001713,1.366544,0.166830,2.041792,1.090893,0.176335,2.050354,0.852253,-0.088273,2.168491,0.938781,-0.204456,2.133628,0.553920,-0.035411,2.396286,0.249535,-0.083284,2.398019,0.069995,0.043589,2.079942,0.928486,0.001412,2.050322,0.528262,0.014678,2.095946,0.094714,-0.103361,1.974197,0.018730,-0.732029,-1.203657,0.206760
-0.032768,2.104405,0.935225,-0.028605,2.098698,1.031122,-0.031081,2.083515,1.134564,-0.028292,2.078288,1.229896,-0.025816,2.073362,1.325146,-0.030027,2.054559,1.459958,-0.045715,2.026481,1.554883,-0.055383,2.079384,1.402405,-0.180953,2.162185,1.384654,-0.185583,2.217769,1.110626,-0.198480,2.264753,0.876621,-0.000910,2.046265,1.399492,0.132422,1.980950,1.369584,0.156667,2.017440,1.093400,0.163536,2.019430,0.854536,-0.099049,2.148029,0.941337,-0.220005,2.097644,0.559672,-0.063296,2.346705,0.238199,-0.121967,2.333378,0.063337,0.033567,2.060708,0.930342,-0.000895,2.044548,0.528662,0.014348,2.095510,0.095756,-0.103432,1.974104,0.018783,-0.734750,-1.196330,0.158153
-0.043367,2.084398,0.936888,-0.038705,2.078596,1.032756,-0.040843,2.063347,1.136196,-0.037888,2.058113,1.231523,-0.035349,2.053209,1.326773,-0.039593,2.034475,1.461593,-0.055613,2.006319,1.556439,-0.064951,2.059206,1.404087,-0.190322,2.142367,1.386632,-0.194120,2.198824,1.112770,-0.204732,2.251162,0.879839,-0.010522,2.026021,1.401194,0.122736,1.960202,1.372082,0.146723,1.993082,1.095425,0.150976,1.988406,0.856539,-0.110050,2.127353,0.943369,-0.234218,2.061671,0.565147,-0.092911,2.294267,0.224169,-0.160779,2.265351,0.055964,0.023377,2.041373,0.931633,-0.003276,2.039230,0.529023,0.013785,2.095216,0.096808,-0.103498,1.974027,0.018697,-0.728671,-1.188669,0.099302
-0.054045,2.064498,0.937771,-0.048947,2.058514,1.033606,-0.050789,2.043111,1.137029,-0.047688,2.037789,1.232346,-0.045091,2.032827,1.327591,-0.049364,2.014054,1.462405,-0.065677,1.985779,1.557166,-0.074706,2.038779,1.404947,-0.199892,2.122259,1.387721,-0.202856,2.179949,1.114111,-0.211523,2.236574,0.882094,-0.020324,2.005523,1.402045,0.112847,1.939246,1.373581,0.136707,1.968551,1.096511,0.138240,1.957373,0.857797,-0.121094,2.106826,0.944617,-0.247377,2.026787,0.569815,-0.123280,2.239460,0.209835,-0.199292,2.195445,0.049333,0.013072,2.022100,0.932150,-0.005757,2.033895,0.529227,0.013216,2.094940,0.097787,-0.103486,1.973951,0.018589,-0.722014,-1.181206,0.042240
-0.064822,2.044880,0.937808,-0.059389,2.038501,1.033598,-0.061000,2.022775,1.136975,-0.057782,2.017226,1.232276,-0.055133,2.012090,1.327510,-0.059419,1.993141,1.462299,-0.075956,1.964691,1.556970,-0.084715,2.017993,1.404893,-0.209745,2.101724,1.387755,-0.211828,2.161151,1.114516,-0.218923,2.220815,0.883167,-0.030385,1.984661,1.401940,0.102697,1.918014,1.373920,0.126615,1.943753,1.096504,0.125178,1.926258,0.858179,-0.132166,2.086672,0.945045,-0.259533,1.993254,0.573695,-0.154424,2.182199,0.195376,-0.237728,2.123823,0.043431,0.002594,2.003011,0.931796,-0.008261,2.028582,0.529248,0.012727,2.094646,0.098626,-0.103341,1.973855,0.018505,-0.716277,-1.171008,-0.009176
-0.075677,2.025368,0.937066,-0.069974,2.018507,1.032806,-0.071395,2.002371,1.136123,-0.068078,1.996513,1.231402,-0.065384,1.991125,1.326622,-0.069680,1.971891,1.461370,-0.086402,1.943225,1.555943,-0.094910,1.996959,1.404018,-0.219800,2.080900,1.386900,-0.220999,2.142423,1.114119,-0.226862,2.204060,0.883279,-0.040637,1.963543,1.400984,0.092344,1.896573,1.373260,0.116452,1.918782,1.095558,0.111942,1.895134,0.857816,-0.143282,2.066667,0.944688,-0.270636,1.960809,0.576768,-0.186323,2.122570,0.180613,-0.275864,2.050322,0.038271,-0.008000,1.983985,0.930667,-0.010864,2.023252,0.529111,0.012232,2.094369,0.099391,-0.103117,1.973759,0.018399,-0.709963,-1.161009,-0.058802
-0.086435,2.005708,0.935511,-0.080575,1.998462,1.031215,-0.081890,1.981933,1.134472,-0.078538,1.975746,1.229728,-0.075845,1.970049,1.324930,-0.080208,1.950415,1.459618,-0.097145,1.921493,1.554074,-0.105339,1.975748,1.402325,-0.230035,2.059988,1.385272,-0.230213,2.123529,1.112948,-0.235100,2.186476,0.882455,-0.051138,1.942224,1.399198,0.081696,1.874905,1.371623,0.105943,1.893751,1.093679,0.098569,1.864312,0.856633,-0.154313,2.046507,0.943393,-0.280827,1.929739,0.578439,-0.217946,2.061316,0.167404,-0.312608,1.975966,0.035337,-0.018484,1.964818,0.928852,-0.013827,2.017310,0.528772,0.011685,2.094082,0.100191,-0.102909,1.973707,0.018257,-0.706804,-1.160541,-0.106173
-0.096996,1.985861,0.932999,-0.091129,1.978410,1.028688,-0.092451,1.961538,1.131889,-0.089147,1.955010,1.227124,-0.086520,1.948934,1.322303,-0.091027,1.928747,1.456904,-0.108237,1.899509,1.551212,-0.116018,1.954393,1.399681,-0.240427,2.039091,1.382808,-0.239301,2.104434,1.110916,-0.243525,2.168034,0.880579,-0.061910,1.920729,1.396447,0.070740,1.853042,1.368876,0.094994,1.868789,1.090735,0.084974,1.833862,0.854534,-0.165181,2.026132,0.940952,-0.290172,1.899967,0.578544,-0.249301,1.998071,0.155877,-0.348053,1.900417,0.034723,-0.028739,1.945496,0.926269,-0.017135,2.010829,0.528237,0.011083,2.093857,0.100975,-0.102739,1.973732,0.018056,-0.708524,-1.174391,-0.151704
-0.107460,1.965866,0.929674,-0.101698,1.958306,1.025360,-0.103113,1.941109,1.128506,-0.099920,1.934219,1.223720,-0.097405,1.927707,1.318874,-0.102113,1.906852,1.453366,-0.119628,1.877258,1.547508,-0.126932,1.932863,1.396220,-0.250999,2.018107,1.379572,-0.248432,2.085174,1.108110,-0.252248,2.148764,0.877768,-0.072932,1.899033,1.392867,0.059489,1.830951,1.365151,0.083699,1.843766,1.086858,0.071243,1.803714,0.851614,-0.175965,2.005602,0.937573,-0.298604,1.871570,0.577247,-0.280379,1.933201,0.145904,-0.382106,1.824012,0.036336,-0.038884,1.926034,0.922999,-0.020802,2.003736,0.527499,0.010429,2.093621,0.101793,-0.102584,1.973800,0.017820,-0.713399,-1.197772,-0.194979
-0.117947,1.945574,0.925938,-0.112341,1.937943,1.021627,-0.113896,1.920444,1.124720,-0.110852,1.913205,1.219913,-0.108485,1.906263,1.315041,-0.113448,1.884743,1.449420,-0.131298,1.854812,1.543392,-0.138077,1.911133,1.392342,-0.261792,1.996925,1.375875,-0.257957,2.065622,1.104832,-0.261359,2.128917,0.874408,-0.084203,1.877112,1.388886,0.047890,1.808523,1.360869,0.072072,1.818413,1.082457,0.057679,1.773961,0.848088,-0.186768,1.984783,0.933730,-0.306068,1.845071,0.574447,-0.310125,1.868555,0.138958,-0.413395,1.748783,0.041390,-0.049059,1.906269,0.919371,-0.025126,1.995222,0.526494,0.009698,2.093138,0.102910,-0.102466,1.973855,0.017606,-0.719993,-1.225663,-0.234288
-0.128356,1.925058,0.921816,-0.122961,1.917367,1.017512,-0.124714,1.899563,1.120550,-0.121869,1.891960,1.215720,-0.119700,1.884564,1.310817,-0.124994,1.862346,1.445068,-0.143228,1.832094,1.538863,-0.149416,1.889166,1.388058,-0.272765,1.975510,1.371739,-0.267990,2.045814,1.101123,-0.270861,2.108610,0.870555,-0.095694,1.854919,1.384511,0.035906,1.785630,1.355930,0.060159,1.792464,1.077436,0.044353,1.744499,0.843823,-0.197483,1.963754,0.929455,-0.312442,1.821454,0.569707,-0.339046,1.802950,0.136148,-0.441606,1.673314,0.050867,-0.059163,1.886264,0.915404,-0.030186,1.984963,0.525131,0.008855,2.092508,0.104308,-0.102397,1.973869,0.017452,-0.728307,-1.257291,-0.273165
-0.138788,1.904245,0.917283,-0.133655,1.896533,1.012992,-0.135654,1.878446,1.115975,-0.133046,1.870492,1.211123,-0.131109,1.862648,1.306189,-0.136790,1.839734,1.440307,-0.155439,1.809181,1.533922,-0.160987,1.867000,1.383358,-0.283958,1.953899,1.367142,-0.278415,2.025715,1.096940,-0.280751,2.087727,0.866153,-0.107433,1.832502,1.379736,0.023574,1.762399,1.350433,0.047913,1.766184,1.071891,0.031194,1.715433,0.838951,-0.208217,1.942436,0.924715,-0.317849,1.799736,0.563463,-0.366633,1.737570,0.136364,-0.467053,1.599022,0.063784,-0.069296,1.865956,0.911079,-0.035902,1.973282,0.523502,0.007934,2.091631,0.106003,-0.102365,1.973869,0.017322,-0.738338,-1.293428,-0.308077
-0.149677,1.882775,0.912660,-0.144776,1.875096,1.008385,-0.146996,1.856839,1.111334,-0.144607,1.848661,1.206470,-0.142887,1.840518,1.301516,-0.148930,1.817142,1.435540,-0.167973,1.786377,1.529007,-0.172902,1.844721,1.378618,-0.295530,1.932089,1.362330,-0.289242,2.005097,1.092461,-0.291110,2.066167,0.861420,-0.119507,1.809983,1.374972,0.010954,1.739099,1.345096,0.035205,1.740091,1.066517,0.018286,1.687167,0.834085,-0.219402,1.920464,0.919885,-0.322596,1.777480,0.556920,-0.390308,1.677811,0.137754,-0.489306,1.532184,0.078410,-0.079891,1.844989,0.906667,-0.042327,1.960349,0.521811,0.007015,2.089960,0.108310,-0.102353,1.973876,0.017163,-0.748644,-1.331364,-0.326715
-0.161215,1.860629,0.907880,-0.156504,1.853084,1.003624,-0.158890,1.834816,1.106569,-0.156674,1.826586,1.201705,-0.155126,1.818339,1.296746,-0.161458,1.794792,1.430730,-0.180852,1.763907,1.524086,-0.185209,1.822483,1.373806,-0.307601,1.910119,1.357178,-0.300473,1.983994,1.087565,-0.301922,2.043902,0.856220,-0.131948,1.787532,1.370185,-0.001950,1.715934,1.339986,0.021799,1.714386,1.061365,0.005596,1.659859,0.829240,-0.231260,1.897765,0.914883,-0.325873,1.754103,0.549977,-0.409774,1.624657,0.141298,-0.508554,1.473906,0.097767,-0.091111,1.823401,0.902108,-0.049389,1.946715,0.520175,0.006225,2.087628,0.111166,-0.102360,1.973899,0.016920,-0.760094,-1.369354,-0.321188
-0.173208,1.837826,0.903011,-0.168659,1.830470,0.998777,-0.171186,1.812302,1.101736,-0.169124,1.804148,1.196882,-0.167732,1.795946,1.291930,-0.174331,1.772460,1.425912,-0.194054,1.741545,1.519190,-0.197860,1.800132,1.368953,-0.320051,1.887951,1.351809,-0.312106,1.962372,1.082372,-0.313203,2.020961,0.850689,-0.144723,1.764980,1.365410,-0.015142,1.692701,1.335036,0.007931,1.688868,1.056384,-0.006843,1.633352,0.824401,-0.243569,1.874411,0.909791,-0.328490,1.730190,0.542736,-0.425327,1.577124,0.146016,-0.524608,1.423081,0.118833,-0.102792,1.801155,0.897462,-0.057159,1.931828,0.518477,0.005437,2.084502,0.114633,-0.102388,1.973929,0.016649,-0.771819,-1.409143,-0.299387
-0.185518,1.814059,0.898583,-0.181057,1.806825,0.994364,-0.183717,1.788824,1.097348,-0.181813,1.780852,1.192512,-0.180601,1.772855,1.287578,-0.187519,1.749714,1.421601,-0.207566,1.718924,1.514850,-0.210825,1.777298,1.364537,-0.332678,1.865474,1.346842,-0.324141,1.939896,1.077426,-0.325079,1.997327,0.845450,-0.157814,1.741938,1.361167,-0.028576,1.669056,1.330770,-0.005832,1.663462,1.052116,-0.018839,1.607585,0.820123,-0.256102,1.850247,0.905229,-0.333186,1.705059,0.536698,-0.435273,1.537656,0.147118,-0.536473,1.382665,0.130804,-0.114880,1.777789,0.893170,-0.065906,1.914204,0.516581,0.004349,2.079640,0.119205,-0.102415,1.973960,0.016470,-0.779763,-1.453260,-0.272677
-0.198124,1.789187,0.894684,-0.193631,1.781854,0.990456,-0.196405,1.764022,1.093468,-0.194655,1.756318,1.188658,-0.193648,1.748706,1.283758,-0.200955,1.726270,1.417878,-0.221344,1.695811,1.511161,-0.224055,1.753733,1.360617,-0.345257,1.842715,1.342508,-0.336557,1.916470,1.072911,-0.337693,1.973027,0.840719,-0.171187,1.718137,1.357545,-0.042220,1.644729,1.327264,-0.019319,1.637854,1.048642,-0.030239,1.582262,0.816474,-0.268780,1.825221,0.901383,-0.341529,1.678145,0.532649,-0.437043,1.508798,0.141827,-0.543232,1.356524,0.128146,-0.127412,1.753067,0.889218,-0.075759,1.894265,0.514641,0.003188,2.073837,0.125239,-0.102438,1.973983,0.016466,-0.781004,-1.509946,-0.249860
-0.211046,1.763352,0.891226,-0.206448,1.755853,0.986982,-0.209329,1.738255,1.090032,-0.207736,1.730926,1.185256,-0.206956,1.723860,1.280402,-0.214707,1.702410,1.414660,-0.235432,1.672438,1.508027,-0.237598,1.729685,1.357133,-0.358013,1.819646,1.338574,-0.349375,1.892190,1.068642,-0.350903,1.948035,0.836280,-0.184876,1.693847,1.354457,-0.056106,1.619992,1.324442,-0.032700,1.612357,1.045880,-0.041195,1.557679,0.813387,-0.281682,1.799386,0.898065,-0.351952,1.650014,0.529804,-0.433207,1.488006,0.132921,-0.545802,1.340791,0.116394,-0.140350,1.727224,0.885619,-0.086589,1.871588,0.512502,0.001727,2.066297,0.132378,-0.102462,1.974008,0.016554,-0.778466,-1.570961,-0.222132
-0.224199,1.736666,0.888483,-0.219524,1.729286,0.984242,-0.222553,1.712125,1.087360,-0.221164,1.705319,1.182623,-0.220668,1.698905,1.277815,-0.228944,1.678544,1.412212,-0.249946,1.649124,1.505693,-0.251575,1.705535,1.354377,-0.371421,1.796069,1.334960,-0.362658,1.867005,1.064609,-0.364399,1.922259,0.832107,-0.198975,1.669489,1.352161,-0.070287,1.595316,1.322599,-0.045919,1.587834,1.044129,-0.051973,1.534667,0.811216,-0.294811,1.772735,0.895338,-0.362491,1.621686,0.527312,-0.429773,1.470083,0.123938,-0.545937,1.326817,0.101343,-0.153527,1.700500,0.882861,-0.098283,1.843423,0.509564,-0.001028,2.053693,0.140048,-0.102480,1.974061,0.016604,-0.776868,-1.614114,-0.174454
-0.237625,1.708535,0.886513,-0.233025,1.701839,0.982321,-0.236319,1.685506,1.085558,-0.235239,1.679499,1.180873,-0.235122,1.673928,1.276115,-0.244041,1.654830,1.410649,-0.265217,1.626080,1.504296,-0.266298,1.681374,1.352437,-0.385916,1.771808,1.331332,-0.376617,1.840863,1.060510,-0.378230,1.895691,0.827906,-0.213806,1.645146,1.350779,-0.085069,1.570786,1.321913,-0.058915,1.564793,1.043587,-0.062628,1.513645,0.810165,-0.308288,1.744564,0.893056,-0.372218,1.593070,0.524558,-0.428826,1.453198,0.115394,-0.542695,1.310977,0.082153,-0.166903,1.672417,0.881205,-0.110945,1.807846,0.505222,-0.005597,2.034150,0.147671,-0.102291,1.974743,0.014981,-0.785247,-1.632173,-0.082874
-0.251282,1.679553,0.885258,-0.246784,1.673825,0.981135,-0.250385,1.658524,1.084519,-0.249662,1.653465,1.179893,-0.249979,1.648842,1.275185,-0.259623,1.631111,1.409855,-0.280915,1.603096,1.503698,-0.281454,1.657109,1.351226,-0.401063,1.747039,1.328023,-0.391041,1.813817,1.056647,-0.392347,1.868341,0.823970,-0.229048,1.620734,1.350190,-0.100146,1.546318,1.322206,-0.071749,1.542725,1.044055,-0.073104,1.494194,0.810030,-0.321992,1.715578,0.891365,-0.382062,1.564258,0.522156,-0.428283,1.439182,0.106774,-0.537018,1.296895,0.059665,-0.180517,1.643453,0.880390,-0.124470,1.766782,0.500079,-0.011459,2.009542,0.155826,-0.102097,1.975453,0.013320,-0.794566,-1.632371,0.028658
-0.264966,1.651619,0.884819,-0.260314,1.646648,0.980734,-0.264090,1.632166,1.084237,-0.263644,1.627854,1.179655,-0.264369,1.623981,1.274983,-0.274738,1.607318,1.409743,-0.296166,1.579860,1.503723,-0.296215,1.632850,1.350769,-0.416028,1.722097,1.325949,-0.405357,1.785981,1.053916,-0.406294,1.840143,0.821154,-0.243827,1.596430,1.350295,-0.114653,1.522136,1.323249,-0.084545,1.520966,1.045240,-0.083496,1.475880,0.810552,-0.335561,1.687889,0.890758,-0.392836,1.536546,0.521102,-0.427905,1.428341,0.100062,-0.533486,1.286798,0.042198,-0.194314,1.615282,0.880120,-0.138434,1.723249,0.495344,-0.018044,1.982159,0.165670,-0.102499,1.974421,0.016400,-0.782432,-1.614216,0.103333
-0.278842,1.625670,0.885200,-0.273540,1.620950,0.981092,-0.277243,1.606853,1.084654,-0.276927,1.602909,1.180091,-0.278020,1.599443,1.275434,-0.289142,1.583386,1.410211,-0.310743,1.556206,1.504234,-0.310379,1.608594,1.351020,-0.430708,1.696935,1.325437,-0.419301,1.756889,1.052569,-0.419535,1.810941,0.819763,-0.257919,1.572264,1.351021,-0.128336,1.498305,1.325054,-0.097537,1.499339,1.047118,-0.093956,1.458790,0.811663,-0.349014,1.662659,0.891536,-0.405626,1.509644,0.522412,-0.427665,1.421423,0.096376,-0.534565,1.282599,0.033844,-0.208605,1.588619,0.880101,-0.152513,1.677114,0.490862,-0.024691,1.952622,0.178449,-0.103241,1.973996,0.028243,-0.725027,-1.569793,0.097963
-0.292745,1.600767,0.886396,-0.286537,1.596088,0.982236,-0.290034,1.582164,1.085827,-0.289769,1.578388,1.181270,-0.291205,1.575129,1.276614,-0.303079,1.559380,1.411361,-0.324873,1.532301,1.505367,-0.324147,1.584343,1.352027,-0.445205,1.671599,1.326159,-0.433137,1.727007,1.052354,-0.432606,1.780892,0.819492,-0.271549,1.548206,1.352442,-0.141449,1.474760,1.327609,-0.110491,1.478019,1.049712,-0.104333,1.442838,0.813430,-0.362333,1.638726,0.893399,-0.419347,1.483841,0.525070,-0.427590,1.417679,0.094599,-0.537789,1.282385,0.030510,-0.223077,1.562749,0.880627,-0.167031,1.628510,0.486786,-0.032060,1.920310,0.192916,-0.104580,1.971828,0.044827,-0.646168,-1.507018,0.055737
-0.305969,1.575989,0.888494,-0.299047,1.571537,0.984298,-0.302374,1.557825,1.087921,-0.302154,1.554201,1.183369,-0.303867,1.551071,1.278712,-0.316324,1.535436,1.413418,-0.338364,1.508332,1.507359,-0.337295,1.560211,1.353952,-0.459001,1.646559,1.328049,-0.447081,1.697848,1.053408,-0.446657,1.750412,0.820276,-0.284513,1.524341,1.354676,-0.153898,1.451534,1.330646,-0.122822,1.456873,1.052793,-0.114260,1.427321,0.815801,-0.375101,1.614717,0.895942,-0.431556,1.461306,0.527022,-0.427528,1.415170,0.093357,-0.540332,1.282637,0.028242,-0.236746,1.537206,0.882279,-0.182540,1.580866,0.484792,-0.041571,1.885651,0.206488,-0.107881,1.959094,0.058868,-0.594907,-1.449151,0.049419
-0.318245,1.550687,0.891743,-0.310939,1.546980,0.987547,-0.314175,1.533690,1.091227,-0.314010,1.530298,1.186683,-0.315919,1.527239,1.282025,-0.328724,1.511481,1.416686,-0.351140,1.484216,1.510490,-0.349673,1.536152,1.357058,-0.471789,1.621982,1.331344,-0.461374,1.669789,1.056019,-0.462272,1.719596,0.822259,-0.296663,1.500621,1.357950,-0.165615,1.428504,1.334163,-0.134214,1.435755,1.056388,-0.123571,1.412205,0.818843,-0.387189,1.589763,0.899173,-0.441401,1.442934,0.527319,-0.427348,1.413615,0.092245,-0.541038,1.282355,0.025985,-0.249205,1.511564,0.885550,-0.199628,1.535244,0.485713,-0.054025,1.848633,0.219059,-0.113405,1.932124,0.068221,-0.601205,-1.403965,0.123675
-0.329841,1.525508,0.895892,-0.322345,1.522733,0.991714,-0.325525,1.509905,1.095454,-0.325409,1.506730,1.190917,-0.327448,1.503662,1.286256,-0.340433,1.487589,1.420861,-0.363277,1.460037,1.514478,-0.361430,1.512211,1.361084,-0.483875,1.597702,1.335807,-0.475775,1.642453,1.059900,-0.478868,1.688349,0.825296,-0.308148,1.477094,1.362038,-0.176668,1.405792,1.338162,-0.144983,1.414811,1.060471,-0.132434,1.397526,0.822488,-0.398726,1.564732,0.903083,-0.449734,1.427830,0.526910,-0.427180,1.413294,0.091668,-0.541063,1.282540,0.024793,-0.260859,1.486248,0.889947,-0.217706,1.490581,0.488716,-0.068621,1.809267,0.230735,-0.120891,1.894588,0.075031,-0.635099,-1.363689,0.233840
-0.340853,1.501478,0.900281,-0.333389,1.499225,0.996121,-0.336600,1.486635,1.099890,-0.336550,1.483561,1.195357,-0.338668,1.480456,1.290693,-0.351682,1.464114,1.425262,-0.374811,1.436237,1.518714,-0.372790,1.488642,1.365410,-0.495648,1.573684,1.340659,-0.489778,1.616222,1.064332,-0.495837,1.656803,0.828894,-0.319211,1.453986,1.366388,-0.187166,1.383803,1.342382,-0.155497,1.394336,1.064740,-0.140985,1.382690,0.826482,-0.409674,1.540852,0.907235,-0.456672,1.415482,0.526589,-0.427263,1.413105,0.091472,-0.541051,1.282675,0.023870,-0.271936,1.462072,0.894577,-0.235562,1.447107,0.492971,-0.084364,1.768016,0.239250,-0.130932,1.848670,0.078451,-0.655763,-1.328268,0.318685
-0.351282,1.479226,0.904828,-0.344137,1.476743,1.000686,-0.347499,1.464010,1.104432,-0.347541,1.460858,1.199897,-0.349683,1.457707,1.295230,-0.362534,1.441253,1.429802,-0.385717,1.413034,1.523138,-0.383830,1.465569,1.369992,-0.507298,1.549863,1.345756,-0.503320,1.591413,1.069235,-0.513322,1.624901,0.832919,-0.329910,1.431458,1.370972,-0.197027,1.362946,1.346861,-0.165813,1.374462,1.069199,-0.149059,1.367351,0.830884,-0.419990,1.518820,0.911640,-0.462003,1.406538,0.526523,-0.427746,1.412767,0.091596,-0.541206,1.282584,0.022971,-0.282483,1.439598,0.899263,-0.252721,1.404738,0.498445,-0.100817,1.725114,0.243983,-0.143602,1.793406,0.077429,-0.646556,-1.295400,0.357095
-0.361126,1.458122,0.909613,-0.354524,1.455000,1.005491,-0.358123,1.441901,1.109184,-0.358274,1.438554,1.204642,-0.360388,1.435329,1.299974,-0.372926,1.418810,1.434567,-0.396020,1.390209,1.527809,-0.394474,1.442867,1.374874,-0.518636,1.526306,1.351242,-0.516466,1.567708,1.074688,-0.531182,1.592700,0.837504,-0.340188,1.409349,1.375818,-0.206334,1.342811,1.351561,-0.175874,1.355057,1.073845,-0.156822,1.351855,0.835634,-0.429718,1.497938,0.916287,-0.465940,1.400349,0.526544,-0.428479,1.412561,0.092101,-0.541325,1.282444,0.022342,-0.292452,1.418262,0.904182,-0.269658,1.363557,0.505172,-0.118418,1.680327,0.245554,-0.158826,1.729760,0.073018,-0.624117,-1.267389,0.370186
-0.370476,1.437295,0.914214,-0.364482,1.433553,1.010111,-0.368351,1.420080,1.113747,-0.368617,1.416515,1.209196,-0.370694,1.413182,1.304525,-0.382903,1.396550,1.439135,-0.405841,1.367545,1.532289,-0.404719,1.420410,1.379578,-0.529484,1.503176,1.356772,-0.528901,1.544539,1.080209,-0.548381,1.560506,0.842557,-0.350114,1.387412,1.380454,-0.215434,1.322563,1.356106,-0.185884,1.336026,1.078359,-0.164908,1.336650,0.840299,-0.438946,1.477347,0.920700,-0.469237,1.394454,0.526947,-0.429244,1.412222,0.093012,-0.541446,1.282270,0.021926,-0.301933,1.397190,0.908965,-0.286573,1.324047,0.512422,-0.137494,1.633409,0.243561,-0.176968,1.662813,0.067526,-0.597538,-1.251087,0.360070
-0.379207,1.416538,0.918668,-0.373859,1.412310,1.014581,-0.378028,1.398512,1.118162,-0.378423,1.394732,1.213602,-0.380472,1.391257,1.308927,-0.392383,1.374444,1.443541,-0.415103,1.345007,1.536613,-0.414480,1.398212,1.384123,-0.539691,1.480619,1.362513,-0.540253,1.521756,1.085911,-0.564428,1.528366,0.848292,-0.359630,1.365617,1.384906,-0.224372,1.301950,1.360603,-0.195974,1.317508,1.082856,-0.173553,1.322036,0.844963,-0.447555,1.456836,0.924891,-0.471944,1.388236,0.528005,-0.430044,1.411668,0.094484,-0.541586,1.282043,0.021794,-0.310793,1.376180,0.913677,-0.303653,1.286261,0.520365,-0.158364,1.584552,0.237398,-0.198412,1.593780,0.061386,-0.567781,-1.252911,0.319141
-0.387444,1.396058,0.922937,-0.382806,1.391363,1.018865,-0.387309,1.377233,1.122387,-0.387840,1.373214,1.217817,-0.389850,1.369564,1.313136,-0.401449,1.352521,1.447749,-0.423882,1.322631,1.540746,-0.423843,1.376259,1.388491,-0.549409,1.458489,1.368297,-0.550895,1.499509,1.091681,-0.579815,1.496233,0.854495,-0.368795,1.343994,1.389149,-0.233105,1.281223,1.364946,-0.206012,1.299362,1.087222,-0.182521,1.307712,0.849540,-0.455663,1.436615,0.928849,-0.474012,1.382311,0.529446,-0.430876,1.410980,0.096362,-0.541729,1.281782,0.021875,-0.319164,1.355434,0.918254,-0.320712,1.250145,0.528830,-0.180709,1.533565,0.227670,-0.222775,1.521445,0.054166,-0.533884,-1.266444,0.255004
-0.395651,1.375607,0.926488,-0.391709,1.370550,1.022430,-0.396531,1.356120,1.125897,-0.397175,1.351854,1.221316,-0.399122,1.347986,1.316627,-0.410388,1.330632,1.451228,-0.432521,1.300303,1.544156,-0.433063,1.354383,1.392140,-0.558911,1.436507,1.373275,-0.561635,1.477671,1.096697,-0.594987,1.464266,0.860434,-0.377861,1.322376,1.392633,-0.241848,1.260306,1.368444,-0.215804,1.281077,1.090797,-0.191739,1.293233,0.853340,-0.463719,1.416463,0.932061,-0.476044,1.376064,0.530740,-0.431516,1.410145,0.098208,-0.541860,1.281569,0.021907,-0.327530,1.334680,0.922140,-0.337394,1.216018,0.536583,-0.203902,1.479623,0.215791,-0.249263,1.447240,0.046878,-0.502052,-1.279289,0.192594
-0.403902,1.355082,0.929161,-0.400637,1.349858,1.025121,-0.405761,1.335211,1.128543,-0.406489,1.330716,1.223951,-0.408338,1.326597,1.319254,-0.419234,1.308838,1.453833,-0.441059,1.278107,1.546701,-0.442175,1.332626,1.394928,-0.568235,1.414683,1.377216,-0.572761,1.456387,1.100749,-0.610029,1.432455,0.865959,-0.386863,1.300804,1.395206,-0.250618,1.239260,1.370952,-0.225171,1.262576,1.093451,-0.201239,1.278686,0.856225,-0.471781,1.396298,0.934333,-0.478215,1.369297,0.531726,-0.431887,1.409164,0.099878,-0.541980,1.281444,0.021795,-0.335975,1.313795,0.925213,-0.353731,1.183984,0.543466,-0.227576,1.422140,0.201222,-0.278010,1.371440,0.039107,-0.471829,-1.287455,0.140196
-0.412124,1.334586,0.931117,-0.409520,1.329300,1.027092,-0.414931,1.314469,1.130474,-0.415721,1.309736,1.225870,-0.417449,1.305324,1.321163,-0.427953,1.287077,1.455707,-0.449457,1.255958,1.548521,-0.451144,1.310945,1.396999,-0.577343,1.393008,1.380351,-0.583986,1.435512,1.104046,-0.624855,1.400810,0.871220,-0.395765,1.279238,1.397020,-0.259399,1.218023,1.372615,-0.234291,1.243935,1.095314,-0.210988,1.263983,0.858333,-0.479791,1.376201,0.935860,-0.480349,1.362208,0.532565,-0.432066,1.408035,0.101514,-0.542087,1.281367,0.021633,-0.344416,1.292902,0.927596,-0.369691,1.153938,0.549636,-0.252099,1.361704,0.184502,-0.308883,1.293769,0.031269,-0.443671,-1.294932,0.089523
-0.420567,1.314181,0.932295,-0.418531,1.308751,1.028276,-0.424183,1.293655,1.131606,-0.425004,1.288612,1.226986,-0.426598,1.283835,1.322262,-0.436729,1.265012,1.456756,-0.457946,1.233497,1.549502,-0.460121,1.289053,1.398239,-0.586400,1.371176,1.382521,-0.595248,1.414489,1.106403,-0.639662,1.369523,0.875931,-0.404716,1.257392,1.397978,-0.268356,1.196329,1.373185,-0.243502,1.224875,1.096121,-0.220823,1.248404,0.859383,-0.488010,1.356197,0.936717,-0.482527,1.354777,0.533215,-0.432069,1.406741,0.103115,-0.542168,1.281292,0.021441,-0.353091,1.272096,0.929094,-0.384824,1.125891,0.554329,-0.277941,1.299255,0.168665,-0.340690,1.214834,0.025621,-0.425152,-1.301294,0.040647
-0.429316,1.293992,0.932646,-0.427751,1.288243,1.028618,-0.433594,1.272738,1.131876,-0.434418,1.267263,1.227231,-0.435872,1.262021,1.322485,-0.445662,1.242510,1.456904,-0.466647,1.210586,1.549564,-0.469184,1.266854,1.398572,-0.595457,1.349128,1.383598,-0.606665,1.393259,1.107703,-0.654619,1.338571,0.880079,-0.413805,1.235156,1.398000,-0.277615,1.174022,1.372469,-0.252898,1.205339,1.095696,-0.230681,1.231707,0.859204,-0.496540,1.336382,0.936898,-0.484634,1.347013,0.533660,-0.431812,1.405249,0.104648,-0.542159,1.281124,0.021195,-0.362066,1.251530,0.929617,-0.399066,1.100180,0.557284,-0.305396,1.234302,0.153833,-0.373064,1.133443,0.022044,-0.418013,-1.303699,-0.005591
-0.438287,1.273893,0.932220,-0.437099,1.267743,1.028172,-0.443086,1.251750,1.131347,-0.443883,1.245770,1.226673,-0.445185,1.239991,1.321898,-0.454652,1.219704,1.456226,-0.475439,1.187362,1.548786,-0.478255,1.244444,1.398075,-0.604462,1.326922,1.383711,-0.618120,1.371881,1.108062,-0.669557,1.307977,0.883677,-0.422943,1.212640,1.397165,-0.287051,1.151258,1.370658,-0.262386,1.185382,1.094215,-0.240626,1.214134,0.857967,-0.505281,1.316660,0.936408,-0.486785,1.338906,0.533916,-0.431379,1.403592,0.106144,-0.542123,1.280958,0.020917,-0.371274,1.231050,0.929254,-0.412481,1.076468,0.558762,-0.334171,1.167337,0.139884,-0.406372,1.050787,0.020657,-0.420514,-1.304988,-0.050033
-0.447478,1.253578,0.931107,-0.446511,1.247035,1.027036,-0.452561,1.230556,1.130132,-0.453284,1.224065,1.225425,-0.454419,1.217739,1.320618,-0.463583,1.196660,1.454845,-0.484195,1.163868,1.547285,-0.487248,1.221818,1.396871,-0.613429,1.304432,1.383080,-0.629206,1.349973,1.107633,-0.684156,1.278001,0.886472,-0.432015,1.189892,1.395623,-0.296453,1.128233,1.368082,-0.272027,1.164889,1.091935,-0.250679,1.195697,0.855910,-0.514192,1.296775,0.935345,-0.489402,1.330411,0.533977,-0.431034,1.401853,0.107695,-0.542234,1.281039,0.020699,-0.380750,1.210299,0.928092,-0.424800,1.053757,0.558782,-0.363861,1.100779,0.129487,-0.440516,0.971041,0.024076,-0.435005,-1.313255,-0.095127
-0.457015,1.233105,0.929282,-0.456063,1.226183,1.025185,-0.462082,1.209213,1.128202,-0.462682,1.202189,1.223457,-0.463650,1.195282,1.318610,-0.472563,1.173348,1.452717,-0.493035,1.140028,1.544998,-0.496244,1.198968,1.394915,-0.622513,1.281535,1.381650,-0.639790,1.327339,1.106329,-0.698411,1.248615,0.888396,-0.441093,1.166913,1.393330,-0.305862,1.105008,1.364743,-0.281955,1.143825,1.088842,-0.260918,1.176398,0.853021,-0.523357,1.276841,0.933720,-0.492533,1.321889,0.533918,-0.430724,1.400043,0.109266,-0.542658,1.281601,0.020636,-0.390661,1.189282,0.926068,-0.435009,1.031823,0.557128,-0.394965,1.033818,0.123896,-0.475830,0.893877,0.033884,-0.470906,-1.333509,-0.145105
-0.466772,1.212415,0.926769,-0.465679,1.205122,1.022643,-0.471586,1.187665,1.125585,-0.472016,1.180102,1.220799,-0.472803,1.172602,1.315910,-0.481483,1.149797,1.449886,-0.501840,1.115919,1.541988,-0.505161,1.175903,1.392252,-0.631557,1.258354,1.379477,-0.650005,1.304174,1.104236,-0.712329,1.219848,0.889518,-0.450106,1.143701,1.390329,-0.315237,1.081522,1.360638,-0.292036,1.122224,1.084950,-0.271266,1.156234,0.849312,-0.532693,1.256744,0.931522,-0.496130,1.312979,0.533664,-0.430502,1.398150,0.110891,-0.543229,1.282411,0.020632,-0.400841,1.167993,0.923243,-0.444124,1.010889,0.554016,-0.426985,0.967265,0.121857,-0.511980,0.819623,0.048498,-0.518799,-1.360739,-0.195735
-0.476375,1.191020,0.923735,-0.475069,1.183436,1.019583,-0.480789,1.165602,1.122472,-0.480988,1.157615,1.217653,-0.481536,1.149649,1.312728,-0.489905,1.126161,1.446608,-0.510128,1.091818,1.538569,-0.513673,1.152651,1.389146,-0.640105,1.235132,1.376953,-0.659838,1.280682,1.101763,-0.725603,1.192047,0.889796,-0.458716,1.120302,1.386898,-0.324248,1.057797,1.356090,-0.301935,1.100070,1.080566,-0.281525,1.135212,0.845062,-0.541909,1.235884,0.928808,-0.500476,1.302556,0.532987,-0.430784,1.396218,0.112759,-0.543622,1.283009,0.020490,-0.410828,1.146058,0.919889,-0.454924,0.990631,0.550114,-0.458023,0.905964,0.122282,-0.547869,0.753435,0.065781,-0.552769,-1.388013,-0.236768
-0.485442,1.168790,0.919987,-0.483863,1.161019,1.015816,-0.489325,1.142956,1.118679,-0.489239,1.134706,1.213840,-0.489496,1.126452,1.308893,-0.497482,1.102554,1.442726,-0.517580,1.067894,1.534597,-0.521503,1.129270,1.385450,-0.647814,1.212046,1.374050,-0.669206,1.256918,1.098877,-0.738124,1.165266,0.889146,-0.466645,1.096774,1.382913,-0.332647,1.033823,1.351000,-0.311505,1.077353,1.075580,-0.291561,1.113292,0.840154,-0.550664,1.214075,0.925366,-0.505345,1.290591,0.531752,-0.431602,1.394580,0.114641,-0.543676,1.283164,0.020107,-0.420197,1.123406,0.915835,-0.469017,0.971861,0.545158,-0.488220,0.850396,0.126581,-0.585127,0.697104,0.088350,-0.559516,-1.409742,-0.266103
-0.494355,1.145854,0.915717,-0.492430,1.137978,1.011531,-0.497560,1.119796,1.114391,-0.497127,1.111398,1.209538,-0.497035,1.102982,1.304578,-0.504561,1.078860,1.438398,-0.524516,1.043978,1.530216,-0.528927,1.105701,1.381309,-0.655026,1.188920,1.370796,-0.678192,1.232828,1.095611,-0.750001,1.139451,0.887652,-0.474171,1.073058,1.378498,-0.340682,1.009609,1.345468,-0.320894,1.054083,1.070101,-0.301507,1.090513,0.834705,-0.559300,1.191503,0.921409,-0.510962,1.277111,0.530094,-0.432924,1.392901,0.116766,-0.543551,1.283109,0.019586,-0.429372,1.100108,0.911250,-0.484797,0.953766,0.539411,-0.517435,0.800081,0.133343,-0.622124,0.648839,0.113587,-0.552342,-1.431513,-0.285841
-0.503876,1.122115,0.911667,-0.501593,1.114217,1.007471,-0.506312,1.096015,1.110346,-0.505434,1.087565,1.205484,-0.504871,1.079088,1.300515,-0.511735,1.054889,1.434354,-0.531409,1.019848,1.526170,-0.536447,1.081802,1.377432,-0.662311,1.165472,1.367675,-0.687031,1.208453,1.092473,-0.761263,1.114790,0.885523,-0.481794,1.049019,1.374302,-0.348773,0.985202,1.340115,-0.330210,1.030286,1.064760,-0.311558,1.066997,0.829352,-0.568542,1.168126,0.917637,-0.518280,1.261073,0.528194,-0.435070,1.390221,0.120010,-0.543410,1.283082,0.019038,-0.439162,1.076007,0.906921,-0.500226,0.933584,0.534333,-0.543348,0.758429,0.137244,-0.652873,0.608425,0.131512,-0.545238,-1.463161,-0.292034
-0.514365,1.097697,0.907947,-0.511802,1.089800,1.003749,-0.516054,1.071625,1.106652,-0.514623,1.063178,1.201784,-0.513421,1.054706,1.296809,-0.519323,1.030535,1.430696,-0.538505,0.995367,1.522568,-0.544331,1.057494,1.373924,-0.669928,1.141629,1.364756,-0.695931,1.183765,1.089541,-0.772139,1.091314,0.882715,-0.489783,1.024585,1.370383,-0.357172,0.960613,1.334929,-0.339459,1.005880,1.059544,-0.321781,1.042657,0.824071,-0.578743,1.144087,0.914131,-0.526980,1.242209,0.526037,-0.437551,1.386837,0.124569,-0.543282,1.283177,0.018530,-0.449939,1.051211,0.902990,-0.514279,0.910274,0.530334,-0.565098,0.728433,0.135952,-0.673737,0.576712,0.139028,-0.540844,-1.516979,-0.285473
-0.525463,1.072475,0.904448,-0.522607,1.064664,1.000252,-0.526312,1.046615,1.103201,-0.524231,1.038267,1.198332,-0.522268,1.029901,1.293355,-0.527007,1.005904,1.427323,-0.545559,0.970672,1.519300,-0.552310,1.032856,1.370680,-0.677618,1.117464,1.361969,-0.704684,1.158793,1.086737,-0.782400,1.068993,0.879272,-0.497868,0.999828,1.366684,-0.365627,0.935831,1.329922,-0.348635,0.980947,1.054465,-0.332108,1.017580,0.818886,-0.589552,1.119244,0.910810,-0.537381,1.220785,0.523637,-0.440856,1.382451,0.130247,-0.543137,1.283301,0.017996,-0.461331,1.025612,0.899314,-0.527982,0.884876,0.527004,-0.583546,0.707100,0.131798,-0.688353,0.552850,0.139231,-0.536520,-1.580673,-0.265368
-0.536856,1.045973,0.901578,-0.533468,1.038524,0.997386,-0.536477,1.020845,1.100416,-0.533652,1.012798,1.195551,-0.530877,1.004718,1.290578,-0.534420,0.981121,1.424653,-0.552303,0.945942,1.516782,-0.560078,1.007975,1.368086,-0.685172,1.092919,1.359593,-0.712899,1.133666,1.084338,-0.791378,1.047915,0.875535,-0.505734,0.974838,1.363684,-0.373807,0.910869,1.325749,-0.357828,0.955754,1.050199,-0.342528,0.992154,0.814500,-0.600642,1.093127,0.908135,-0.551392,1.196558,0.521212,-0.446770,1.375202,0.137337,-0.543046,1.283412,0.017346,-0.473025,0.998727,0.896254,-0.542383,0.857752,0.524565,-0.598954,0.688861,0.126448,-0.701646,0.534074,0.131431,-0.538342,-1.627194,-0.225400
-0.548813,1.017432,0.899431,-0.544366,1.010762,0.995239,-0.546360,0.993833,1.098408,-0.542600,0.986406,1.193553,-0.538925,0.978895,1.288590,-0.541250,0.956062,1.422817,-0.558413,0.921138,1.515177,-0.567379,0.982681,1.366228,-0.692396,1.067717,1.357517,-0.720357,1.108453,1.082279,-0.798925,1.028142,0.871344,-0.513132,0.949429,1.361503,-0.381393,0.885630,1.322624,-0.367035,0.930436,1.046974,-0.353057,0.966505,0.811143,-0.612229,1.065032,0.906321,-0.570357,1.168832,0.518643,-0.456331,1.364467,0.146175,-0.543454,1.283189,0.015572,-0.485340,0.969749,0.893779,-0.558523,0.828004,0.523139,-0.611179,0.671690,0.119641,-0.716180,0.520337,0.111206,-0.554827,-1.649452,-0.150069
-0.561065,0.987611,0.897914,-0.555320,0.981995,0.993722,-0.556150,0.966061,1.097067,-0.551361,0.959457,1.192227,-0.546735,0.952696,1.287278,-0.547810,0.930852,1.421686,-0.564214,0.896300,1.514323,-0.574470,0.957144,1.365020,-0.699483,1.042135,1.355851,-0.727277,1.083085,1.080625,-0.805190,1.009613,0.866858,-0.520311,0.923786,1.360022,-0.388705,0.860210,1.320333,-0.376258,0.904859,1.044561,-0.363679,0.940506,0.808587,-0.624099,1.035664,0.905153,-0.592932,1.138301,0.516048,-0.468501,1.350868,0.156425,-0.543916,1.282953,0.013683,-0.497959,0.939487,0.891921,-0.575361,0.796530,0.522606,-0.620363,0.657612,0.111637,-0.729391,0.511686,0.082978,-0.577459,-1.654538,-0.054875
-0.572493,0.958305,0.897163,-0.565863,0.953792,0.992984,-0.565798,0.938832,1.096488,-0.560181,0.933018,1.191662,-0.554737,0.926950,1.286723,-0.554672,0.905990,1.421282,-0.570414,0.871731,1.514146,-0.581804,0.931970,1.364598,-0.706811,1.016947,1.355198,-0.733925,1.057489,1.079853,-0.809958,0.992232,0.862895,-0.527704,0.898550,1.359353,-0.396359,0.834920,1.318900,-0.385589,0.878892,1.042945,-0.374342,0.914169,0.806846,-0.635284,1.006667,0.904444,-0.616989,1.106806,0.513996,-0.481946,1.334417,0.167376,-0.543166,1.283629,0.014617,-0.509619,0.909882,0.891130,-0.590821,0.766376,0.522826,-0.627198,0.647133,0.104883,-0.738511,0.505491,0.059313,-0.586758,-1.636668,0.019996
-0.582474,0.929965,0.897272,-0.575778,0.926551,0.993137,-0.575330,0.912461,1.096766,-0.569238,0.907328,1.191953,-0.563189,0.901818,1.287013,-0.562116,0.881518,1.421670,-0.577359,0.847414,1.514677,-0.589616,0.907231,1.365103,-0.714554,0.992341,1.355962,-0.740139,1.031267,1.080256,-0.812858,0.976067,0.859588,-0.535526,0.873828,1.359624,-0.404764,0.809574,1.318297,-0.395226,0.852113,1.042074,-0.385205,0.887497,0.805925,-0.645298,0.978352,0.904043,-0.642645,1.075110,0.512533,-0.496488,1.314829,0.178761,-0.538629,1.288096,0.019913,-0.519567,0.881530,0.891748,-0.604400,0.737935,0.524253,-0.631318,0.641333,0.100390,-0.741208,0.501460,0.045074,-0.572122,-1.580118,0.051694
-0.591630,0.902140,0.898147,-0.585281,0.899874,0.994067,-0.584722,0.886634,1.097806,-0.578354,0.882147,1.193005,-0.571833,0.877141,1.288060,-0.569862,0.857393,1.422787,-0.584703,0.823366,1.515886,-0.597673,0.882854,1.366393,-0.722536,0.968128,1.357737,-0.746081,1.004818,1.081541,-0.814260,0.961050,0.856802,-0.543562,0.849514,1.360708,-0.413512,0.784358,1.318551,-0.404971,0.824944,1.042000,-0.396108,0.860487,0.805821,-0.654627,0.950409,0.904100,-0.669784,1.042449,0.511613,-0.512306,1.292388,0.190847,-0.532880,1.293474,0.028032,-0.528557,0.853836,0.893433,-0.616602,0.710814,0.526434,-0.633088,0.639133,0.097148,-0.739813,0.499884,0.035399,-0.544153,-1.500613,0.063071
-0.600711,0.875271,0.899631,-0.594545,0.874134,0.995583,-0.593855,0.861715,1.099420,-0.587238,0.857831,1.194628,-0.580330,0.853273,1.289678,-0.577644,0.833993,1.424461,-0.592117,0.799945,1.517609,-0.605723,0.859225,1.368180,-0.730602,0.944520,1.359917,-0.752497,0.979266,1.083312,-0.815067,0.946874,0.854954,-0.551602,0.825922,1.362335,-0.421999,0.760135,1.319759,-0.414314,0.798525,1.042872,-0.406523,0.833136,0.806536,-0.663761,0.923558,0.904877,-0.695931,1.008373,0.511673,-0.528594,1.267965,0.203732,-0.532371,1.292050,0.037297,-0.537587,0.826962,0.895620,-0.626867,0.686884,0.527872,-0.634295,0.637802,0.094566,-0.738559,0.499010,0.028267,-0.515185,-1.439540,0.082492
-0.610044,0.849465,0.901773,-0.603619,0.849507,0.997710,-0.602657,0.837928,1.101641,-0.595755,0.834614,1.196850,-0.588543,0.830442,1.291896,-0.585397,0.811512,1.426722,-0.599514,0.777291,1.519860,-0.613714,0.836531,1.370432,-0.738813,0.921526,1.362394,-0.759764,0.954893,1.085538,-0.815052,0.933604,0.854187,-0.559599,0.803230,1.364493,-0.429893,0.737447,1.322214,-0.423132,0.773371,1.044978,-0.416184,0.805329,0.808256,-0.672840,0.898127,0.906566,-0.720266,0.972022,0.512822,-0.545137,1.241982,0.218571,-0.540054,1.279606,0.036669,-0.547168,0.800800,0.898218,-0.634652,0.667157,0.527746,-0.635404,0.636718,0.092442,-0.738937,0.498490,0.023570,-0.484306,-1.421858,0.126347
-0.619301,0.824616,0.904524,-0.612454,0.825817,1.000422,-0.611200,0.815049,1.104436,-0.604041,0.812261,1.199642,-0.596608,0.808420,1.294685,-0.593186,0.789755,1.429539,-0.606980,0.755263,1.522626,-0.621698,0.814584,1.373180,-0.747108,0.899136,1.365275,-0.767504,0.931418,1.088251,-0.814441,0.921175,0.854358,-0.567600,0.781260,1.367195,-0.437526,0.715753,1.325623,-0.431549,0.748965,1.048029,-0.425356,0.777180,0.810796,-0.681725,0.873789,0.908974,-0.743609,0.934257,0.514950,-0.562150,1.214016,0.234209,-0.551682,1.263341,0.055360,-0.556790,0.775458,0.901316,-0.640500,0.650620,0.526876,-0.635950,0.636504,0.090979,-0.739456,0.498672,0.021415,-0.452427,-1.422609,0.178248
-0.628245,0.800841,0.907581,-0.621083,0.802909,1.003448,-0.619589,0.792774,1.107524,-0.612217,0.790420,1.202727,-0.604595,0.786879,1.297766,-0.600941,0.768506,1.432653,-0.614450,0.733796,1.525701,-0.629587,0.793202,1.376227,-0.755144,0.877529,1.368269,-0.775332,0.909115,1.091150,-0.814815,0.909077,0.855449,-0.575540,0.759800,1.370214,-0.445287,0.694289,1.329212,-0.439431,0.724905,1.051313,-0.434312,0.749036,0.813605,-0.690480,0.850279,0.911786,-0.765952,0.897205,0.518164,-0.579471,1.183665,0.247272,-0.568737,1.239247,0.070283,-0.565919,0.751431,0.904623,-0.645485,0.636102,0.526222,-0.636318,0.636296,0.090199,-0.739870,0.498842,0.020105,-0.434614,-1.408300,0.217395
-0.636758,0.778320,0.910991,-0.629524,0.780798,1.006848,-0.627881,0.771024,1.110959,-0.620347,0.768967,1.206157,-0.612537,0.765691,1.301190,-0.608626,0.747681,1.436119,-0.621880,0.712874,1.529168,-0.637328,0.772348,1.379648,-0.762724,0.856876,1.371337,-0.783359,0.888244,1.094223,-0.816813,0.897297,0.857680,-0.583401,0.738764,1.373606,-0.453419,0.672651,1.332724,-0.446447,0.700932,1.054610,-0.443031,0.720747,0.816499,-0.699121,0.827609,0.915051,-0.787286,0.861713,0.522714,-0.596654,1.150695,0.256961,-0.592949,1.205744,0.078352,-0.574303,0.729064,0.908180,-0.649849,0.623651,0.526141,-0.636597,0.635871,0.090254,-0.740073,0.498771,0.019347,-0.438264,-1.359754,0.236133
-0.644958,0.756874,0.914708,-0.637759,0.759469,1.010562,-0.636020,0.749879,1.114687,-0.628367,0.748026,1.209879,-0.620400,0.744982,1.304907,-0.616277,0.727365,1.439881,-0.629315,0.692513,1.532943,-0.644973,0.752060,1.383367,-0.770047,0.837006,1.374519,-0.791473,0.868546,1.097483,-0.819796,0.885849,0.860831,-0.591201,0.718238,1.377315,-0.461679,0.651243,1.336417,-0.452929,0.677303,1.058139,-0.451533,0.692462,0.819662,-0.707633,0.805768,0.918719,-0.807620,0.826936,0.528350,-0.614146,1.115340,0.264075,-0.622482,1.164922,0.084710,-0.582195,0.708011,0.911945,-0.653350,0.613218,0.526275,-0.636698,0.635452,0.090992,-0.740171,0.498688,0.019433,-0.455980,-1.296148,0.242118
-0.652969,0.736077,0.918284,-0.645765,0.738720,1.014134,-0.643933,0.729272,1.118270,-0.636205,0.727612,1.213458,-0.628149,0.724806,1.308486,-0.623925,0.707598,1.443510,-0.636820,0.672699,1.536575,-0.652589,0.732266,1.386961,-0.777368,0.817596,1.377645,-0.798952,0.849519,1.100667,-0.823420,0.874262,0.864228,-0.598927,0.698264,1.380954,-0.469731,0.630506,1.340282,-0.459733,0.654391,1.061845,-0.460143,0.664971,0.823097,-0.716037,0.784454,0.922319,-0.826961,0.792461,0.534424,-0.633128,1.077890,0.267638,-0.652999,1.120574,0.087880,-0.589815,0.687730,0.915496,-0.656338,0.603490,0.526521,-0.636737,0.634845,0.091967,-0.740241,0.498563,0.019550,-0.480628,-1.241519,0.237515
-0.660694,0.715940,0.921647,-0.653408,0.718581,1.017491,-0.651487,0.709248,1.121636,-0.643741,0.707781,1.216826,-0.635695,0.705227,1.311862,-0.631534,0.688449,1.446942,-0.644398,0.653483,1.539986,-0.660137,0.713004,1.390373,-0.784669,0.798665,1.380768,-0.805239,0.831065,1.103772,-0.827602,0.862565,0.867867,-0.606518,0.678906,1.384493,-0.477421,0.610566,1.344479,-0.467387,0.632409,1.065868,-0.469137,0.638635,0.826968,-0.724222,0.763696,0.925789,-0.845430,0.758184,0.540961,-0.653921,1.038445,0.267012,-0.682884,1.074080,0.086744,-0.597078,0.668214,0.918748,-0.658761,0.594172,0.526902,-0.636711,0.633934,0.093103,-0.740326,0.498378,0.019460,-0.515887,-1.204969,0.219663
-0.668230,0.696454,0.924869,-0.660821,0.699022,1.020706,-0.658816,0.689762,1.124856,-0.651094,0.688477,1.220051,-0.643126,0.686179,1.315100,-0.639141,0.669848,1.450240,-0.652047,0.634813,1.543252,-0.667656,0.694236,1.393660,-0.791969,0.780195,1.383836,-0.810891,0.813282,1.106801,-0.832424,0.850729,0.871753,-0.614035,0.660100,1.387961,-0.484904,0.591297,1.348848,-0.475364,0.611144,1.070069,-0.478239,0.613093,0.831110,-0.732300,0.743466,0.929190,-0.862906,0.724210,0.547938,-0.676203,0.996906,0.262835,-0.713753,1.024059,0.082420,-0.604069,0.649470,0.921787,-0.660672,0.585560,0.527394,-0.636624,0.632835,0.094477,-0.740382,0.498152,0.019401,-0.558078,-1.177397,0.191224
-0.675993,0.677163,0.927725,-0.668383,0.679751,1.023545,-0.666252,0.670616,1.127703,-0.658548,0.669545,1.222902,-0.650674,0.667519,1.317965,-0.646888,0.651625,1.453162,-0.659832,0.616531,1.546147,-0.675328,0.675779,1.396559,-0.799581,0.761800,1.386519,-0.816850,0.795963,1.109508,-0.837788,0.838195,0.875217,-0.621651,0.641695,1.391056,-0.492301,0.572762,1.352901,-0.482944,0.590326,1.073973,-0.486953,0.588048,0.835035,-0.740624,0.723382,0.932241,-0.879039,0.690438,0.554633,-0.700199,0.953263,0.256046,-0.746112,0.970159,0.076780,-0.611267,0.630972,0.924443,-0.662583,0.577221,0.527820,-0.636603,0.631697,0.095876,-0.740349,0.497911,0.019275,-0.589032,-1.155534,0.162345
-0.684191,0.657925,0.930200,-0.676228,0.660725,1.025984,-0.673888,0.651825,1.130157,-0.666173,0.651038,1.225358,-0.658399,0.649319,1.320434,-0.654837,0.633858,1.455688,-0.667808,0.598724,1.548654,-0.683209,0.657679,1.399039,-0.807608,0.743461,1.388779,-0.823420,0.779275,1.111896,-0.843767,0.824795,0.878124,-0.629411,0.623758,1.393750,-0.499584,0.555167,1.356632,-0.489765,0.569820,1.077565,-0.495057,0.563375,0.838728,-0.749396,0.703307,0.934932,-0.893682,0.656612,0.560974,-0.726111,0.907405,0.246287,-0.780200,0.911762,0.069679,-0.618888,0.612576,0.926700,-0.664596,0.569133,0.528150,-0.636677,0.630544,0.097237,-0.740168,0.497622,0.019030,-0.601621,-1.140187,0.137515
-0.692617,0.638882,0.932309,-0.684221,0.641988,1.028046,-0.681630,0.633372,1.132237,-0.673899,0.632905,1.227439,-0.666241,0.631507,1.322530,-0.662927,0.616469,1.457838,-0.675920,0.581304,1.550789,-0.691242,0.639890,1.401131,-0.815947,0.725198,1.390653,-0.830299,0.763051,1.113962,-0.850289,0.810697,0.880609,-0.637269,0.606222,1.396072,-0.506782,0.538305,1.360048,-0.496188,0.549761,1.080861,-0.502774,0.539199,0.842204,-0.758414,0.683377,0.937273,-0.906981,0.622988,0.567034,-0.753736,0.859443,0.233915,-0.815778,0.849486,0.061261,-0.626716,0.594427,0.928573,-0.666609,0.561319,0.528414,-0.636817,0.629352,0.098622,-0.739898,0.497318,0.018717,-0.602972,-1.130550,0.112246
-0.701058,0.620004,0.933866,-0.692330,0.623383,1.029566,-0.689529,0.615014,1.133772,-0.681796,0.614831,1.228975,-0.674242,0.613722,1.324079,-0.671118,0.599053,1.459432,-0.684069,0.563841,1.552371,-0.699440,0.622091,1.402666,-0.824598,0.706687,1.391931,-0.837514,0.746584,1.115453,-0.857039,0.795848,0.882418,-0.645258,0.588738,1.397804,-0.514108,0.521624,1.362686,-0.502580,0.530277,1.083422,-0.510272,0.515598,0.845015,-0.767428,0.663625,0.939012,-0.919024,0.590240,0.572318,-0.782688,0.809700,0.220942,-0.852646,0.784837,0.053835,-0.634579,0.576430,0.929945,-0.668821,0.553418,0.528527,-0.637060,0.628199,0.100013,-0.739662,0.497128,0.018397,-0.596297,-1.120943,0.083221
-0.709447,0.601339,0.934810,-0.700534,0.604896,1.030488,-0.697584,0.596693,1.134703,-0.689865,0.596733,1.229907,-0.682391,0.595863,1.325020,-0.679363,0.581495,1.460408,-0.692183,0.546212,1.553338,-0.707797,0.604189,1.403588,-0.833620,0.687736,1.392503,-0.845028,0.729759,1.116283,-0.863791,0.780211,0.883434,-0.653371,0.571218,1.398874,-0.521606,0.504995,1.364370,-0.508962,0.511463,1.085092,-0.517574,0.492499,0.847030,-0.776356,0.644114,0.940085,-0.929779,0.558439,0.576811,-0.813231,0.758086,0.207428,-0.891319,0.717362,0.047790,-0.642425,0.558615,0.930758,-0.671302,0.545316,0.528461,-0.637421,0.627112,0.101394,-0.739500,0.497142,0.018074,-0.578978,-1.106817,0.047672
-0.717851,0.582840,0.935202,-0.708854,0.586540,1.030866,-0.705796,0.578467,1.135089,-0.698106,0.578696,1.230295,-0.690700,0.578030,1.325414,-0.687708,0.563911,1.460829,-0.700333,0.528540,1.553753,-0.716318,0.586277,1.403953,-0.842954,0.668537,1.392479,-0.852880,0.712691,1.116538,-0.870772,0.763823,0.883774,-0.661614,0.553750,1.399354,-0.529233,0.488546,1.365275,-0.515314,0.493224,1.086027,-0.524657,0.469974,0.848381,-0.785280,0.624780,0.940556,-0.939278,0.527513,0.580528,-0.845101,0.704690,0.193313,-0.931283,0.647515,0.042738,-0.650308,0.540952,0.931070,-0.673982,0.537126,0.528244,-0.637885,0.626064,0.102781,-0.739373,0.497269,0.017744,-0.553632,-1.092722,0.008367
-0.726263,0.564336,0.935040,-0.717315,0.568201,1.030702,-0.714218,0.560255,1.134933,-0.706587,0.560657,1.230143,-0.699246,0.560169,1.325269,-0.696252,0.546245,1.460704,-0.708641,0.510765,1.553617,-0.725029,0.568311,1.403761,-0.852432,0.649345,1.391969,-0.861216,0.695017,1.116227,-0.878347,0.746749,0.883541,-0.670046,0.536242,1.399249,-0.537070,0.472103,1.365469,-0.521935,0.475413,1.086263,-0.531622,0.448319,0.849021,-0.794194,0.605460,0.940366,-0.947709,0.497932,0.583012,-0.877118,0.650106,0.180424,-0.970789,0.578165,0.039824,-0.658217,0.523265,0.930937,-0.676851,0.528826,0.527871,-0.638447,0.625046,0.104203,-0.739280,0.497373,0.017452,-0.531334,-1.086617,-0.029707
-0.734724,0.545784,0.934301,-0.725996,0.549871,1.029973,-0.722942,0.542058,1.134216,-0.715399,0.542613,1.229433,-0.708109,0.542258,1.324563,-0.705049,0.528446,1.460008,-0.717163,0.492817,1.552901,-0.733953,0.550269,1.402983,-0.861985,0.630289,1.391025,-0.870089,0.676581,1.115356,-0.886546,0.729055,0.882787,-0.678706,0.518648,1.398512,-0.545186,0.455568,1.364873,-0.528965,0.458031,1.085715,-0.538515,0.427570,0.848869,-0.803133,0.586134,0.939450,-0.955103,0.469674,0.584185,-0.909332,0.594121,0.168992,-1.010206,0.510408,0.039016,-0.666205,0.505487,0.930379,-0.679867,0.520479,0.527367,-0.639139,0.624082,0.105662,-0.739231,0.497399,0.017206,-0.514499,-1.092616,-0.065474
-0.743193,0.527226,0.933009,-0.734818,0.531558,1.028702,-0.731876,0.523876,1.132958,-0.724452,0.524568,1.228183,-0.717211,0.524319,1.323318,-0.714044,0.510566,1.458766,-0.725843,0.474767,1.551634,-0.743067,0.532172,1.401648,-0.871681,0.611240,1.389596,-0.879446,0.657539,1.113919,-0.895338,0.710674,0.881460,-0.687555,0.501014,1.397191,-0.553512,0.439040,1.363566,-0.536264,0.441076,1.084468,-0.545289,0.407691,0.848006,-0.812063,0.566822,0.937872,-0.961429,0.442759,0.584125,-0.941692,0.536948,0.158786,-1.049167,0.443149,0.040346,-0.674220,0.487685,0.929375,-0.683070,0.512021,0.526706,-0.639930,0.623149,0.107156,-0.739217,0.497401,0.016999,-0.500710,-1.106607,-0.100010
-0.751531,0.508619,0.931231,-0.743574,0.513176,1.026950,-0.740799,0.505629,1.131220,-0.733542,0.506473,1.226456,-0.726394,0.506356,1.321598,-0.723171,0.492707,1.457055,-0.734629,0.456762,1.549910,-0.752321,0.514046,1.399842,-0.881554,0.592068,1.387638,-0.889279,0.638003,1.111904,-0.904998,0.691476,0.879509,-0.696529,0.483385,1.395431,-0.561919,0.422636,1.361848,-0.543715,0.424388,1.082811,-0.551910,0.388865,0.846627,-0.820873,0.547417,0.935773,-0.966782,0.417718,0.582604,-0.972871,0.479819,0.150949,-1.084824,0.375974,0.045059,-0.682094,0.469877,0.927923,-0.686570,0.503240,0.525809,-0.640716,0.622167,0.108715,-0.739208,0.497401,0.016847,-0.493791,-1.124208,-0.131552
-0.759513,0.490026,0.928940,-0.752066,0.494783,1.024689,-0.749543,0.487369,1.128974,-0.742535,0.488379,1.224227,-0.735560,0.488418,1.319382,-0.732384,0.474918,1.454856,-0.743496,0.438848,1.547704,-0.761674,0.495930,1.397546,-0.891551,0.572854,1.385124,-0.899549,0.617981,1.109266,-0.915616,0.671458,0.876891,-0.705588,0.465793,1.393236,-0.570357,0.406374,1.359759,-0.551287,0.407870,1.080778,-0.558328,0.371149,0.844727,-0.829339,0.527989,0.933109,-0.970664,0.395184,0.579208,-1.003109,0.422069,0.146009,-1.117246,0.307621,0.054198,-0.689598,0.452122,0.926006,-0.690299,0.494209,0.524681,-0.641435,0.621176,0.110300,-0.739197,0.497406,0.016786,-0.493752,-1.146638,-0.160297
-0.767363,0.471384,0.926164,-0.760492,0.476322,1.021946,-0.758275,0.469044,1.126248,-0.751566,0.470235,1.221521,-0.744808,0.470456,1.316691,-0.741729,0.457149,1.452187,-0.752470,0.420980,1.545042,-0.771167,0.477783,1.394778,-0.901724,0.553516,1.382082,-0.910294,0.597465,1.106049,-0.927102,0.650624,0.873650,-0.714772,0.448206,1.390603,-0.578875,0.390237,1.357261,-0.559010,0.391619,1.078335,-0.564593,0.354486,0.842311,-0.837684,0.508470,0.929924,-0.973574,0.374524,0.574351,-1.032166,0.364364,0.143437,-1.146366,0.239351,0.066721,-0.696960,0.434361,0.923640,-0.694324,0.484856,0.523316,-0.642149,0.620137,0.111949,-0.739191,0.497408,0.016780,-0.500584,-1.172679,-0.186048
-0.775622,0.452460,0.923059,-0.769249,0.457536,1.018870,-0.767275,0.450418,1.123188,-0.760835,0.451843,1.218477,-0.754281,0.452329,1.313660,-0.751275,0.439358,1.449189,-0.761572,0.403172,1.542086,-0.780882,0.459507,1.391678,-0.912268,0.533692,1.378554,-0.921623,0.576545,1.102373,-0.939456,0.628855,0.869867,-0.724144,0.430577,1.387659,-0.587494,0.374291,1.354542,-0.566857,0.375763,1.075673,-0.570817,0.338888,0.839587,-0.846471,0.488550,0.926488,-0.977102,0.354363,0.569047,-1.057995,0.309926,0.142785,-1.169129,0.174540,0.080739,-0.704695,0.416435,0.920867,-0.698949,0.474753,0.521624,-0.642941,0.618848,0.113807,-0.739185,0.497411,0.016744,-0.518080,-1.194293,-0.206447
-0.784411,0.433307,0.919586,-0.778447,0.438429,1.015421,-0.776632,0.431468,1.119754,-0.770423,0.433182,1.215053,-0.764051,0.434032,1.310246,-0.761078,0.421575,1.445824,-0.770835,0.385465,1.538809,-0.790874,0.441112,1.388207,-0.923322,0.513221,1.374383,-0.933629,0.555352,1.098123,-0.952807,0.606088,0.865384,-0.733746,0.412936,1.384372,-0.596224,0.358604,1.351616,-0.574822,0.360377,1.072805,-0.576977,0.324447,0.836552,-0.855864,0.468201,0.922791,-0.981747,0.335077,0.563259,-1.080398,0.258781,0.145321,-1.183372,0.112472,0.098076,-0.712887,0.398481,0.917618,-0.704278,0.464023,0.519537,-0.643768,0.617388,0.115761,-0.739180,0.497417,0.016611,-0.550278,-1.205157,-0.221565
-0.793609,0.413873,0.915784,-0.787975,0.418997,1.011639,-0.786256,0.412216,1.115985,-0.780250,0.414272,1.211291,-0.774045,0.415570,1.306491,-0.771082,0.403770,1.442130,-0.780226,0.367818,1.535238,-0.801086,0.422586,1.384403,-0.934747,0.492262,1.369725,-0.946218,0.533755,1.093412,-0.967027,0.582388,0.860360,-0.743535,0.395254,1.380774,-0.605054,0.343109,1.348469,-0.582910,0.345387,1.069719,-0.583095,0.311071,0.833208,-0.865699,0.447452,0.918842,-0.987011,0.316291,0.557025,-1.099573,0.210905,0.149777,-1.191259,0.053863,0.116909,-0.721451,0.380362,0.913962,-0.710207,0.452543,0.517123,-0.644673,0.615679,0.117925,-0.739175,0.497425,0.016448,-0.593142,-1.211594,-0.231331
-0.803382,0.393760,0.911928,-0.797895,0.398982,1.007785,-0.796150,0.392487,1.112148,-0.790271,0.394980,1.207451,-0.784191,0.396820,1.302649,-0.781193,0.385808,1.438352,-0.789678,0.350115,1.531621,-0.811435,0.403795,1.380517,-0.946315,0.470926,1.365092,-0.959212,0.511441,1.088705,-0.981724,0.557827,0.855350,-0.753442,0.377388,1.377094,-0.613971,0.327670,1.345253,-0.591109,0.330695,1.066569,-0.589354,0.298501,0.829772,-0.876055,0.426085,0.914948,-0.992994,0.295511,0.551473,-1.114074,0.169445,0.151891,-1.196230,0.004230,0.129881,-0.730644,0.361506,0.910143,-0.716724,0.439522,0.514487,-0.645870,0.613281,0.120788,-0.739165,0.497430,0.016373,-0.638353,-1.224536,-0.233163
-0.813937,0.372887,0.908055,-0.808284,0.378356,1.003889,-0.806328,0.372281,1.108273,-0.800458,0.375315,1.203560,-0.794443,0.377788,1.298748,-0.791366,0.367675,1.434520,-0.799171,0.332331,1.527983,-0.821892,0.384699,1.376593,-0.957956,0.449269,1.360637,-0.972617,0.488418,1.084140,-0.996885,0.532486,0.850519,-0.763442,0.359297,1.373377,-0.622932,0.312294,1.342025,-0.599426,0.316271,1.063403,-0.595757,0.286740,0.826292,-0.887082,0.404131,0.911213,-0.999703,0.271431,0.547161,-1.122034,0.136256,0.149953,-1.198319,-0.033555,0.135282,-0.740721,0.341720,0.906131,-0.723927,0.425269,0.511707,-0.647175,0.610548,0.124438,-0.739161,0.497438,0.016571,-0.694701,-1.254470,-0.219049
-0.825067,0.351335,0.904128,-0.819065,0.357147,0.999921,-0.816776,0.351598,1.104329,-0.810840,0.355267,1.199591,-0.804846,0.358467,1.294761,-0.801646,0.349384,1.430605,-0.808725,0.314492,1.524298,-0.832485,0.365336,1.372587,-0.969739,0.427235,1.356207,-0.986427,0.464678,1.079579,-1.012523,0.506285,0.845703,-0.773559,0.341024,1.369579,-0.631980,0.296973,1.338727,-0.607854,0.302147,1.060174,-0.602301,0.275785,0.822719,-0.898631,0.381558,0.907531,-1.007131,0.245357,0.543531,-1.125321,0.109485,0.145673,-1.197491,-0.062363,0.134821,-0.751428,0.321198,0.901956,-0.731718,0.409475,0.508704,-0.648771,0.607127,0.128788,-0.739153,0.497444,0.016857,-0.753396,-1.290911,-0.197002
-0.836329,0.328955,0.900313,-0.830061,0.335174,0.996063,-0.827455,0.330254,1.100494,-0.821457,0.334665,1.195720,-0.815464,0.338712,1.290855,-0.812066,0.330844,1.426767,-0.818327,0.296559,1.520738,-0.843209,0.345690,1.368614,-0.981650,0.404768,1.351853,-1.000450,0.439890,1.075067,-1.028296,0.479057,0.840966,-0.783805,0.322550,1.365791,-0.641221,0.281553,1.335339,-0.616356,0.288314,1.056892,-0.609147,0.265354,0.819124,-0.910329,0.358054,0.903894,-1.015362,0.218713,0.540038,-1.128092,0.086716,0.139925,-1.197078,-0.085284,0.126267,-0.762249,0.299946,0.897961,-0.739798,0.390420,0.505350,-0.651427,0.601521,0.134070,-0.739101,0.497422,0.016791,-0.779754,-1.313330,-0.188479
-0.847735,0.305157,0.896599,-0.841491,0.311775,0.992329,-0.838668,0.307616,1.096786,-0.832636,0.312953,1.191958,-0.826595,0.318089,1.287031,-0.822828,0.311847,1.423005,-0.828157,0.278470,1.517352,-0.854243,0.325563,1.364603,-0.993820,0.381905,1.347536,-1.014781,0.413792,1.070531,-1.044372,0.450581,0.836261,-0.794359,0.303674,1.361925,-0.650880,0.265677,1.331713,-0.624849,0.274589,1.053442,-0.616343,0.255230,0.815401,-0.922229,0.332962,0.900153,-1.024540,0.191495,0.536327,-1.131779,0.067477,0.132275,-1.197952,-0.102201,0.104048,-0.773167,0.277437,0.894282,-0.748255,0.367156,0.501576,-0.655286,0.593066,0.140380,-0.738908,0.497064,0.015680,-0.749376,-1.314826,-0.224134
-0.859272,0.280530,0.892997,-0.853137,0.287614,0.988704,-0.850113,0.284318,1.093188,-0.844051,0.290688,1.188294,-0.837942,0.297031,1.283289,-0.833731,0.292601,1.419320,-0.838035,0.260286,1.514090,-0.865407,0.305152,1.360624,-1.006117,0.358609,1.343294,-1.029325,0.386645,1.066045,-1.060583,0.421078,0.831635,-0.805041,0.284598,1.358070,-0.660733,0.249702,1.327998,-0.633416,0.261156,1.049938,-0.623842,0.245631,0.811654,-0.934278,0.306938,0.896457,-1.034522,0.163706,0.532752,-1.134950,0.052241,0.123157,-1.199241,-0.113231,0.073735,-0.784201,0.254199,0.890783,-0.757001,0.340631,0.497450,-0.660206,0.582426,0.147623,-0.738671,0.496679,0.014218,-0.686660,-1.302302,-0.273313
-0.870457,0.256690,0.889693,-0.864170,0.264501,0.985325,-0.860847,0.262076,1.089824,-0.854761,0.269369,1.184867,-0.848670,0.276698,1.279799,-0.844204,0.273638,1.415873,-0.847411,0.242156,1.510972,-0.876159,0.285025,1.357010,-1.018130,0.334707,1.339294,-1.043611,0.358900,1.061869,-1.076077,0.391052,0.827294,-0.815319,0.265916,1.354585,-0.670207,0.234544,1.324621,-0.642265,0.248562,1.046735,-0.631663,0.236932,0.808271,-0.945954,0.281636,0.893238,-1.044960,0.136787,0.529838,-1.137467,0.040015,0.114750,-1.201660,-0.121823,0.049805,-0.794894,0.231823,0.887397,-0.765462,0.311968,0.493043,-0.666531,0.570090,0.155746,-0.738646,0.497163,0.014043,-0.630108,-1.275940,-0.265516
-0.881479,0.233992,0.886291,-0.874476,0.243032,0.981747,-0.870623,0.241541,1.086240,-0.864472,0.249614,1.181216,-0.858516,0.257584,1.276110,-0.854115,0.255188,1.412207,-0.856103,0.224176,1.507493,-0.886421,0.265394,1.353434,-1.029931,0.309856,1.335005,-1.058007,0.330438,1.057548,-1.090843,0.360517,0.822739,-0.825116,0.247813,1.351152,-0.679198,0.220554,1.321174,-0.651340,0.237221,1.043418,-0.639333,0.229471,0.804862,-0.957425,0.257464,0.890288,-1.056760,0.110586,0.527784,-1.139185,0.030823,0.107407,-1.206310,-0.128853,0.038730,-0.805454,0.210621,0.883535,-0.773495,0.280670,0.487577,-0.674476,0.556186,0.164761,-0.738432,0.501239,0.015485,-0.600096,-1.233592,-0.145313
-0.892149,0.212082,0.883189,-0.884168,0.222612,0.978414,-0.879689,0.222063,1.082891,-0.873478,0.230806,1.177803,-0.867745,0.239193,1.272673,-0.863597,0.237021,1.408778,-0.864293,0.206249,1.504159,-0.896271,0.246046,1.350223,-1.041447,0.284398,1.330958,-1.072145,0.301377,1.053538,-1.104892,0.329459,0.818468,-0.834509,0.230104,1.348088,-0.687811,0.207381,1.318066,-0.660697,0.226717,1.040400,-0.647325,0.222910,0.801816,-0.968522,0.234013,0.887815,-1.069015,0.085254,0.526390,-1.140249,0.024640,0.100776,-1.212089,-0.133446,0.034037,-0.815673,0.190281,0.879786,-0.781244,0.247235,0.481830,-0.683827,0.540587,0.174655,-0.738430,0.506185,0.018214,-0.576248,-1.177407,0.031866
-0.901407,0.191511,0.881759,-0.892755,0.203265,0.976802,-0.887841,0.203404,1.081265,-0.881723,0.212600,1.176141,-0.876320,0.221201,1.271008,-0.872481,0.218980,1.407118,-0.871976,0.188232,1.502510,-0.905400,0.226917,1.348691,-1.052041,0.259194,1.328907,-1.084450,0.272526,1.051473,-1.117409,0.298337,0.816186,-0.843198,0.212826,1.346710,-0.695791,0.194884,1.316953,-0.670716,0.216361,1.039275,-0.657075,0.216610,0.800684,-0.978216,0.211717,0.886883,-1.078663,0.062682,0.525581,-1.140959,0.020394,0.095970,-1.216406,-0.136415,0.030792,-0.824480,0.171459,0.877845,-0.788564,0.214284,0.478205,-0.694281,0.523403,0.185335,-0.740096,0.504731,0.022882,-0.535940,-1.114019,0.170232
-0.908753,0.172509,0.882746,-0.899932,0.185082,0.977678,-0.894898,0.185562,1.082139,-0.889113,0.194934,1.177020,-0.884196,0.203509,1.271915,-0.880747,0.200936,1.408027,-0.879248,0.169916,1.503323,-0.913687,0.207965,1.349529,-1.061485,0.234567,1.329768,-1.093785,0.243875,1.052167,-1.127709,0.267365,0.816748,-0.851039,0.195990,1.347729,-0.702934,0.182931,1.318861,-0.682300,0.205508,1.040964,-0.670062,0.210479,0.802387,-0.986032,0.190740,0.888150,-1.084156,0.043454,0.525484,-1.141313,0.018386,0.093782,-1.217962,-0.137477,0.027661,-0.831357,0.154443,0.878550,-0.795562,0.182331,0.477687,-0.705520,0.504715,0.197894,-0.744260,0.494108,0.031009,-0.462285,-1.042304,0.225676
-0.914687,0.154846,0.885406,-0.906003,0.167972,0.980274,-0.901040,0.168540,1.084738,-0.895742,0.177870,1.179651,-0.891419,0.186216,1.274596,-0.888414,0.183019,1.410705,-0.886012,0.151511,1.505822,-0.921253,0.189231,1.352045,-1.070006,0.210193,1.332625,-1.101287,0.215435,1.054806,-1.136476,0.236331,0.819297,-0.858175,0.179585,1.350435,-0.709443,0.171655,1.322763,-0.694546,0.194803,1.044545,-0.684807,0.204610,0.806004,-0.992444,0.170917,0.890958,-1.087041,0.026986,0.525972,-1.141312,0.018315,0.093421,-1.218057,-0.136916,0.025977,-0.836821,0.138945,0.881064,-0.802130,0.150863,0.479290,-0.717863,0.484442,0.211239,-0.750093,0.477084,0.041075,-0.372170,-0.963385,0.242307
-0.919653,0.138388,0.888881,-0.911387,0.151683,0.983755,-0.906604,0.152107,1.088224,-0.901838,0.161248,1.183182,-0.898082,0.169290,1.278178,-0.895372,0.165462,1.414279,-0.891980,0.133503,1.509213,-0.928157,0.170771,1.355477,-1.077650,0.185957,1.336483,-1.108801,0.188039,1.058591,-1.144954,0.205053,0.822971,-0.864743,0.163615,1.354014,-0.715681,0.161315,1.327238,-0.705120,0.185476,1.048844,-0.698315,0.198649,0.810322,-0.997847,0.152188,0.894404,-1.088899,0.013414,0.526588,-1.141258,0.018206,0.093625,-1.217994,-0.136407,0.024805,-0.841359,0.124756,0.884572,-0.807804,0.120956,0.482458,-0.731967,0.462459,0.221994,-0.756563,0.454699,0.049180,-0.293639,-0.887271,0.256663
-0.923616,0.123128,0.893170,-0.916184,0.136105,0.988151,-0.911736,0.136131,1.092634,-0.907557,0.144952,1.187649,-0.904312,0.152674,1.282691,-0.901650,0.148334,1.418779,-0.897108,0.116052,1.513553,-0.934505,0.152536,1.359885,-1.084529,0.161691,1.341362,-1.117199,0.162093,1.063622,-1.153963,0.173236,0.827809,-0.870867,0.148091,1.358496,-0.721852,0.152186,1.331987,-0.712550,0.178249,1.053687,-0.709368,0.192449,0.815151,-1.002204,0.134521,0.898387,-1.090021,0.003273,0.527133,-1.141214,0.017405,0.094069,-1.218150,-0.136521,0.023942,-0.844940,0.111898,0.889173,-0.812447,0.092901,0.487420,-0.748586,0.438924,0.229367,-0.762467,0.426339,0.054104,-0.237644,-0.812459,0.283547
-0.926611,0.109073,0.898275,-0.920293,0.121349,0.993431,-0.916290,0.120744,1.097933,-0.912742,0.129098,1.193017,-0.909983,0.136426,1.288105,-0.907218,0.131566,1.424174,-0.901439,0.098999,1.518785,-0.940190,0.134575,1.365209,-1.090532,0.137564,1.347243,-1.125608,0.137191,1.069799,-1.162683,0.141175,0.833771,-0.876422,0.133002,1.363852,-0.727751,0.143994,1.337309,-0.718309,0.172401,1.059248,-0.719185,0.186156,0.820682,-1.005551,0.117948,0.903008,-1.090115,-0.003971,0.527806,-1.141116,0.016566,0.095079,-1.218147,-0.136687,0.023591,-0.847594,0.100349,0.894767,-0.816196,0.066408,0.493946,-0.766966,0.413679,0.234151,-0.769008,0.392618,0.057067,-0.193232,-0.740451,0.308156
-0.929175,0.096096,0.903340,-0.923824,0.107497,0.998669,-0.920156,0.106117,1.103175,-0.917151,0.113873,1.198328,-0.914808,0.120688,1.293465,-0.911875,0.115181,1.429504,-0.904817,0.082359,1.523940,-0.944952,0.117093,1.370504,-1.095365,0.113960,1.353072,-1.133262,0.112950,1.076014,-1.169899,0.109586,0.839880,-0.881165,0.118327,1.369181,-0.733123,0.136170,1.342673,-0.724479,0.167007,1.064874,-0.728426,0.179861,0.826270,-1.008386,0.102504,0.907663,-1.089883,-0.009781,0.528742,-1.141086,0.015681,0.096371,-1.218162,-0.136857,0.023425,-0.849898,0.089827,0.900245,-0.818996,0.041684,0.500793,-0.785511,0.386116,0.235346,-0.778767,0.356422,0.057830,-0.155587,-0.685752,0.322623
-0.931415,0.084429,0.908198,-0.926711,0.094748,1.003679,-0.923186,0.092408,1.108169,-0.920586,0.099389,1.203393,-0.918580,0.105522,1.298582,-0.915461,0.099164,1.434578,-0.907080,0.066115,1.528825,-0.948604,0.100169,1.375591,-1.098818,0.090985,1.358629,-1.140031,0.089240,1.082066,-1.175225,0.078508,0.845970,-0.884923,0.104072,1.374322,-0.737821,0.128634,1.348072,-0.732055,0.161950,1.070513,-0.737156,0.173604,0.831854,-1.010801,0.088528,0.912293,-1.089397,-0.014126,0.530069,-1.141134,0.014756,0.097935,-1.218253,-0.137008,0.023434,-0.851970,0.080454,0.905332,-0.820760,0.019052,0.507691,-0.804228,0.356103,0.231802,-0.793817,0.319067,0.055701,-0.123167,-0.657858,0.325279
-0.933226,0.073841,0.913016,-0.929019,0.082903,1.008647,-0.925529,0.079459,1.113108,-0.923244,0.085534,1.208401,-0.921504,0.090867,1.303645,-0.918136,0.083529,1.439587,-0.908391,0.050284,1.533634,-0.951333,0.083724,1.380650,-1.101102,0.068535,1.364134,-1.146044,0.066191,1.088157,-1.179048,0.047900,0.852207,-0.887869,0.090232,1.379435,-0.741991,0.121465,1.353513,-0.740042,0.157346,1.076218,-0.745310,0.167344,0.837494,-1.012705,0.075681,0.916957,-1.088585,-0.017036,0.531658,-1.141249,0.013785,0.099780,-1.218362,-0.137163,0.023628,-0.853691,0.072107,0.910303,-0.821576,-0.001811,0.514909,-0.823109,0.323772,0.224670,-0.812084,0.279238,0.051372,-0.097514,-0.647275,0.317794
-0.934827,0.063515,0.917440,-0.931058,0.071438,1.013195,-0.927518,0.066961,1.117619,-0.925469,0.072153,1.212972,-0.923911,0.076683,1.308262,-0.920182,0.068351,1.444137,-0.909078,0.034929,1.537971,-0.953441,0.067732,1.385278,-1.102558,0.046686,1.369200,-1.150923,0.043801,1.093790,-1.181308,0.018357,0.858117,-0.890284,0.076768,1.384103,-0.745816,0.114328,1.358488,-0.747546,0.152613,1.081491,-0.753357,0.161054,0.842730,-1.014320,0.062978,0.921236,-1.087929,-0.020066,0.533257,-1.141515,0.012746,0.101656,-1.218479,-0.137350,0.023700,-0.855284,0.064144,0.914869,-0.821643,-0.021662,0.522013,-0.840535,0.288909,0.216393,-0.829936,0.235868,0.046676,-0.078442,-0.640024,0.297310
-0.936285,0.053259,0.921407,-0.932958,0.060263,1.017253,-0.929310,0.054895,1.121632,-0.927437,0.059275,1.217030,-0.925979,0.063028,1.312355,-0.921765,0.053716,1.448152,-0.909326,0.020136,1.541763,-0.955104,0.052220,1.389410,-1.103334,0.025426,1.373744,-1.154505,0.022211,1.098837,-1.181733,-0.009822,0.863591,-0.892348,0.063719,1.388256,-0.749477,0.107175,1.362957,-0.754308,0.147660,1.086305,-0.761426,0.154596,0.847528,-1.015720,0.050147,0.925014,-1.087684,-0.023629,0.534845,-1.142022,0.011622,0.103523,-1.218531,-0.137639,0.023514,-0.856804,0.056454,0.919024,-0.820840,-0.040871,0.529085,-0.856307,0.251100,0.207440,-0.847542,0.188087,0.041796,-0.067940,-0.631597,0.257131
-0.937535,0.043265,0.924981,-0.934588,0.049469,1.020892,-0.930749,0.043280,1.125218,-0.928972,0.046872,1.220650,-0.927528,0.049843,1.316003,-0.922719,0.039537,1.451710,-0.908951,0.005819,1.545084,-0.956146,0.037161,1.393111,-1.103282,0.004767,1.377848,-1.156953,0.001280,1.103425,-1.180595,-0.036937,0.868737,-0.893881,0.051046,1.391962,-0.752793,0.100053,1.366960,-0.760587,0.142577,1.090686,-0.769387,0.148106,0.851921,-1.016832,0.037459,0.928407,-1.087596,-0.027313,0.536443,-1.142681,0.010430,0.105420,-1.218592,-0.137959,0.023207,-0.858194,0.049147,0.922774,-0.819289,-0.059068,0.536042,-0.870624,0.210760,0.197343,-0.864732,0.136765,0.036549,-0.064020,-0.626503,0.203953
-0.938605,0.033289,0.927992,-0.935875,0.038798,1.023952,-0.931702,0.031867,1.128218,-0.929896,0.034708,1.223675,-0.928354,0.036915,1.319047,-0.922828,0.025626,1.454648,-0.907728,-0.008218,1.547770,-0.956342,0.022450,1.396179,-1.102300,-0.015174,1.381368,-1.158372,-0.019411,1.107446,-1.178662,-0.063302,0.873407,-0.894620,0.038602,1.395009,-0.755405,0.092773,1.370108,-0.766273,0.137059,1.094219,-0.777323,0.141971,0.855545,-1.017657,0.024740,0.931347,-1.087382,-0.031431,0.537862,-1.143304,0.009204,0.107217,-1.218872,-0.138130,0.022885,-0.859511,0.041911,0.925855,-0.817562,-0.075910,0.542200,-0.882463,0.168916,0.187145,-0.877360,0.083446,0.032222,-0.060526,-0.624290,0.155008
-0.939580,0.023279,0.930386,-0.936860,0.028191,1.026381,-0.932180,0.020581,1.130578,-0.930197,0.022696,1.226051,-0.928425,0.024137,1.321432,-0.922045,0.011851,1.456907,-0.905599,-0.022126,1.549752,-0.955634,0.008008,1.398531,-1.100373,-0.034332,1.384246,-1.158857,-0.040064,1.110860,-1.176132,-0.089047,0.877575,-0.894502,0.026278,1.397311,-0.757210,0.085140,1.372229,-0.771287,0.131013,1.096740,-0.785520,0.136439,0.858267,-1.018276,0.011946,0.933813,-1.086929,-0.035942,0.539045,-1.143836,0.007953,0.108843,-1.219604,-0.138017,0.022564,-0.860841,0.034678,0.928177,-0.815580,-0.091394,0.547509,-0.891588,0.125402,0.177011,-0.883978,0.027569,0.029222,-0.057407,-0.625200,0.116384
-0.940374,0.013288,0.932218,-0.937501,0.017708,1.028232,-0.932171,0.009498,1.132353,-0.929886,0.010922,1.227831,-0.927771,0.011614,1.323214,-0.920416,-0.001656,1.458546,-0.902622,-0.035754,1.551098,-0.954081,-0.006086,1.400250,-1.097515,-0.052773,1.386539,-1.158314,-0.060478,1.113707,-1.172808,-0.114041,0.881266,-0.893591,0.014183,1.398954,-0.758311,0.077347,1.373494,-0.775708,0.124532,1.098412,-0.793691,0.131260,0.860221,-1.018609,-0.000880,0.935827,-1.086350,-0.040889,0.540050,-1.144332,0.006669,0.110368,-1.220556,-0.137755,0.022228,-0.862097,0.027515,0.929829,-0.813422,-0.105523,0.552019,-0.898235,0.080384,0.166776,-0.886034,-0.030305,0.027141,-0.054714,-0.628992,0.081993
-0.940765,0.003237,0.933489,-0.937598,0.007279,1.029509,-0.931504,-0.001411,1.133548,-0.928822,-0.000583,1.229023,-0.926281,-0.000553,1.324399,-0.917865,-0.014684,1.459584,-0.898749,-0.048840,1.551851,-0.951626,-0.019702,1.401378,-1.093674,-0.070582,1.388274,-1.156569,-0.080470,1.115985,-1.168857,-0.138209,0.884410,-0.891817,0.002487,1.399975,-0.758656,0.069794,1.374028,-0.779658,0.117592,1.099312,-0.801056,0.126067,0.861441,-1.018414,-0.013781,0.937385,-1.085702,-0.046717,0.540859,-1.144768,0.005360,0.111870,-1.221237,-0.137567,0.021933,-0.863070,0.020312,0.930815,-0.811898,-0.117968,0.555191,-0.902085,0.035389,0.156988,-0.883725,-0.086952,0.026048,-0.046447,-0.634494,0.050805
-0.940614,-0.006783,0.934147,-0.937004,-0.003012,1.030162,-0.930029,-0.012068,1.134115,-0.926857,-0.011752,1.229578,-0.923818,-0.012311,1.324938,-0.914279,-0.027196,1.459968,-0.893879,-0.061354,1.551960,-0.948161,-0.032793,1.401864,-1.088755,-0.087738,1.389382,-1.153559,-0.100078,1.117649,-1.164386,-0.161691,0.886988,-0.889065,-0.008758,1.400339,-0.758150,0.062621,1.373833,-0.783300,0.110040,1.099415,-0.807424,0.120794,0.861903,-1.017535,-0.026707,0.938442,-1.085146,-0.053649,0.541492,-1.145133,0.004041,0.113360,-1.221394,-0.137551,0.021705,-0.863642,0.013192,0.931074,-0.810801,-0.128226,0.556774,-0.902750,-0.009728,0.147587,-0.876486,-0.142298,0.025729,-0.029805,-0.639424,0.024136
-0.940060,-0.016863,0.934244,-0.935866,-0.013249,1.030242,-0.927895,-0.022550,1.134103,-0.924137,-0.022654,1.229546,-0.920518,-0.023713,1.324882,-0.909769,-0.039229,1.459750,-0.888114,-0.073327,1.551477,-0.943795,-0.045406,1.401760,-1.082852,-0.104261,1.389932,-1.149347,-0.119263,1.118746,-1.159290,-0.184346,0.889018,-0.885451,-0.019605,1.400081,-0.756887,0.055687,1.372906,-0.786472,0.102029,1.098745,-0.812986,0.115507,0.861630,-1.016128,-0.039708,0.939043,-1.084522,-0.061463,0.541929,-1.145438,0.002698,0.114828,-1.221280,-0.137608,0.021518,-0.863930,0.006032,0.930666,-0.810339,-0.136801,0.557019,-0.900617,-0.054821,0.138634,-0.864881,-0.196416,0.026397,-0.007590,-0.646064,0.000669
-0.939288,-0.027348,0.933938,-0.934431,-0.023754,1.029904,-0.925386,-0.033111,1.133671,-0.920957,-0.033456,1.229084,-0.916670,-0.034827,1.324387,-0.904600,-0.050682,1.459103,-0.881700,-0.084587,1.550598,-0.938803,-0.057552,1.401269,-1.076195,-0.120305,1.390153,-1.143942,-0.137732,1.119410,-1.153423,-0.205674,0.890488,-0.881254,-0.030037,1.399347,-0.755098,0.048958,1.371364,-0.788808,0.093992,1.097443,-0.817531,0.110027,0.860735,-1.014431,-0.052988,0.939323,-1.083411,-0.069942,0.542085,-1.145696,0.001294,0.116320,-1.221166,-0.137667,0.021352,-0.864076,-0.001659,0.929775,-0.811939,-0.144871,0.556137,-0.896534,-0.097933,0.130864,-0.850798,-0.246301,0.028762,0.017800,-0.660095,-0.024574
-0.938477,-0.038329,0.933231,-0.932846,-0.034617,1.029149,-0.922621,-0.043838,1.132817,-0.917406,-0.044237,1.228190,-0.912335,-0.045717,1.323454,-0.898791,-0.061602,1.458027,-0.874666,-0.095193,1.549325,-0.933237,-0.069305,1.400398,-1.068823,-0.135992,1.390039,-1.137178,-0.155328,1.119568,-1.146600,-0.225485,0.891297,-0.876521,-0.040130,1.398128,-0.752809,0.042330,1.369205,-0.790213,0.085946,1.095532,-0.820926,0.104328,0.859242,-1.012625,-0.066588,0.939299,-1.081702,-0.078868,0.541904,-1.145850,-0.000056,0.117753,-1.221146,-0.137706,0.021238,-0.864248,-0.010020,0.928385,-0.817079,-0.152574,0.553908,-0.889977,-0.139077,0.124487,-0.833940,-0.291775,0.034172,0.043802,-0.684175,-0.054627
-0.937449,-0.049715,0.932121,-0.930964,-0.045747,1.027977,-0.919480,-0.054644,1.131543,-0.913394,-0.054919,1.226866,-0.907452,-0.056317,1.322083,-0.892322,-0.071941,1.456521,-0.866984,-0.105087,1.547657,-0.927046,-0.080590,1.399141,-1.060697,-0.151199,1.389596,-1.129220,-0.172208,1.119294,-1.139007,-0.243969,0.891545,-0.871204,-0.049810,1.396433,-0.749994,0.035908,1.366430,-0.790783,0.077874,1.092990,-0.823306,0.098437,0.857127,-1.010527,-0.080466,0.938954,-1.079505,-0.088459,0.541442,-1.145957,-0.001466,0.119210,-1.221125,-0.137746,0.021143,-0.864278,-0.018912,0.926512,-0.824283,-0.159772,0.550553,-0.881469,-0.178239,0.119294,-0.814604,-0.333016,0.041279,0.072980,-0.715646,-0.086456
-0.935862,-0.061583,0.930764,-0.928589,-0.057195,1.026545,-0.915889,-0.065528,1.130015,-0.908945,-0.065443,1.225279,-0.902130,-0.066501,1.320439,-0.885397,-0.081462,1.454758,-0.858821,-0.113924,1.545781,-0.920345,-0.091199,1.397669,-1.051926,-0.165704,1.389066,-1.120570,-0.188547,1.118952,-1.131063,-0.261192,0.891522,-0.865436,-0.058840,1.394427,-0.746806,0.029972,1.363163,-0.790439,0.070162,1.089888,-0.824858,0.092251,0.854430,-1.007828,-0.094700,0.938369,-1.076739,-0.099157,0.540781,-1.146204,-0.003319,0.120995,-1.221089,-0.137786,0.020958,-0.863796,-0.028407,0.924382,-0.830552,-0.167228,0.546952,-0.873419,-0.213418,0.115391,-0.795568,-0.367548,0.046741,0.110619,-0.752205,-0.115941
-0.933741,-0.073974,0.929198,-0.925847,-0.069014,1.024905,-0.912006,-0.076538,1.128292,-0.904219,-0.075842,1.223488,-0.896500,-0.076275,1.318583,-0.878073,-0.090124,1.452795,-0.850173,-0.121635,1.543753,-0.913176,-0.101097,1.396057,-1.042485,-0.179558,1.388552,-1.111373,-0.204423,1.118673,-1.122860,-0.277063,0.891283,-0.859270,-0.067170,1.392150,-0.743292,0.024552,1.359362,-0.789060,0.062936,1.086164,-0.825641,0.085716,0.851094,-1.004546,-0.109357,0.937503,-1.073257,-0.110611,0.539839,-1.146518,-0.005400,0.122934,-1.221032,-0.137842,0.020628,-0.862830,-0.038526,0.922116,-0.835108,-0.174702,0.543287,-0.865760,-0.243904,0.113427,-0.775934,-0.393494,0.049859,0.161462,-0.800905,-0.142749
-0.931062,-0.086846,0.927383,-0.922614,-0.081150,1.023006,-0.907672,-0.087627,1.126316,-0.899056,-0.086083,1.221434,-0.890431,-0.085633,1.316454,-0.870293,-0.097968,1.450574,-0.841043,-0.128289,1.541518,-0.905498,-0.110318,1.394232,-1.032400,-0.192710,1.387950,-1.101485,-0.219758,1.118326,-1.114305,-0.291672,0.890772,-0.852654,-0.074850,1.389561,-0.739406,0.019619,1.355067,-0.786768,0.056069,1.081879,-0.825596,0.078886,0.847175,-1.000663,-0.124370,0.936397,-1.069206,-0.123170,0.538699,-1.146972,-0.007925,0.125200,-1.220959,-0.137898,0.020207,-0.861353,-0.049248,0.919593,-0.838731,-0.182434,0.539376,-0.858561,-0.270406,0.112753,-0.756599,-0.412731,0.051334,0.220768,-0.854693,-0.167214
-0.927411,-0.100147,0.925359,-0.918316,-0.093486,1.020852,-0.902338,-0.098647,1.124075,-0.893000,-0.096006,1.219097,-0.883637,-0.094421,1.314033,-0.862096,-0.104874,1.448094,-0.831611,-0.133747,1.539100,-0.897306,-0.118751,1.392151,-1.021850,-0.204788,1.387198,-1.090977,-0.234501,1.117877,-1.105539,-0.305363,0.890109,-0.845556,-0.081802,1.386711,-0.735157,0.015364,1.350528,-0.783848,0.049562,1.077292,-0.824742,0.071817,0.842887,-0.995800,-0.139625,0.935259,-1.064945,-0.138333,0.537697,-1.147971,-0.011923,0.128609,-1.220874,-0.137904,0.019738,-0.858908,-0.060583,0.916682,-0.840757,-0.191906,0.535552,-0.854435,-0.293048,0.111521,-0.743031,-0.428415,0.049918,0.279594,-0.890113,-0.186218
-0.922655,-0.114048,0.923070,-0.912670,-0.106127,1.018369,-0.895693,-0.109626,1.121493,-0.885768,-0.105564,1.216398,-0.875916,-0.102515,1.311242,-0.853453,-0.110606,1.445304,-0.821885,-0.137706,1.536479,-0.888541,-0.126225,1.389746,-1.010835,-0.215515,1.386267,-1.079770,-0.248638,1.117309,-1.096574,-0.318079,0.889271,-0.837923,-0.087856,1.383560,-0.730564,0.012038,1.345745,-0.780281,0.043476,1.072368,-0.822932,0.064540,0.838164,-0.989824,-0.155260,0.934171,-1.060630,-0.156298,0.536792,-1.149643,-0.017194,0.133184,-1.220526,-0.138161,0.018883,-0.855360,-0.072734,0.913190,-0.840485,-0.204442,0.532015,-0.855117,-0.311376,0.109082,-0.738812,-0.440902,0.043738,0.337887,-0.900114,-0.197698
-0.916927,-0.128379,0.920572,-0.905960,-0.118968,1.015631,-0.888047,-0.120538,1.118647,-0.877643,-0.114806,1.213417,-0.867470,-0.110040,1.308159,-0.844393,-0.115400,1.442256,-0.811856,-0.140469,1.533675,-0.879263,-0.132912,1.387085,-0.999357,-0.225168,1.385184,-1.067943,-0.262183,1.116639,-1.087399,-0.329876,0.888280,-0.829809,-0.093181,1.380147,-0.725607,0.009389,1.340718,-0.776086,0.037751,1.067143,-0.820313,0.057025,0.833072,-0.982870,-0.171137,0.933050,-1.056105,-0.176866,0.536027,-1.151859,-0.023939,0.138901,-1.220165,-0.138370,0.017981,-0.850843,-0.085497,0.909310,-0.838617,-0.218718,0.528565,-0.858874,-0.325843,0.106086,-0.740360,-0.449836,0.034668,0.395701,-0.891747,-0.203718
-0.910214,-0.142575,0.918066,-0.898465,-0.131571,1.012865,-0.879786,-0.131152,1.115762,-0.869020,-0.123715,1.210378,-0.858618,-0.117219,1.304997,-0.835047,-0.119847,1.439097,-0.801678,-0.142809,1.530773,-0.869641,-0.139209,1.384329,-0.987601,-0.234205,1.383967,-1.055815,-0.275132,1.115886,-1.078113,-0.341270,0.887324,-0.821348,-0.098204,1.376638,-0.720244,0.006861,1.335686,-0.771608,0.032204,1.061975,-0.817338,0.049238,0.828028,-0.974969,-0.186733,0.931860,-1.051259,-0.200932,0.535863,-1.154634,-0.033790,0.146508,-1.220542,-0.137580,0.018088,-0.845303,-0.098271,0.905483,-0.836594,-0.232238,0.524941,-0.863116,-0.337928,0.102632,-0.742398,-0.457302,0.027089,0.444254,-0.862708,-0.207352
-0.902251,-0.156934,0.915400,-0.889915,-0.144074,1.009879,-0.870656,-0.141509,1.112625,-0.859659,-0.132269,1.207045,-0.849136,-0.123993,1.301503,-0.825220,-0.123877,1.435559,-0.791247,-0.144667,1.527527,-0.859490,-0.145034,1.381254,-0.975489,-0.242438,1.382419,-1.043538,-0.287484,1.114974,-1.068905,-0.352510,0.886420,-0.812321,-0.102883,1.372791,-0.714149,0.004439,1.330528,-0.766859,0.026983,1.056831,-0.814201,0.041137,0.823032,-0.965901,-0.202259,0.930528,-1.046861,-0.230282,0.536510,-1.158952,-0.047845,0.156850,-1.222150,-0.133736,0.019062,-0.838434,-0.111440,0.901477,-0.835554,-0.244563,0.520613,-0.867631,-0.348193,0.098186,-0.743467,-0.464077,0.022687,0.481293,-0.807505,-0.218089
-0.893302,-0.171158,0.912726,-0.880580,-0.156339,1.006865,-0.860911,-0.151569,1.109449,-0.849801,-0.140491,1.203654,-0.839248,-0.130421,1.297930,-0.815107,-0.127560,1.431909,-0.780666,-0.146101,1.524184,-0.848995,-0.150469,1.378085,-0.963100,-0.250054,1.380736,-1.030960,-0.299240,1.113977,-1.059587,-0.363347,0.885549,-0.802947,-0.107261,1.368848,-0.707646,0.002137,1.325365,-0.761828,0.021940,1.051744,-0.810708,0.032764,0.818085,-0.955886,-0.217504,0.929127,-1.042143,-0.263131,0.537759,-1.163829,-0.065005,0.169082,-1.224497,-0.128895,0.021045,-0.830541,-0.124620,0.897525,-0.834361,-0.256131,0.516111,-0.872630,-0.356075,0.093283,-0.745025,-0.469385,0.019777,0.509072,-0.731628,-0.226439
-0.884148,-0.183792,0.910705,-0.871542,-0.167514,1.004632,-0.851694,-0.160980,1.107102,-0.840566,-0.148438,1.201136,-0.829956,-0.136903,1.295249,-0.805425,-0.131701,1.429102,-0.770401,-0.148061,1.521573,-0.838880,-0.156168,1.375649,-0.950855,-0.258074,1.379516,-1.017937,-0.310406,1.113138,-1.049696,-0.373556,0.884850,-0.794019,-0.111892,1.365703,-0.701673,-0.000569,1.320800,-0.756823,0.016447,1.047183,-0.806737,0.024218,0.813600,-0.945629,-0.231322,0.927837,-1.034682,-0.295015,0.539446,-1.166328,-0.083601,0.181406,-1.226860,-0.128282,0.025524,-0.822492,-0.136051,0.894771,-0.831042,-0.265769,0.512756,-0.876167,-0.361369,0.089623,-0.746178,-0.472976,0.017674,0.525570,-0.649251,-0.207011
-0.874802,-0.194050,0.909540,-0.863226,-0.177210,1.003498,-0.843615,-0.169644,1.105956,-0.832630,-0.156227,1.199895,-0.821899,-0.143710,1.293878,-0.796648,-0.136719,1.427523,-0.760809,-0.150989,1.520026,-0.829577,-0.162477,1.374247,-0.939134,-0.266955,1.378880,-1.004473,-0.321026,1.112402,-1.039141,-0.383182,0.884260,-0.785997,-0.117089,1.363644,-0.696618,-0.004172,1.316723,-0.751803,0.010324,1.042940,-0.802202,0.015542,0.809378,-0.935188,-0.243065,0.926411,-1.023427,-0.325109,0.541465,-1.164775,-0.103189,0.193452,-1.230361,-0.133468,0.034338,-0.814263,-0.144818,0.893878,-0.824275,-0.272589,0.511222,-0.877217,-0.363198,0.087965,-0.746500,-0.474207,0.016317,0.527257,-0.553638,-0.137759
-0.865251,-0.202716,0.909027,-0.855207,-0.185815,1.003144,-0.836065,-0.177659,1.105639,-0.825317,-0.163741,1.199528,-0.814437,-0.150570,1.293399,-0.788301,-0.142195,1.426786,-0.751534,-0.154443,1.519211,-0.820654,-0.169050,1.373579,-0.927556,-0.276239,1.378706,-0.990565,-0.331057,1.111822,-1.028012,-0.392179,0.883841,-0.778422,-0.122540,1.362383,-0.692092,-0.008179,1.313243,-0.746810,0.003751,1.039223,-0.797189,0.006692,0.805617,-0.924504,-0.253381,0.925097,-1.009430,-0.354238,0.543922,-1.160842,-0.124212,0.205590,-1.233879,-0.142882,0.045647,-0.805877,-0.151836,0.894184,-0.815383,-0.277479,0.510835,-0.876804,-0.362438,0.087550,-0.746417,-0.473722,0.015767,0.517664,-0.451523,-0.040728
-0.856235,-0.210688,0.909215,-0.847283,-0.193654,1.003426,-0.828361,-0.184966,1.105912,-0.817720,-0.170685,1.199753,-0.806654,-0.157070,1.293536,-0.779684,-0.147673,1.426689,-0.741960,-0.158056,1.518962,-0.811543,-0.175501,1.373574,-0.915408,-0.285579,1.379229,-0.976067,-0.340371,1.111802,-1.016127,-0.400181,0.883917,-0.770708,-0.127861,1.361942,-0.687863,-0.011628,1.311297,-0.742278,-0.003362,1.037124,-0.791823,-0.002354,0.803333,-0.914103,-0.263066,0.924822,-0.993433,-0.380418,0.546971,-1.156618,-0.146332,0.217136,-1.233323,-0.157043,0.055424,-0.798269,-0.158095,0.894844,-0.806358,-0.281925,0.510900,-0.876045,-0.361516,0.087806,-0.746305,-0.473203,0.015535,0.505358,-0.377285,0.043342
-0.848255,-0.218062,0.910215,-0.839450,-0.200615,1.004370,-0.820229,-0.191381,1.106753,-0.809426,-0.176871,1.200542,-0.798106,-0.163083,1.294271,-0.770424,-0.153194,1.427249,-0.731699,-0.161932,1.519280,-0.801987,-0.181837,1.374295,-0.902286,-0.295093,1.380648,-0.960493,-0.348735,1.112458,-1.003211,-0.406732,0.884598,-0.762572,-0.133052,1.362474,-0.683965,-0.014091,1.311570,-0.738431,-0.011725,1.037383,-0.786124,-0.011691,0.803176,-0.904406,-0.272182,0.926116,-0.975542,-0.402657,0.550855,-1.153547,-0.169325,0.228310,-1.227203,-0.175938,0.062012,-0.792001,-0.163720,0.895550,-0.797235,-0.286695,0.511288,-0.875212,-0.361193,0.088752,-0.746287,-0.473202,0.015544,0.490138,-0.349531,0.103025
-0.840809,-0.224740,0.911916,-0.831712,-0.206809,1.005949,-0.811944,-0.197088,1.108183,-0.800849,-0.182488,1.201924,-0.789238,-0.168735,1.295621,-0.760892,-0.158717,1.428448,-0.721140,-0.165968,1.520165,-0.792241,-0.188051,1.375679,-0.888592,-0.304663,1.382763,-0.944330,-0.356382,1.113674,-0.989537,-0.412289,0.885775,-0.754297,-0.138112,1.363825,-0.680364,-0.015996,1.313375,-0.735045,-0.020629,1.039260,-0.780073,-0.021225,0.804495,-0.894992,-0.280666,0.928450,-0.955650,-0.421947,0.555331,-1.150184,-0.193415,0.238891,-1.217010,-0.199578,0.067068,-0.786511,-0.168585,0.896610,-0.787980,-0.291021,0.512127,-0.874032,-0.360707,0.090368,-0.746241,-0.473167,0.015870,0.472206,-0.349653,0.149746
-0.833143,-0.231334,0.914023,-0.823878,-0.212886,1.007938,-0.803646,-0.202577,1.110023,-0.792322,-0.187803,1.203708,-0.780465,-0.173989,1.297364,-0.751503,-0.163662,1.430029,-0.710843,-0.169483,1.521452,-0.782511,-0.193746,1.377467,-0.874817,-0.313577,1.385211,-0.928889,-0.363884,1.115495,-0.975742,-0.417853,0.887445,-0.746151,-0.142660,1.365554,-0.676725,-0.017668,1.315585,-0.731886,-0.028031,1.041632,-0.773736,-0.030698,0.806353,-0.885116,-0.289131,0.931154,-0.934178,-0.439273,0.559829,-1.144275,-0.218944,0.247532,-1.203128,-0.228518,0.071537,-0.781046,-0.173299,0.898113,-0.780479,-0.294088,0.513103,-0.872814,-0.360196,0.092021,-0.746179,-0.473122,0.016251,0.460733,-0.356211,0.177043
-0.824961,-0.238228,0.916671,-0.815884,-0.219182,1.010483,-0.795385,-0.208072,1.112427,-0.783950,-0.192920,1.206037,-0.771896,-0.178799,1.299623,-0.742313,-0.167749,1.432090,-0.700901,-0.172181,1.523256,-0.772803,-0.198722,1.379786,-0.861155,-0.321485,1.388113,-0.914815,-0.371328,1.118216,-0.962202,-0.423530,0.889854,-0.738146,-0.146507,1.367692,-0.672647,-0.019237,1.318034,-0.728810,-0.033001,1.044396,-0.767226,-0.040375,0.808694,-0.874477,-0.297992,0.934266,-0.910839,-0.455152,0.564404,-1.134848,-0.246208,0.253858,-1.184615,-0.264587,0.075901,-0.775320,-0.178221,0.900293,-0.775645,-0.295399,0.514183,-0.871622,-0.359719,0.093573,-0.746104,-0.473079,0.016609,0.459384,-0.366118,0.175424
-0.816558,-0.245037,0.919726,-0.807795,-0.225361,1.013436,-0.787111,-0.213349,1.115241,-0.775628,-0.197735,1.208770,-0.763423,-0.183211,1.302273,-0.733265,-0.171258,1.434533,-0.691221,-0.174358,1.525462,-0.763110,-0.203180,1.382510,-0.847411,-0.328738,1.391348,-0.901464,-0.378628,1.121543,-0.948540,-0.429214,0.892756,-0.730270,-0.149841,1.370208,-0.668530,-0.020572,1.320888,-0.725961,-0.036470,1.047654,-0.760429,-0.049992,0.811574,-0.863376,-0.306833,0.937748,-0.885920,-0.469068,0.569001,-1.122875,-0.274911,0.258245,-1.162413,-0.305954,0.079679,-0.769620,-0.182993,0.902916,-0.772565,-0.295450,0.515401,-0.870392,-0.359216,0.095162,-0.746014,-0.473027,0.017022,0.464495,-0.382461,0.154381
-0.808065,-0.251209,0.922490,-0.799616,-0.231069,1.016133,-0.778819,-0.218229,1.117816,-0.767377,-0.202218,1.211283,-0.755139,-0.187324,1.304725,-0.724603,-0.174448,1.436813,-0.682079,-0.176229,1.527553,-0.753611,-0.207318,1.385005,-0.833484,-0.335677,1.394194,-0.888220,-0.386095,1.124636,-0.934256,-0.435595,0.895411,-0.722746,-0.152857,1.372564,-0.665248,-0.021606,1.323516,-0.723538,-0.039193,1.050585,-0.753072,-0.058501,0.814222,-0.851963,-0.315014,0.940826,-0.860705,-0.480458,0.572882,-1.109016,-0.304503,0.260474,-1.139725,-0.347690,0.082369,-0.764051,-0.187151,0.905362,-0.770391,-0.294914,0.516548,-0.869226,-0.358654,0.096570,-0.745914,-0.472956,0.017457,0.474243,-0.393061,0.135928
-0.799562,-0.256446,0.924741,-0.791374,-0.236150,1.018375,-0.770541,-0.222630,1.119964,-0.759261,-0.206329,1.213401,-0.747164,-0.191114,1.306810,-0.716553,-0.177273,1.438781,-0.673738,-0.177722,1.529402,-0.744467,-0.211103,1.387093,-0.819445,-0.342355,1.396468,-0.875108,-0.394015,1.127346,-0.919209,-0.443225,0.897687,-0.715754,-0.155500,1.374595,-0.663217,-0.022174,1.325623,-0.721743,-0.041109,1.052824,-0.744903,-0.065517,0.816291,-0.840315,-0.322252,0.943210,-0.835355,-0.488876,0.575741,-1.093902,-0.335614,0.260235,-1.118795,-0.388379,0.083361,-0.758698,-0.190385,0.907480,-0.769110,-0.293672,0.517564,-0.868118,-0.357917,0.097699,-0.745799,-0.472844,0.017950,0.489588,-0.393409,0.129916
-0.790968,-0.261046,0.926702,-0.783042,-0.240759,1.020360,-0.762243,-0.226635,1.121874,-0.751215,-0.210108,1.215301,-0.739378,-0.194604,1.308695,-0.708888,-0.179779,1.440586,-0.665935,-0.178908,1.531137,-0.735518,-0.214570,1.388953,-0.805222,-0.348719,1.398353,-0.862103,-0.402102,1.129823,-0.903540,-0.451551,0.899716,-0.709115,-0.157824,1.376465,-0.662020,-0.022441,1.327505,-0.720374,-0.042278,1.054736,-0.736173,-0.071427,0.818129,-0.828355,-0.328830,0.945189,-0.809709,-0.494768,0.577883,-1.076903,-0.367614,0.257838,-1.097378,-0.429435,0.083266,-0.753476,-0.193006,0.909422,-0.768735,-0.291842,0.518509,-0.867075,-0.357120,0.098647,-0.745675,-0.472715,0.018464,0.509570,-0.388014,0.126495
-0.782170,-0.265351,0.928342,-0.774541,-0.245015,1.022014,-0.753824,-0.230306,1.123460,-0.743071,-0.213638,1.216894,-0.731510,-0.197977,1.310297,-0.701176,-0.182367,1.442136,-0.658147,-0.180217,1.532630,-0.726462,-0.218025,1.390491,-0.790496,-0.354965,1.399674,-0.848510,-0.409812,1.131674,-0.887173,-0.459600,0.901154,-0.702504,-0.160184,1.378133,-0.661277,-0.022834,1.329415,-0.719016,-0.043635,1.056596,-0.727360,-0.076341,0.820011,-0.816009,-0.334964,0.946865,-0.784573,-0.498907,0.579488,-1.056787,-0.398060,0.253996,-1.071953,-0.470175,0.083411,-0.748231,-0.195480,0.911027,-0.768464,-0.290450,0.519358,-0.866224,-0.356571,0.099492,-0.745564,-0.472625,0.018854,0.529490,-0.378217,0.118124
-0.773108,-0.269473,0.929644,-0.765837,-0.248911,1.023294,-0.745258,-0.233600,1.124678,-0.734807,-0.216891,1.218139,-0.723539,-0.201258,1.311582,-0.693386,-0.185182,1.443409,-0.650327,-0.181804,1.533852,-0.717291,-0.221584,1.391667,-0.775227,-0.361223,1.400354,-0.834176,-0.416935,1.132734,-0.869951,-0.467169,0.901858,-0.695926,-0.162689,1.379599,-0.661073,-0.023423,1.331469,-0.717571,-0.045441,1.058492,-0.718420,-0.080179,0.822057,-0.803156,-0.340746,0.948290,-0.760205,-0.501549,0.580636,-1.033144,-0.426513,0.248850,-1.041990,-0.512223,0.084747,-0.742966,-0.197938,0.912202,-0.768201,-0.289908,0.520106,-0.865643,-0.356405,0.100223,-0.745440,-0.472578,0.019032,0.548710,-0.366390,0.100104
-0.763842,-0.273301,0.930626,-0.756965,-0.252453,1.024242,-0.736570,-0.236561,1.125574,-0.726444,-0.219896,1.219078,-0.715485,-0.204420,1.312585,-0.685548,-0.188079,1.444427,-0.642522,-0.183514,1.534832,-0.708013,-0.225132,1.392522,-0.759454,-0.367362,1.400470,-0.819254,-0.423680,1.133169,-0.852030,-0.474462,0.901971,-0.689377,-0.165229,1.380862,-0.661324,-0.024138,1.333550,-0.716137,-0.047435,1.060336,-0.709396,-0.083023,0.824147,-0.789916,-0.346085,0.949412,-0.736346,-0.502439,0.581247,-1.006383,-0.453411,0.242259,-1.008019,-0.553955,0.086324,-0.737678,-0.200248,0.913041,-0.768041,-0.289805,0.520757,-0.865255,-0.356487,0.100849,-0.745330,-0.472572,0.019085,0.567867,-0.350161,0.077135
-0.754435,-0.276837,0.931314,-0.747954,-0.255782,1.024913,-0.727729,-0.239381,1.126199,-0.717872,-0.222825,1.219751,-0.707148,-0.207567,1.313321,-0.677326,-0.191023,1.445163,-0.634350,-0.185301,1.535527,-0.698349,-0.228632,1.393082,-0.742984,-0.373185,1.400082,-0.803509,-0.430136,1.133080,-0.833802,-0.481111,0.901572,-0.682525,-0.167841,1.381876,-0.661396,-0.025201,1.335564,-0.714592,-0.049769,1.062138,-0.700900,-0.085225,0.826199,-0.776579,-0.350919,0.950166,-0.713027,-0.501581,0.581253,-0.976505,-0.477631,0.234521,-0.968101,-0.589817,0.086624,-0.732205,-0.202482,0.913661,-0.767474,-0.289930,0.521305,-0.864953,-0.356719,0.101476,-0.745338,-0.472654,0.019130,0.584169,-0.323755,0.055781
-0.744888,-0.280123,0.931695,-0.738812,-0.258990,1.025303,-0.718736,-0.242188,1.126554,-0.709075,-0.225831,1.220162,-0.698487,-0.210869,1.313794,-0.668643,-0.194197,1.445616,-0.625730,-0.187357,1.535933,-0.688215,-0.232247,1.393352,-0.725625,-0.378840,1.399101,-0.786900,-0.436509,1.132425,-0.815399,-0.486937,0.900564,-0.675310,-0.170696,1.382651,-0.661222,-0.026823,1.337595,-0.712991,-0.052583,1.064006,-0.693026,-0.086781,0.828325,-0.763163,-0.355260,0.950502,-0.690327,-0.498718,0.580447,-0.943169,-0.499018,0.225255,-0.920724,-0.619056,0.085096,-0.726534,-0.204712,0.914084,-0.766328,-0.290330,0.521747,-0.864764,-0.357146,0.102144,-0.745577,-0.472901,0.019216,0.595508,-0.279512,0.038208
-0.735200,-0.283118,0.931783,-0.729532,-0.261984,1.025416,-0.709591,-0.244854,1.126638,-0.700070,-0.228762,1.220306,-0.689541,-0.214156,1.314001,-0.659576,-0.197417,1.445788,-0.616742,-0.189491,1.536053,-0.677695,-0.235814,1.393327,-0.707569,-0.384179,1.397617,-0.769469,-0.442592,1.131246,-0.796689,-0.492120,0.899044,-0.667793,-0.173623,1.383176,-0.660871,-0.028794,1.339559,-0.711280,-0.055736,1.065832,-0.685679,-0.087695,0.830413,-0.749650,-0.359096,0.950471,-0.668166,-0.494107,0.579036,-0.906716,-0.517726,0.214841,-0.867400,-0.642425,0.082292,-0.720677,-0.206865,0.914289,-0.764774,-0.290958,0.522084,-0.864662,-0.357724,0.102812,-0.745935,-0.473237,0.019295,0.603990,-0.225091,0.022250
-0.725430,-0.285700,0.931644,-0.720115,-0.264627,1.025313,-0.700254,-0.247189,1.126497,-0.690788,-0.231329,1.220211,-0.680224,-0.217015,1.313947,-0.650023,-0.200098,1.445656,-0.607253,-0.191082,1.535849,-0.666763,-0.238813,1.393012,-0.689192,-0.388562,1.395948,-0.751107,-0.447850,1.129779,-0.777668,-0.496829,0.897385,-0.659818,-0.176130,1.383370,-0.659909,-0.030705,1.341105,-0.709176,-0.058953,1.067303,-0.679185,-0.088340,0.832042,-0.736278,-0.362340,0.950162,-0.646333,-0.488528,0.577577,-0.868169,-0.533092,0.204724,-0.810726,-0.656620,0.078347,-0.714512,-0.208787,0.914321,-0.762809,-0.291464,0.522311,-0.864467,-0.358217,0.103462,-0.746178,-0.473479,0.019338,0.613145,-0.177700,0.007970
-0.715665,-0.287775,0.931242,-0.710632,-0.266841,1.024958,-0.690773,-0.249110,1.126092,-0.681251,-0.233435,1.219831,-0.670527,-0.219326,1.313581,-0.639935,-0.202076,1.445156,-0.597179,-0.191957,1.535238,-0.655393,-0.241084,1.392337,-0.670427,-0.391747,1.394068,-0.731592,-0.452164,1.127977,-0.758387,-0.501026,0.895577,-0.651357,-0.178080,1.383146,-0.658306,-0.032482,1.342084,-0.706690,-0.062376,1.068301,-0.673650,-0.088774,0.833069,-0.723184,-0.364880,0.949527,-0.624600,-0.482142,0.576238,-0.827720,-0.545140,0.195379,-0.750016,-0.659985,0.072750,-0.708081,-0.210399,0.914152,-0.760394,-0.291707,0.522363,-0.864130,-0.358511,0.104035,-0.746202,-0.473537,0.019320,0.623585,-0.144597,-0.005304
-0.705818,-0.289438,0.930614,-0.701012,-0.268704,1.024386,-0.681100,-0.250700,1.125462,-0.671437,-0.235177,1.219212,-0.660457,-0.221209,1.312953,-0.629360,-0.203515,1.444352,-0.586604,-0.192288,1.534303,-0.643610,-0.242786,1.391371,-0.651341,-0.393975,1.392004,-0.711147,-0.455653,1.125885,-0.738796,-0.504750,0.893630,-0.642438,-0.179611,1.382590,-0.656092,-0.034200,1.342645,-0.703812,-0.065864,1.068944,-0.668968,-0.088938,0.833638,-0.710231,-0.366828,0.948614,-0.603194,-0.474789,0.574850,-0.785175,-0.553846,0.186330,-0.685955,-0.654175,0.066012,-0.701343,-0.211780,0.913811,-0.757568,-0.291827,0.522303,-0.863701,-0.358721,0.104590,-0.746111,-0.473503,0.019268,0.634696,-0.118523,-0.016900
-0.695677,-0.290851,0.929942,-0.691048,-0.270321,1.023768,-0.671056,-0.252013,1.124772,-0.661218,-0.236555,1.218515,-0.649954,-0.222611,1.312225,-0.618341,-0.204314,1.443417,-0.575640,-0.191980,1.533249,-0.631462,-0.243877,1.390330,-0.632516,-0.395324,1.390162,-0.690335,-0.458146,1.123880,-0.718733,-0.508289,0.891950,-0.632989,-0.180648,1.381878,-0.652931,-0.035668,1.342890,-0.700226,-0.068710,1.069273,-0.665147,-0.089029,0.833756,-0.697243,-0.368423,0.947655,-0.582593,-0.466757,0.573464,-0.740979,-0.558480,0.177588,-0.623199,-0.640859,0.059811,-0.694051,-0.213013,0.913428,-0.754446,-0.291896,0.522316,-0.863138,-0.358961,0.105289,-0.745993,-0.473470,0.019227,0.648171,-0.094905,-0.024733
-0.685197,-0.292113,0.929292,-0.680704,-0.271787,1.023168,-0.660613,-0.253125,1.124089,-0.650575,-0.237614,1.217801,-0.639006,-0.223537,1.311454,-0.606878,-0.204417,1.442401,-0.564305,-0.190956,1.532130,-0.618950,-0.244341,1.389284,-0.614172,-0.395760,1.388781,-0.669172,-0.459433,1.122115,-0.698224,-0.511825,0.890775,-0.622989,-0.181185,1.381058,-0.648746,-0.036907,1.342827,-0.695804,-0.070643,1.069249,-0.662382,-0.089006,0.833315,-0.684235,-0.369778,0.946722,-0.562911,-0.457865,0.572115,-0.694698,-0.558877,0.168943,-0.562703,-0.618927,0.054197,-0.686103,-0.214185,0.913061,-0.750999,-0.291923,0.522442,-0.862416,-0.359210,0.106174,-0.745887,-0.473473,0.019221,0.663736,-0.075516,-0.024648
-0.674424,-0.293126,0.928597,-0.670015,-0.273006,1.022522,-0.649798,-0.253961,1.123346,-0.639526,-0.238309,1.217010,-0.627623,-0.223983,1.310584,-0.594970,-0.203881,1.441254,-0.552581,-0.189293,1.530894,-0.606074,-0.244194,1.388162,-0.596089,-0.395318,1.387622,-0.647640,-0.459723,1.120435,-0.677243,-0.515177,0.889868,-0.612459,-0.181228,1.380082,-0.643614,-0.037896,1.342448,-0.690676,-0.071935,1.068910,-0.660479,-0.088910,0.832424,-0.671193,-0.370780,0.945743,-0.544033,-0.448294,0.570768,-0.646765,-0.555203,0.160605,-0.503513,-0.589488,0.049119,-0.677601,-0.215208,0.912653,-0.747256,-0.291899,0.522639,-0.861561,-0.359490,0.107204,-0.745754,-0.473478,0.019228,0.681664,-0.058583,-0.020800
-0.663283,-0.293755,0.927839,-0.658877,-0.273798,1.021799,-0.638510,-0.254345,1.122514,-0.627997,-0.238503,1.216119,-0.615777,-0.223879,1.309606,-0.582655,-0.202776,1.440002,-0.540525,-0.187122,1.529585,-0.592872,-0.243440,1.386961,-0.578190,-0.394180,1.386377,-0.626257,-0.459469,1.118746,-0.655553,-0.518093,0.888923,-0.601391,-0.180708,1.378982,-0.637428,-0.038380,1.341832,-0.684916,-0.072697,1.068408,-0.658863,-0.089060,0.831418,-0.657897,-0.371341,0.944725,-0.526084,-0.438891,0.569363,-0.598915,-0.547219,0.153216,-0.447421,-0.557537,0.046104,-0.668614,-0.215907,0.912154,-0.743420,-0.291862,0.522962,-0.860611,-0.359970,0.108416,-0.745554,-0.473482,0.019223,0.704468,-0.034214,-0.023575
-0.651900,-0.294019,0.927049,-0.647367,-0.274152,1.021022,-0.626788,-0.254239,1.121603,-0.616003,-0.238142,1.215133,-0.603469,-0.223158,1.308520,-0.569924,-0.201026,1.438635,-0.528144,-0.184366,1.528201,-0.579353,-0.241993,1.385682,-0.560498,-0.392293,1.384968,-0.605109,-0.458731,1.117030,-0.632940,-0.520618,0.887893,-0.589767,-0.179529,1.377753,-0.630116,-0.038243,1.340964,-0.678650,-0.072900,1.067770,-0.657499,-0.089680,0.830333,-0.644422,-0.371481,0.943718,-0.509296,-0.429955,0.567970,-0.550633,-0.534122,0.146930,-0.394568,-0.523677,0.046107,-0.659324,-0.216296,0.911583,-0.739805,-0.291872,0.523460,-0.859660,-0.360757,0.109797,-0.745271,-0.473485,0.019194,0.733433,0.004143,-0.038952
-0.640148,-0.293900,0.926196,-0.635408,-0.274078,1.020168,-0.614592,-0.253680,1.120603,-0.603529,-0.237280,1.214048,-0.590696,-0.221888,1.307328,-0.556786,-0.198707,1.437164,-0.515432,-0.181102,1.526745,-0.565508,-0.239939,1.384324,-0.542990,-0.389711,1.383474,-0.584109,-0.457449,1.115306,-0.609619,-0.522707,0.886825,-0.577604,-0.177787,1.376400,-0.621750,-0.037602,1.339859,-0.671752,-0.072574,1.066968,-0.656422,-0.090547,0.829133,-0.630694,-0.371181,0.942674,-0.493436,-0.421186,0.566519,-0.502434,-0.516716,0.141592,-0.344813,-0.487306,0.048173,-0.649548,-0.216361,0.910921,-0.736096,-0.291870,0.524084,-0.858614,-0.361745,0.111361,-0.744922,-0.473488,0.019155,0.767274,0.049936,-0.060951
-0.627573,-0.293214,0.925162,-0.622668,-0.273434,1.019134,-0.601700,-0.252605,1.119450,-0.590449,-0.235945,1.212827,-0.577424,-0.220205,1.306024,-0.543309,-0.196113,1.435643,-0.502427,-0.177694,1.525279,-0.551357,-0.237552,1.382877,-0.525522,-0.386783,1.381823,-0.563508,-0.455905,1.113535,-0.585995,-0.523976,0.885557,-0.564955,-0.175706,1.374969,-0.612437,-0.036555,1.338637,-0.663921,-0.071920,1.066069,-0.655156,-0.091301,0.828038,-0.616273,-0.370289,0.941453,-0.477942,-0.412526,0.564738,-0.457595,-0.497175,0.137377,-0.299529,-0.451605,0.050957,-0.638817,-0.215883,0.910074,-0.731552,-0.291716,0.524735,-0.857234,-0.362789,0.113184,-0.744513,-0.473489,0.019125,0.804648,0.093410,-0.082018
-0.614063,-0.291986,0.923919,-0.609072,-0.272198,1.017887,-0.588064,-0.250970,1.118112,-0.576745,-0.234084,1.211440,-0.563657,-0.218056,1.304580,-0.529528,-0.193208,1.434055,-0.489158,-0.174133,1.523788,-0.536932,-0.234803,1.381320,-0.508132,-0.383503,1.380006,-0.543501,-0.454247,1.111781,-0.562093,-0.524389,0.884097,-0.551832,-0.173244,1.373437,-0.602091,-0.035007,1.337245,-0.655044,-0.071035,1.065048,-0.653578,-0.091971,0.827018,-0.601057,-0.368829,0.940067,-0.462821,-0.404382,0.562574,-0.416594,-0.475124,0.134843,-0.259059,-0.416486,0.054835,-0.627012,-0.214888,0.908977,-0.726299,-0.291543,0.525469,-0.855614,-0.364003,0.115274,-0.744019,-0.473487,0.019091,0.845781,0.126777,-0.099993
-0.599729,-0.290191,0.922496,-0.594695,-0.270391,1.016459,-0.573733,-0.248818,1.116620,-0.562435,-0.231750,1.209918,-0.549390,-0.215493,1.303025,-0.515407,-0.190028,1.432418,-0.475596,-0.170428,1.522285,-0.522199,-0.231721,1.379674,-0.490781,-0.379876,1.378031,-0.523893,-0.452326,1.109982,-0.537888,-0.523981,0.882437,-0.538221,-0.170443,1.371828,-0.590797,-0.033053,1.335736,-0.645234,-0.069823,1.063930,-0.651811,-0.092530,0.826103,-0.585148,-0.366778,0.938505,-0.448065,-0.396347,0.560080,-0.378954,-0.450937,0.133431,-0.223060,-0.382039,0.059431,-0.614251,-0.213350,0.907693,-0.720211,-0.291218,0.526232,-0.853659,-0.365273,0.117623,-0.743465,-0.473484,0.019066,0.890447,0.157825,-0.117035
-0.584444,-0.287569,0.920855,-0.579440,-0.267936,1.014853,-0.558628,-0.246213,1.115012,-0.547459,-0.229132,1.208322,-0.534574,-0.212811,1.301439,-0.500912,-0.186972,1.430840,-0.461693,-0.166964,1.520878,-0.507080,-0.228664,1.377996,-0.473215,-0.376266,1.375859,-0.504343,-0.449990,1.107915,-0.513710,-0.522479,0.880383,-0.524133,-0.167652,1.370251,-0.578916,-0.031079,1.334384,-0.634529,-0.068202,1.062859,-0.649742,-0.092531,0.825607,-0.568411,-0.363923,0.936602,-0.433091,-0.387136,0.557146,-0.346516,-0.427913,0.131633,-0.191876,-0.351716,0.062277,-0.600418,-0.210966,0.906317,-0.712168,-0.290205,0.526758,-0.850857,-0.366104,0.120284,-0.742942,-0.473486,0.019116,0.936627,0.200161,-0.132071
-0.568047,-0.284090,0.918978,-0.563178,-0.264877,1.013069,-0.542640,-0.243252,1.113307,-0.531726,-0.226352,1.206682,-0.519134,-0.210145,1.299860,-0.485980,-0.184178,1.429370,-0.447390,-0.163869,1.519612,-0.491515,-0.225762,1.376310,-0.455345,-0.372810,1.373473,-0.484885,-0.447222,1.105529,-0.489671,-0.519789,0.877887,-0.509505,-0.164994,1.368730,-0.566448,-0.029200,1.333239,-0.622784,-0.066115,1.061829,-0.647507,-0.091875,0.825617,-0.550712,-0.360254,0.934288,-0.417835,-0.375814,0.553646,-0.320088,-0.406699,0.129197,-0.165770,-0.326569,0.062846,-0.585320,-0.207683,0.904881,-0.702051,-0.288588,0.527170,-0.847201,-0.366451,0.123316,-0.742540,-0.473494,0.019189,0.986467,0.262608,-0.143952
-0.550699,-0.279784,0.916883,-0.546038,-0.261169,1.011106,-0.525879,-0.239838,1.111486,-0.515326,-0.223287,1.204967,-0.503144,-0.207359,1.298250,-0.470674,-0.181508,1.427959,-0.432746,-0.161014,1.518441,-0.475564,-0.222886,1.374592,-0.437259,-0.369370,1.370889,-0.465484,-0.444037,1.102876,-0.465658,-0.516005,0.874998,-0.494398,-0.162347,1.367241,-0.553392,-0.027299,1.332252,-0.610143,-0.063618,1.060845,-0.644970,-0.090661,0.826045,-0.532185,-0.355781,0.931633,-0.402361,-0.363316,0.549706,-0.298863,-0.386646,0.126374,-0.144478,-0.305547,0.061664,-0.569151,-0.203553,0.903351,-0.689979,-0.286283,0.527347,-0.842697,-0.366359,0.126659,-0.742169,-0.473507,0.019338,1.037820,0.336343,-0.153827
-0.532759,-0.274480,0.914588,-0.528312,-0.256594,1.008962,-0.508589,-0.235755,1.109528,-0.498468,-0.219759,1.203150,-0.486786,-0.204338,1.296578,-0.455145,-0.178947,1.426576,-0.417897,-0.158398,1.517326,-0.459322,-0.219999,1.372820,-0.418965,-0.365899,1.368106,-0.445699,-0.440331,1.099884,-0.441665,-0.511136,0.871667,-0.479005,-0.159694,1.365826,-0.540108,-0.025412,1.331551,-0.597072,-0.060803,1.060068,-0.641609,-0.088751,0.826939,-0.513088,-0.350308,0.928682,-0.386277,-0.351163,0.545596,-0.282259,-0.369108,0.122419,-0.127554,-0.288947,0.057843,-0.552367,-0.198429,0.901718,-0.675187,-0.282511,0.526658,-0.836846,-0.365469,0.130184,-0.741654,-0.473530,0.019782,1.082229,0.408504,-0.164070
-0.514092,-0.267945,0.911805,-0.509812,-0.250958,1.006349,-0.490587,-0.230870,1.107160,-0.481003,-0.215699,1.200971,-0.469969,-0.201084,1.294601,-0.439417,-0.176599,1.425023,-0.402871,-0.156163,1.516083,-0.442772,-0.217189,1.370771,-0.400625,-0.362578,1.365057,-0.425430,-0.436151,1.096420,-0.417620,-0.505146,0.867750,-0.463314,-0.157113,1.364293,-0.526579,-0.023576,1.331036,-0.583477,-0.057628,1.059370,-0.637313,-0.085954,0.828290,-0.493337,-0.343631,0.925106,-0.369023,-0.339560,0.541173,-0.270991,-0.354425,0.116464,-0.115802,-0.277354,0.049598,-0.534782,-0.192046,0.899732,-0.657528,-0.277595,0.524844,-0.829817,-0.364151,0.133701,-0.741572,-0.473823,0.020102,1.122815,0.486565,-0.190729
-0.494832,-0.260413,0.908822,-0.490725,-0.244454,1.003554,-0.472057,-0.225315,1.104655,-0.463079,-0.211174,1.198689,-0.452782,-0.197596,1.292561,-0.423467,-0.174360,1.423498,-0.387638,-0.154167,1.514896,-0.425932,-0.214369,1.368669,-0.382077,-0.359226,1.361808,-0.404777,-0.431450,1.092618,-0.393595,-0.498071,0.863392,-0.447336,-0.154525,1.362833,-0.512822,-0.021752,1.330807,-0.569451,-0.054135,1.058878,-0.632192,-0.082460,0.830108,-0.473017,-0.335955,0.921234,-0.351159,-0.328302,0.536581,-0.264344,-0.342256,0.109376,-0.108417,-0.270183,0.038715,-0.516583,-0.184668,0.897643,-0.637151,-0.271211,0.522166,-0.821442,-0.362036,0.137400,-0.741346,-0.474127,0.020718,1.156456,0.563053,-0.217756
-0.475745,-0.252416,0.906525,-0.471909,-0.237451,1.001432,-0.453791,-0.219267,1.102812,-0.445351,-0.206212,1.197055,-0.435672,-0.193754,1.291152,-0.407384,-0.171901,1.422558,-0.372245,-0.151982,1.514285,-0.408955,-0.211242,1.367166,-0.362841,-0.355248,1.358556,-0.383594,-0.425983,1.088808,-0.369796,-0.490022,0.858979,-0.431299,-0.151683,1.362066,-0.499240,-0.019864,1.331294,-0.555738,-0.050535,1.059138,-0.626054,-0.078695,0.832470,-0.452640,-0.327695,0.918098,-0.333968,-0.318292,0.532522,-0.259594,-0.332932,0.103016,-0.102543,-0.265976,0.029657,-0.498788,-0.176945,0.896187,-0.613732,-0.261605,0.518779,-0.810716,-0.357652,0.141724,-0.739068,-0.473662,0.023108,1.165326,0.602680,-0.199374
-0.456861,-0.243841,0.905090,-0.453485,-0.229819,1.000156,-0.435941,-0.212619,1.101804,-0.427970,-0.200751,1.196240,-0.418761,-0.189561,1.290536,-0.391220,-0.169332,1.422353,-0.356773,-0.149725,1.514407,-0.391871,-0.207880,1.366426,-0.342555,-0.350527,1.354869,-0.361599,-0.419887,1.084634,-0.346030,-0.481116,0.854149,-0.415241,-0.148654,1.362205,-0.486012,-0.018086,1.332568,-0.542654,-0.046761,1.060229,-0.619041,-0.074482,0.835419,-0.432163,-0.318722,0.915907,-0.317814,-0.310201,0.529023,-0.256337,-0.327130,0.097680,-0.097322,-0.265376,0.024133,-0.481506,-0.168776,0.895506,-0.586119,-0.247686,0.514041,-0.796909,-0.349890,0.146356,-0.734358,-0.472720,0.027754,1.133561,0.577848,-0.090224
-0.438148,-0.234801,0.904340,-0.435332,-0.221687,0.999552,-0.418356,-0.205479,1.101458,-0.410786,-0.194852,1.196072,-0.401926,-0.185014,1.290551,-0.374923,-0.166542,1.422734,-0.341140,-0.147280,1.515105,-0.374650,-0.204211,1.366285,-0.321582,-0.345181,1.351177,-0.339074,-0.413026,1.080453,-0.322491,-0.471236,0.849265,-0.399124,-0.145370,1.363036,-0.472959,-0.016243,1.334558,-0.529883,-0.042880,1.062071,-0.611010,-0.069997,0.838912,-0.411628,-0.309165,0.914451,-0.302332,-0.303358,0.526057,-0.254978,-0.324172,0.093073,-0.093611,-0.267739,0.020433,-0.464628,-0.160262,0.895458,-0.555465,-0.230546,0.508595,-0.780751,-0.339860,0.151613,-0.727597,-0.471011,0.034174,1.077025,0.516156,0.064336
-0.420279,-0.226174,0.904630,-0.417937,-0.213811,0.999960,-0.401368,-0.198341,1.102053,-0.393995,-0.188725,1.196798,-0.385247,-0.179984,1.291403,-0.358430,-0.162866,1.423816,-0.325139,-0.143870,1.516423,-0.357354,-0.199732,1.366901,-0.300530,-0.338967,1.348971,-0.316717,-0.404748,1.077668,-0.299959,-0.460135,0.845800,-0.383053,-0.141374,1.364546,-0.459953,-0.013740,1.337486,-0.517219,-0.039314,1.064964,-0.601349,-0.066204,0.842897,-0.391682,-0.299829,0.914130,-0.287715,-0.296655,0.524241,-0.254011,-0.322357,0.090164,-0.091121,-0.269686,0.017897,-0.448846,-0.152352,0.896358,-0.524914,-0.211700,0.504532,-0.763438,-0.329421,0.158889,-0.718014,-0.466883,0.042397,1.025488,0.465119,0.174002
-0.403611,-0.218513,0.906393,-0.401614,-0.206679,1.001801,-0.385200,-0.191549,1.103974,-0.377709,-0.182561,1.198776,-0.368702,-0.174492,1.293420,-0.341514,-0.158060,1.425850,-0.308434,-0.139224,1.518567,-0.339876,-0.194258,1.368544,-0.279579,-0.331883,1.349195,-0.294721,-0.394421,1.077092,-0.279044,-0.447390,0.844586,-0.366929,-0.136483,1.366932,-0.446679,-0.010190,1.341809,-0.504247,-0.036570,1.069430,-0.589525,-0.064050,0.847804,-0.372505,-0.291169,0.915413,-0.273722,-0.289393,0.524132,-0.253149,-0.321423,0.089755,-0.090161,-0.269952,0.016654,-0.434694,-0.145701,0.898603,-0.495140,-0.191160,0.502593,-0.745606,-0.318973,0.169403,-0.706580,-0.460935,0.054358,0.989806,0.444861,0.190576
-0.387787,-0.211264,0.909197,-0.386050,-0.199803,1.004653,-0.369630,-0.184760,1.106836,-0.361816,-0.176169,1.201646,-0.352312,-0.168517,1.296273,-0.324402,-0.152367,1.428584,-0.291362,-0.133613,1.521332,-0.322323,-0.187974,1.370943,-0.258549,-0.323932,1.350904,-0.272893,-0.382676,1.077913,-0.259137,-0.433424,0.844791,-0.350852,-0.130880,1.369996,-0.433452,-0.005979,1.347069,-0.491382,-0.034141,1.074947,-0.576071,-0.062586,0.853205,-0.353915,-0.282730,0.917830,-0.260595,-0.282271,0.525172,-0.252679,-0.321631,0.091045,-0.090421,-0.269800,0.016574,-0.421640,-0.139656,0.901796,-0.465470,-0.168914,0.502038,-0.726617,-0.308116,0.181935,-0.692324,-0.452568,0.068123,0.959123,0.435258,0.162257
-0.372408,-0.203648,0.912097,-0.370796,-0.192475,1.007589,-0.354331,-0.177447,1.109764,-0.346190,-0.169178,1.204573,-0.336221,-0.161868,1.299179,-0.307704,-0.145861,1.431376,-0.274733,-0.127081,1.524141,-0.305081,-0.180919,1.373446,-0.237504,-0.314878,1.352748,-0.251354,-0.370750,1.079096,-0.239199,-0.419267,0.845404,-0.335218,-0.124656,1.373131,-0.421088,-0.001673,1.352118,-0.479666,-0.030914,1.080247,-0.561962,-0.059935,0.857763,-0.336019,-0.273954,0.920371,-0.249248,-0.276276,0.526306,-0.251957,-0.322063,0.092599,-0.090691,-0.269638,0.016609,-0.408779,-0.133207,0.905056,-0.437024,-0.146445,0.502732,-0.705754,-0.297506,0.194215,-0.671561,-0.438340,0.077912,0.930650,0.423456,0.143329
-0.357286,-0.195235,0.914820,-0.355650,-0.184294,1.010339,-0.339144,-0.169284,1.112512,-0.330738,-0.161334,1.207325,-0.320424,-0.154369,1.301920,-0.291575,-0.138463,1.434059,-0.258758,-0.119540,1.526850,-0.288188,-0.173010,1.375888,-0.216167,-0.304427,1.354292,-0.230057,-0.359120,1.080388,-0.218937,-0.405223,0.846157,-0.320143,-0.117781,1.376213,-0.410046,0.002459,1.356620,-0.469892,-0.026124,1.084963,-0.547474,-0.055194,0.860869,-0.318857,-0.264503,0.922752,-0.240395,-0.272142,0.527125,-0.250723,-0.322506,0.093916,-0.090555,-0.269595,0.016404,-0.395697,-0.125829,0.908120,-0.410107,-0.124085,0.504772,-0.683163,-0.288194,0.206828,-0.641410,-0.416262,0.081159,0.905935,0.396104,0.159667
-0.342609,-0.186454,0.917639,-0.340815,-0.175661,1.013173,-0.324227,-0.160597,1.115325,-0.315551,-0.152892,1.210134,-0.304927,-0.146197,1.304714,-0.275861,-0.130251,1.436800,-0.243226,-0.111078,1.529605,-0.271606,-0.164330,1.378433,-0.194814,-0.292874,1.355972,-0.209048,-0.347308,1.082043,-0.198643,-0.390987,0.847317,-0.305511,-0.110286,1.379366,-0.399867,0.006687,1.360911,-0.461266,-0.020538,1.089463,-0.532331,-0.049265,0.863133,-0.302388,-0.254715,0.925256,-0.233324,-0.269136,0.528037,-0.249236,-0.323172,0.095499,-0.090428,-0.269542,0.016314,-0.382810,-0.118049,0.911252,-0.384415,-0.101502,0.508061,-0.658697,-0.279129,0.219188,-0.604751,-0.388324,0.080430,0.883430,0.366553,0.185398
-0.328539,-0.177815,0.920433,-0.326443,-0.167070,1.015965,-0.309730,-0.151835,1.118070,-0.300782,-0.144248,1.212863,-0.289887,-0.137689,1.307422,-0.260714,-0.121527,1.439456,-0.228318,-0.101998,1.532270,-0.255603,-0.155177,1.380918,-0.174343,-0.280871,1.357737,-0.188594,-0.335124,1.083783,-0.178153,-0.376672,0.848671,-0.291375,-0.102346,1.382352,-0.389990,0.011259,1.364847,-0.452454,-0.015348,1.093575,-0.516690,-0.042975,0.865050,-0.286590,-0.245047,0.927728,-0.226812,-0.266052,0.529211,-0.247633,-0.323782,0.097414,-0.090341,-0.269490,0.016352,-0.370464,-0.110434,0.914366,-0.360156,-0.079181,0.512180,-0.631191,-0.267810,0.227265,-0.566545,-0.357052,0.077644,0.855698,0.362000,0.197189
-0.315254,-0.169604,0.923287,-0.312609,-0.158723,1.018786,-0.295684,-0.143143,1.120803,-0.286451,-0.135505,1.215565,-0.275345,-0.128920,1.310097,-0.246225,-0.112356,1.442095,-0.214159,-0.092361,1.534923,-0.240303,-0.145597,1.383386,-0.155110,-0.268573,1.359681,-0.168688,-0.322533,1.085636,-0.157290,-0.362489,0.850280,-0.277803,-0.093993,1.385179,-0.380322,0.016206,1.368423,-0.443077,-0.011150,1.097290,-0.500491,-0.036378,0.866744,-0.271589,-0.235772,0.930248,-0.220524,-0.262587,0.530851,-0.245892,-0.324327,0.099834,-0.090322,-0.269442,0.016594,-0.358884,-0.103282,0.917551,-0.337775,-0.057120,0.517210,-0.599726,-0.253723,0.229096,-0.528338,-0.322617,0.072674,0.815149,0.402840,0.183601
-0.302576,-0.161535,0.926115,-0.299239,-0.150418,1.021565,-0.282056,-0.134376,1.123467,-0.272537,-0.126560,1.218186,-0.261260,-0.119815,1.312688,-0.232303,-0.102673,1.444649,-0.200624,-0.082107,1.537486,-0.225582,-0.135543,1.385793,-0.136758,-0.255825,1.361712,-0.149335,-0.309569,1.087575,-0.136231,-0.348226,0.852083,-0.264726,-0.085196,1.387839,-0.370956,0.021497,1.371644,-0.433514,-0.007348,1.100618,-0.483792,-0.029421,0.868091,-0.257259,-0.226618,0.932737,-0.214795,-0.259044,0.532754,-0.244034,-0.324815,0.102588,-0.090342,-0.269395,0.016965,-0.347846,-0.096296,0.920718,-0.316826,-0.035320,0.523071,-0.565222,-0.237382,0.226642,-0.488583,-0.284849,0.065647,0.769374,0.468679,0.156075
-0.290141,-0.153266,0.928540,-0.286268,-0.142045,1.023962,-0.268902,-0.125555,1.125762,-0.259127,-0.117506,1.220435,-0.247675,-0.110489,1.314895,-0.218831,-0.092580,1.446777,-0.187515,-0.071352,1.539588,-0.211332,-0.125166,1.387843,-0.119107,-0.242808,1.363502,-0.130814,-0.296150,1.089246,-0.115349,-0.333359,0.853685,-0.251996,-0.076042,1.390070,-0.361603,0.027290,1.374378,-0.423557,-0.003349,1.103418,-0.466923,-0.022767,0.869208,-0.243206,-0.217229,0.934798,-0.209412,-0.255137,0.534478,-0.242257,-0.324999,0.105225,-0.090356,-0.269358,0.017251,-0.337020,-0.089148,0.923509,-0.296189,-0.014276,0.529099,-0.529268,-0.217824,0.221763,-0.447594,-0.245749,0.058855,0.733699,0.525533,0.125595
-0.277823,-0.144701,0.930477,-0.273757,-0.133651,1.025911,-0.256368,-0.116791,1.127648,-0.246403,-0.108478,1.222279,-0.234763,-0.101065,1.316685,-0.205919,-0.082152,1.448424,-0.174916,-0.060147,1.541157,-0.197635,-0.114573,1.389515,-0.102211,-0.229615,1.365040,-0.113490,-0.282103,1.090602,-0.094847,-0.317700,0.855034,-0.239670,-0.066612,1.391841,-0.352229,0.033599,1.376649,-0.412917,0.000896,1.105657,-0.449388,-0.016927,0.870167,-0.229286,-0.207495,0.936334,-0.204254,-0.250732,0.535901,-0.240521,-0.324892,0.107647,-0.090349,-0.269329,0.017351,-0.326307,-0.081756,0.925846,-0.275390,0.006064,0.535314,-0.492058,-0.194853,0.214631,-0.405439,-0.206402,0.053007,0.716841,0.560639,0.094252
-0.265748,-0.135935,0.932011,-0.261645,-0.125189,1.027478,-0.244308,-0.107973,1.129165,-0.234184,-0.099340,1.223751,-0.222349,-0.091420,1.318092,-0.193456,-0.071316,1.449645,-0.162744,-0.048442,1.542266,-0.184408,-0.103656,1.390830,-0.086015,-0.216152,1.366338,-0.096997,-0.267600,1.091691,-0.074522,-0.301436,0.856181,-0.227691,-0.056825,1.393184,-0.342867,0.040409,1.378433,-0.401883,0.005338,1.107366,-0.431683,-0.011391,0.870896,-0.215643,-0.197525,0.937443,-0.199442,-0.245962,0.537146,-0.238865,-0.324479,0.109952,-0.090335,-0.269311,0.017366,-0.315805,-0.074201,0.927806,-0.254902,0.025649,0.541696,-0.453399,-0.168664,0.205073,-0.362049,-0.165725,0.047394,0.710084,0.586761,0.059956
-0.253923,-0.126915,0.933028,-0.249687,-0.116405,1.028515,-0.232337,-0.098782,1.130128,-0.222013,-0.089775,1.224657,-0.209960,-0.081295,1.318921,-0.180996,-0.059953,1.450265,-0.150547,-0.036202,1.542753,-0.171296,-0.092249,1.391552,-0.070171,-0.202317,1.367105,-0.080518,-0.253085,1.092308,-0.054139,-0.284605,0.856886,-0.215745,-0.046524,1.393926,-0.333332,0.047832,1.379531,-0.391122,0.010424,1.108502,-0.415622,-0.005285,0.871299,-0.202312,-0.187291,0.938023,-0.195121,-0.240938,0.538139,-0.237607,-0.323470,0.111988,-0.090315,-0.269310,0.017388,-0.305488,-0.066399,0.929260,-0.235017,0.043827,0.547531,-0.414308,-0.138883,0.194421,-0.317528,-0.122475,0.042185,0.702613,0.608210,0.027428
-0.242336,-0.117606,0.933499,-0.237745,-0.107211,1.028981,-0.220270,-0.089113,1.130490,-0.209694,-0.079681,1.224949,-0.197422,-0.070616,1.319132,-0.168433,-0.048041,1.450264,-0.138226,-0.023418,1.542603,-0.158233,-0.080311,1.391645,-0.054678,-0.188157,1.367385,-0.063675,-0.238752,1.092512,-0.033430,-0.267205,0.857179,-0.203764,-0.035658,1.394022,-0.323537,0.055959,1.379794,-0.380814,0.016295,1.108975,-0.401848,0.001682,0.871316,-0.189269,-0.176744,0.938019,-0.191577,-0.235694,0.538861,-0.236921,-0.321632,0.113662,-0.090277,-0.269322,0.017445,-0.295351,-0.058333,0.930206,-0.215660,0.060397,0.552815,-0.375332,-0.104769,0.182423,-0.271676,-0.075911,0.036963,0.689900,0.623476,-0.000615
-0.231000,-0.108043,0.933452,-0.225956,-0.097696,1.028917,-0.208292,-0.079071,1.130298,-0.197423,-0.069159,1.224677,-0.184908,-0.059457,1.318765,-0.155872,-0.035604,1.449663,-0.125881,-0.010099,1.541832,-0.145284,-0.067881,1.391145,-0.039537,-0.173626,1.367134,-0.046844,-0.224406,1.092244,-0.012663,-0.249238,0.857030,-0.191816,-0.024279,1.393517,-0.313567,0.064699,1.379371,-0.370779,0.022810,1.108873,-0.389717,0.009219,0.871007,-0.176538,-0.165933,0.937485,-0.188525,-0.230196,0.539330,-0.236632,-0.319197,0.115066,-0.090232,-0.269353,0.017509,-0.285399,-0.050018,0.930646,-0.196906,0.075560,0.557550,-0.335925,-0.067063,0.169331,-0.224693,-0.026774,0.032144,0.676474,0.634070,-0.026890
-0.219954,-0.098269,0.932856,-0.214489,-0.087869,1.028292,-0.196581,-0.068648,1.129518,-0.185335,-0.058189,1.223792,-0.172457,-0.047793,1.317755,-0.143178,-0.022592,1.448343,-0.113351,0.003761,1.540327,-0.132287,-0.054914,1.389930,-0.024411,-0.158469,1.365929,-0.030341,-0.209898,1.091124,0.007600,-0.230743,0.856095,-0.179790,-0.012382,1.392373,-0.303491,0.073889,1.378506,-0.361144,0.030003,1.108419,-0.379118,0.017329,0.870452,-0.164226,-0.154980,0.936483,-0.185257,-0.224452,0.539533,-0.236527,-0.316567,0.116321,-0.090213,-0.269429,0.017585,-0.275611,-0.041423,0.930454,-0.179273,0.089266,0.561032,-0.295461,-0.027614,0.157231,-0.177278,0.023948,0.029147,0.665101,0.648832,-0.054829
-0.209341,-0.088374,0.931632,-0.203506,-0.077784,1.027025,-0.185277,-0.057860,1.128056,-0.173525,-0.046760,1.222192,-0.160102,-0.035582,1.315986,-0.130284,-0.008924,1.446157,-0.100557,0.018255,1.537933,-0.119179,-0.041347,1.387856,-0.009201,-0.142615,1.363578,-0.014267,-0.195247,1.088984,0.027225,-0.211609,0.854226,-0.167653,0.000060,1.390487,-0.293372,0.083451,1.377235,-0.351954,0.037956,1.107605,-0.370345,0.026001,0.869627,-0.152462,-0.143949,0.934957,-0.181605,-0.218511,0.539425,-0.236666,-0.313764,0.117383,-0.090248,-0.269591,0.017677,-0.266143,-0.032660,0.929531,-0.162955,0.101308,0.563069,-0.253129,0.013881,0.146218,-0.129162,0.077483,0.027696,0.653892,0.668876,-0.087219
-0.199018,-0.078268,0.929858,-0.192846,-0.067388,1.025198,-0.174239,-0.046692,1.126004,-0.161897,-0.034883,1.219979,-0.147809,-0.022866,1.313573,-0.117257,0.005318,1.443253,-0.087579,0.033290,1.534805,-0.106023,-0.027242,1.385066,0.005993,-0.126137,1.360273,0.001480,-0.180434,1.085992,0.046345,-0.191947,0.851571,-0.155438,0.013021,1.387962,-0.283147,0.093464,1.375522,-0.343164,0.046586,1.106439,-0.363103,0.035247,0.868558,-0.141117,-0.132775,0.932962,-0.177737,-0.212324,0.539051,-0.236989,-0.310766,0.118295,-0.090309,-0.269799,0.017780,-0.256839,-0.023617,0.927976,-0.147757,0.111893,0.563852,-0.209741,0.057119,0.136196,-0.080614,0.132604,0.028067,0.644737,0.693089,-0.121273
-0.188605,-0.067723,0.927738,-0.182193,-0.056533,1.023026,-0.163222,-0.035089,1.123609,-0.150294,-0.022581,1.217417,-0.135519,-0.009738,1.310796,-0.104165,0.019935,1.439955,-0.074502,0.048592,1.531301,-0.092846,-0.012741,1.381863,0.021217,-0.109003,1.356163,0.016895,-0.165244,1.082275,0.064799,-0.172133,0.848246,-0.143126,0.026422,1.385069,-0.272692,0.103996,1.373507,-0.334762,0.055681,1.105160,-0.356390,0.045092,0.867395,-0.129906,-0.121382,0.930729,-0.173454,-0.205761,0.538524,-0.237102,-0.307909,0.119310,-0.090346,-0.269955,0.017898,-0.247221,-0.013915,0.925967,-0.133619,0.121590,0.563246,-0.167106,0.099336,0.128964,-0.033140,0.184647,0.032503,0.646068,0.726976,-0.152066
-0.178115,-0.056985,0.925294,-0.171594,-0.045468,1.020536,-0.152242,-0.023289,1.120886,-0.138687,-0.010063,1.214503,-0.123136,0.003633,1.307631,-0.090808,0.034824,1.436181,-0.061085,0.064054,1.527327,-0.079480,0.002063,1.378159,0.036814,-0.090918,1.350783,0.031966,-0.149787,1.077476,0.082635,-0.152204,0.843950,-0.130544,0.040159,1.381763,-0.261839,0.114901,1.371206,-0.326950,0.065046,1.103887,-0.350083,0.055670,0.866217,-0.118920,-0.110104,0.928314,-0.169076,-0.198989,0.537890,-0.237079,-0.305264,0.120359,-0.090323,-0.270013,0.018081,-0.237230,-0.003716,0.923494,-0.121002,0.130210,0.560967,-0.124779,0.141083,0.125884,0.014182,0.232994,0.043362,0.666818,0.773547,-0.180224
-0.167535,-0.045809,0.922504,-0.161003,-0.033944,1.017702,-0.141284,-0.011055,1.117820,-0.127105,0.002881,1.211241,-0.110755,0.017416,1.304102,-0.077385,0.050088,1.432014,-0.047569,0.079782,1.522978,-0.066092,0.017263,1.374043,0.052440,-0.072178,1.344598,0.046706,-0.133953,1.071951,0.099805,-0.132123,0.838983,-0.117865,0.054337,1.378089,-0.250756,0.126326,1.368602,-0.319526,0.074875,1.102502,-0.344305,0.066848,0.864946,-0.108068,-0.098608,0.925661,-0.164284,-0.191840,0.537104,-0.236846,-0.302760,0.121511,-0.090276,-0.270019,0.018277,-0.226925,0.007140,0.920567,-0.109445,0.137944,0.557298,-0.083206,0.181809,0.125594,0.060431,0.278263,0.058288,0.698053,0.829791,-0.205120
-0.156437,-0.033227,0.919495,-0.149965,-0.021063,1.014660,-0.130050,0.002380,1.114613,-0.115473,0.016858,1.207894,-0.098595,0.032028,1.300566,-0.064569,0.065828,1.428022,-0.034762,0.095825,1.518890,-0.053210,0.032998,1.370076,0.067102,-0.053639,1.339147,0.061152,-0.117199,1.066900,0.116007,-0.112154,0.834356,-0.105584,0.069190,1.374454,-0.239822,0.138778,1.365790,-0.311866,0.085537,1.100892,-0.338418,0.078257,0.863502,-0.096801,-0.085818,0.922824,-0.157919,-0.183679,0.536144,-0.235781,-0.300525,0.123224,-0.090266,-0.270012,0.018334,-0.215999,0.019516,0.917388,-0.097496,0.145934,0.552952,-0.045529,0.217096,0.125805,0.101346,0.317648,0.072448,0.721415,0.892183,-0.219943
-0.144751,-0.018790,0.916098,-0.138342,-0.006434,1.011244,-0.118421,0.017339,1.111122,-0.103725,0.032121,1.204341,-0.086678,0.047641,1.296930,-0.052537,0.082096,1.424193,-0.022867,0.112206,1.515070,-0.040961,0.049339,1.366238,0.080444,-0.035661,1.334846,0.075450,-0.099160,1.062558,0.131170,-0.092285,0.830231,-0.093813,0.084815,1.370797,-0.229097,0.152436,1.362623,-0.303883,0.097045,1.098935,-0.332312,0.089859,0.861744,-0.085011,-0.071262,0.919552,-0.150026,-0.174622,0.534948,-0.233962,-0.299055,0.125453,-0.090333,-0.269998,0.018164,-0.204419,0.033834,0.913863,-0.084771,0.153988,0.547766,-0.012425,0.245637,0.126701,0.135756,0.350271,0.086206,0.723728,0.962708,-0.220679
-0.132547,-0.002948,0.912482,-0.126273,0.009552,1.007619,-0.106516,0.033499,1.107489,-0.091926,0.048416,1.200704,-0.074982,0.064082,1.293288,-0.041112,0.098840,1.420539,-0.011681,0.128903,1.511511,-0.029217,0.066216,1.362549,0.092822,-0.017884,1.331278,0.089453,-0.080201,1.058689,0.145364,-0.072528,0.826446,-0.082440,0.101115,1.367180,-0.218520,0.167121,1.359248,-0.295664,0.109385,1.096754,-0.326097,0.101691,0.859813,-0.072807,-0.055411,0.916097,-0.140561,-0.164552,0.533578,-0.231311,-0.297853,0.128244,-0.090436,-0.269971,0.017853,-0.192219,0.049672,0.910086,-0.071654,0.162300,0.541903,0.016782,0.268739,0.128097,0.164834,0.377010,0.099198,0.718167,1.039381,-0.211342
-0.119609,0.013923,0.909288,-0.113720,0.026610,1.004422,-0.094403,0.050650,1.104351,-0.080206,0.065593,1.197617,-0.063657,0.081245,1.290267,-0.030430,0.116007,1.417676,-0.001406,0.145892,1.508834,-0.018123,0.083550,1.359639,0.104306,-0.000084,1.328736,0.102761,-0.060871,1.055790,0.158499,-0.053194,0.823525,-0.071623,0.118031,1.364190,-0.208287,0.182803,1.356198,-0.286846,0.122892,1.094602,-0.319470,0.113497,0.858047,-0.059958,-0.038613,0.913261,-0.128230,-0.152485,0.532198,-0.226973,-0.295551,0.132196,-0.090522,-0.269952,0.017511,-0.179195,0.066620,0.906536,-0.057848,0.172590,0.536564,0.040980,0.285902,0.127159,0.187827,0.397692,0.105511,0.725890,1.112713,-0.197154
-0.105553,0.031761,0.906616,-0.100432,0.044792,1.001743,-0.081943,0.068878,1.101814,-0.068523,0.083741,1.195203,-0.052745,0.099194,1.288017,-0.020624,0.133591,1.415800,0.007759,0.163153,1.507261,-0.007792,0.101331,1.357694,0.114804,0.017734,1.327338,0.115276,-0.041138,1.053985,0.170440,-0.034331,0.821559,-0.061461,0.135587,1.361969,-0.198506,0.199526,1.353614,-0.277274,0.137627,1.092531,-0.312294,0.125102,0.856462,-0.046149,-0.020986,0.911303,-0.112688,-0.138052,0.530801,-0.221110,-0.292027,0.137579,-0.089895,-0.269552,0.016990,-0.164899,0.084676,0.903151,-0.042794,0.185823,0.532044,0.058855,0.294718,0.121898,0.202821,0.410810,0.101565,0.767065,1.187465,-0.186836
-0.090762,0.050627,0.904367,-0.086660,0.064046,0.999491,-0.069275,0.088097,1.099770,-0.056918,0.102770,1.193339,-0.042204,0.117864,1.286389,-0.011562,0.151599,1.414715,0.016012,0.180706,1.506570,0.001889,0.119569,1.356528,0.124408,0.035577,1.326966,0.127095,-0.021035,1.053149,0.181322,-0.015890,0.820457,-0.051854,0.153760,1.360377,-0.189068,0.217247,1.351355,-0.267104,0.153529,1.090490,-0.304705,0.136680,0.855042,-0.031696,-0.002410,0.909965,-0.094281,-0.121621,0.529394,-0.213559,-0.287401,0.144123,-0.089249,-0.269160,0.016438,-0.149778,0.103842,0.899993,-0.027050,0.201034,0.528048,0.071720,0.297596,0.114303,0.211731,0.417872,0.090939,0.821524,1.258877,-0.171667
-0.076169,0.070330,0.902884,-0.073109,0.083940,0.998023,-0.056883,0.107847,1.098532,-0.045644,0.122259,1.192284,-0.032061,0.136956,1.285571,-0.002990,0.169999,1.414445,0.023752,0.198593,1.506708,0.011107,0.138226,1.356205,0.133461,0.053685,1.327558,0.138101,-0.001213,1.053400,0.191463,0.001965,0.820473,-0.042667,0.172416,1.359573,-0.179846,0.235803,1.349532,-0.256432,0.170737,1.088579,-0.296803,0.148505,0.854086,-0.017322,0.017128,0.909273,-0.072754,-0.103308,0.528160,-0.202982,-0.280677,0.151611,-0.090610,-0.269964,0.016393,-0.134977,0.123712,0.897722,-0.011989,0.217052,0.524895,0.082405,0.301258,0.107498,0.219552,0.423227,0.078447,0.849919,1.303177,-0.130714
-0.061993,0.091162,0.902295,-0.059982,0.104640,0.997479,-0.044967,0.128234,1.098244,-0.034900,0.142280,1.192178,-0.022520,0.156534,1.285694,0.004874,0.188867,1.415105,0.030768,0.216858,1.507790,0.019654,0.157409,1.356849,0.141698,0.072091,1.329244,0.148182,0.017994,1.054956,0.201066,0.018995,0.821902,-0.034095,0.191680,1.359671,-0.170945,0.255467,1.348030,-0.245389,0.189562,1.086661,-0.288708,0.160330,0.853578,-0.003177,0.037992,0.909251,-0.047462,-0.083425,0.527048,-0.188463,-0.271489,0.159615,-0.097246,-0.273813,0.015782,-0.120782,0.144509,0.896569,0.001933,0.233635,0.522634,0.091800,0.308779,0.102426,0.228396,0.428011,0.064028,0.824246,1.305641,-0.034009
-0.048016,0.112830,0.902473,-0.047077,0.125981,0.997718,-0.033329,0.149152,1.098761,-0.024489,0.162761,1.192882,-0.013378,0.176535,1.286628,0.012248,0.208126,1.416581,0.037271,0.235456,1.509701,0.027739,0.177010,1.358337,0.149384,0.090763,1.331895,0.157450,0.036920,1.057599,0.209929,0.035440,0.824450,-0.025942,0.211429,1.360559,-0.162261,0.275966,1.346965,-0.233844,0.209694,1.084873,-0.280300,0.172401,0.853534,0.010889,0.059818,0.909875,-0.019050,-0.061659,0.526110,-0.170917,-0.260201,0.168563,-0.105888,-0.278858,0.015680,-0.106905,0.166010,0.896304,0.015171,0.251025,0.521216,0.099015,0.317084,0.098146,0.236151,0.431089,0.047744,0.772510,1.280993,0.088482
-0.034510,0.134259,0.903379,-0.034497,0.147029,0.998684,-0.021855,0.169824,1.099963,-0.014070,0.183067,1.194236,-0.004052,0.196469,1.288167,0.020038,0.227520,1.418554,0.044290,0.254293,1.512044,0.036169,0.196658,1.360362,0.157662,0.109852,1.335052,0.166123,0.055909,1.060796,0.217760,0.051852,0.827494,-0.017481,0.231158,1.362054,-0.153345,0.296318,1.346794,-0.221509,0.230347,1.083731,-0.271319,0.185720,0.854293,0.024612,0.081539,0.911094,0.010795,-0.037192,0.525679,-0.151746,-0.246905,0.179532,-0.108749,-0.280742,0.019849,-0.093629,0.187140,0.896897,0.027723,0.268772,0.520812,0.104199,0.323673,0.094959,0.241469,0.433412,0.034594,0.739384,1.249639,0.167787
-0.021717,0.155091,0.905144,-0.022399,0.167486,1.000499,-0.010596,0.190039,1.101937,-0.003576,0.203068,1.196305,0.005656,0.216296,1.290346,0.028623,0.247145,1.420991,0.052297,0.273519,1.514746,0.045265,0.216364,1.362929,0.167023,0.129610,1.338726,0.173876,0.075237,1.064525,0.224088,0.068478,0.830979,-0.008420,0.250838,1.364218,-0.144004,0.316343,1.347890,-0.207746,0.251597,1.083468,-0.261390,0.200433,0.856301,0.037811,0.102858,0.913018,0.042674,-0.009257,0.525810,-0.131201,-0.231935,0.194111,-0.102689,-0.279471,0.031801,-0.081250,0.207482,0.898501,0.040192,0.287778,0.522056,0.106856,0.327338,0.093303,0.243103,0.435138,0.026846,0.754937,1.211375,0.157099
-0.009394,0.175684,0.907637,-0.010625,0.187650,1.003040,0.000498,0.210008,1.104596,0.006925,0.222895,1.199023,0.015548,0.236056,1.293129,0.037624,0.266903,1.423925,0.060822,0.292985,1.517879,0.054706,0.236117,1.366035,0.176975,0.149783,1.342907,0.181034,0.094629,1.068807,0.229385,0.085072,0.834960,0.000949,0.270498,1.366990,-0.134431,0.336222,1.349879,-0.193193,0.273368,1.083852,-0.250889,0.216393,0.859114,0.050667,0.124072,0.915538,0.075986,0.021381,0.526447,-0.109031,-0.214955,0.210711,-0.090847,-0.275038,0.048026,-0.069472,0.227452,0.900964,0.051974,0.307142,0.524314,0.107483,0.329288,0.092740,0.242299,0.436108,0.022232,0.789099,1.166404,0.103226
0.002903,0.196039,0.910419,0.001194,0.207483,1.005877,0.011691,0.229592,1.107553,0.017566,0.242304,1.202037,0.025610,0.255388,1.296202,0.046811,0.286247,1.427136,0.069485,0.312142,1.521267,0.064346,0.255511,1.369358,0.187192,0.169762,1.347109,0.188785,0.113600,1.073175,0.234775,0.101447,0.838976,0.010478,0.289729,1.370005,-0.124764,0.355517,1.352097,-0.179469,0.294647,1.084694,-0.240686,0.234166,0.861736,0.063460,0.144997,0.918269,0.107236,0.053242,0.527755,-0.085885,-0.195047,0.225638,-0.074857,-0.263073,0.061760,-0.057677,0.247233,0.903798,0.061251,0.323712,0.525863,0.107720,0.330644,0.092266,0.241451,0.436802,0.018943,0.796331,1.135743,0.077620
0.015508,0.216382,0.913468,0.013343,0.227033,1.009004,0.023213,0.248706,1.110835,0.028519,0.261124,1.205391,0.035951,0.274058,1.299627,0.056192,0.304896,1.430717,0.078208,0.330745,1.525016,0.074246,0.274347,1.372922,0.197743,0.189391,1.351263,0.197595,0.131803,1.077624,0.240459,0.117455,0.842970,0.020207,0.308295,1.373268,-0.114958,0.373945,1.354334,-0.167229,0.315025,1.085986,-0.231482,0.254338,0.863872,0.076425,0.165736,0.921144,0.135046,0.086321,0.529792,-0.062206,-0.171873,0.238466,-0.055616,-0.241596,0.071039,-0.045438,0.267169,0.907027,0.066695,0.335942,0.525792,0.108040,0.331584,0.091443,0.241343,0.437295,0.016600,0.743741,1.135296,0.121026
0.028089,0.236487,0.916806,0.025537,0.246253,1.012427,0.034834,0.267436,1.114415,0.039611,0.279526,1.209041,0.046463,0.292299,1.303342,0.065759,0.323132,1.434575,0.087069,0.349041,1.529019,0.084344,0.292823,1.376705,0.208559,0.208825,1.355439,0.206998,0.149585,1.082158,0.246237,0.133245,0.847000,0.030097,0.326431,1.376775,-0.105057,0.391789,1.356799,-0.155818,0.334911,1.087737,-0.222575,0.276323,0.865817,0.089328,0.186187,0.924230,0.160794,0.120624,0.532501,-0.037550,-0.145769,0.249620,-0.032226,-0.212586,0.077827,-0.033183,0.286914,0.910626,0.069633,0.345377,0.525012,0.107972,0.331931,0.090708,0.241189,0.437511,0.015583,0.664221,1.149159,0.192698
0.040095,0.255677,0.920070,0.037301,0.264960,1.015737,0.046126,0.285889,1.117820,0.050461,0.297786,1.212494,0.056807,0.310447,1.306846,0.075258,0.341249,1.438209,0.095926,0.367215,1.532781,0.094310,0.311132,1.380317,0.219101,0.227910,1.359360,0.216776,0.167507,1.086333,0.252626,0.149072,0.850775,0.039877,0.344434,1.380148,-0.095329,0.409461,1.359456,-0.144890,0.354520,1.089779,-0.212732,0.298922,0.867472,0.101742,0.205862,0.927352,0.185112,0.154685,0.535863,-0.011244,-0.116832,0.256686,-0.003625,-0.177615,0.081252,-0.021587,0.305612,0.914039,0.072224,0.353505,0.524525,0.107737,0.332272,0.090376,0.241023,0.437700,0.015213,0.610912,1.150633,0.241854
0.051128,0.273412,0.923277,0.048357,0.282954,1.018918,0.056888,0.304064,1.120990,0.060918,0.316012,1.215671,0.066866,0.328649,1.310054,0.084620,0.359366,1.441534,0.104734,0.385338,1.536224,0.104026,0.329320,1.383724,0.229117,0.246485,1.363008,0.227100,0.185769,1.090044,0.259957,0.164930,0.854255,0.049465,0.362405,1.383359,-0.085881,0.427077,1.362477,-0.134556,0.373873,1.092283,-0.201461,0.321908,0.868844,0.113323,0.224296,0.930614,0.208266,0.187819,0.540145,0.016976,-0.085081,0.258478,0.031520,-0.136436,0.080171,-0.011101,0.322653,0.917186,0.075050,0.360403,0.524791,0.107308,0.332823,0.090682,0.240828,0.437957,0.015522,0.608728,1.123564,0.248348
0.061586,0.290232,0.926409,0.058981,0.300435,1.021986,0.067321,0.321962,1.123986,0.071132,0.334095,1.218652,0.076757,0.346759,1.313051,0.093915,0.377366,1.444635,0.113538,0.403339,1.539427,0.113610,0.347341,1.386961,0.238860,0.264712,1.366402,0.237800,0.204171,1.093395,0.267899,0.180827,0.857481,0.058944,0.380243,1.386435,-0.076607,0.444522,1.365690,-0.124706,0.392948,1.095080,-0.189252,0.345507,0.869925,0.124417,0.241954,0.933912,0.229990,0.220712,0.545082,0.046846,-0.050496,0.256181,0.071876,-0.089295,0.075727,-0.001273,0.338647,0.920146,0.077529,0.365994,0.525350,0.106714,0.333368,0.091390,0.240621,0.438187,0.016479,0.632755,1.084107,0.232326
0.072118,0.307080,0.929058,0.069529,0.317823,1.024578,0.077601,0.339706,1.126523,0.081171,0.351990,1.221179,0.086487,0.364672,1.315592,0.103102,0.395190,1.447266,0.122326,0.421190,1.542133,0.123083,0.365243,1.389740,0.248554,0.282921,1.369323,0.248144,0.222670,1.096251,0.275975,0.197033,0.860283,0.068298,0.397937,1.389075,-0.067450,0.461868,1.368551,-0.114660,0.411896,1.097492,-0.176340,0.369203,0.870586,0.135632,0.259741,0.936752,0.250127,0.253962,0.549856,0.078256,-0.013106,0.250940,0.114511,-0.038500,0.070467,0.008575,0.354564,0.922597,0.080073,0.371525,0.525821,0.106263,0.333846,0.092105,0.240483,0.438350,0.017315,0.661397,1.054031,0.203441
0.082926,0.324243,0.931093,0.080066,0.335191,1.026582,0.087718,0.357253,1.128520,0.090985,0.369589,1.223181,0.095995,0.382265,1.317612,0.112122,0.412745,1.449356,0.131070,0.438818,1.544259,0.132408,0.382987,1.391997,0.258228,0.301158,1.371739,0.257691,0.241293,1.098583,0.283935,0.213574,0.862659,0.077471,0.415430,1.391216,-0.058435,0.479130,1.371008,-0.104044,0.430557,1.099422,-0.162597,0.392602,0.870865,0.147177,0.277946,0.938981,0.268653,0.288040,0.554319,0.111551,0.026980,0.242518,0.159298,0.015399,0.064872,0.018643,0.370684,0.924432,0.082766,0.377389,0.526080,0.106051,0.334232,0.092699,0.240447,0.438416,0.017777,0.691359,1.043437,0.158291
0.093808,0.341433,0.932644,0.090527,0.352465,1.028110,0.097683,0.374646,1.130059,0.100623,0.386999,1.224728,0.105341,0.399662,1.319176,0.121034,0.430125,1.450976,0.139799,0.456297,1.545888,0.141623,0.400613,1.393796,0.267854,0.319377,1.373682,0.266881,0.260013,1.100420,0.292028,0.230426,0.864612,0.086518,0.432779,1.392922,-0.049537,0.496294,1.373114,-0.093231,0.449090,1.100968,-0.148150,0.416096,0.870723,0.158845,0.296281,0.940751,0.285591,0.322475,0.558618,0.146385,0.069872,0.231152,0.206364,0.072953,0.058462,0.028732,0.386728,0.925758,0.085523,0.383194,0.526251,0.105982,0.334551,0.093300,0.240480,0.438415,0.018116,0.725935,1.042225,0.100279
0.104798,0.358739,0.933695,0.101061,0.369843,1.029135,0.107696,0.392130,1.131096,0.110298,0.404486,1.225774,0.114718,0.417122,1.320240,0.129970,0.447551,1.452100,0.148580,0.473816,1.547016,0.150864,0.418286,1.395042,0.277569,0.337765,1.375036,0.276305,0.278700,1.101711,0.300528,0.247788,0.865977,0.095583,0.450152,1.394082,-0.040634,0.513390,1.374481,-0.082667,0.468126,1.101751,-0.133613,0.440349,0.869921,0.170621,0.314785,0.942037,0.300848,0.356445,0.562383,0.181611,0.115867,0.218696,0.253157,0.133501,0.052348,0.038927,0.402834,0.926569,0.088501,0.389015,0.526322,0.106084,0.334812,0.093905,0.240564,0.438405,0.018318,0.753410,1.041866,0.049260
0.115960,0.376165,0.934272,0.111732,0.387362,1.029680,0.117805,0.409751,1.131653,0.120042,0.422090,1.226343,0.124140,0.434664,1.320831,0.138914,0.465000,1.452766,0.157384,0.491324,1.547693,0.160127,0.435982,1.395732,0.287409,0.356373,1.375769,0.286254,0.297255,1.102455,0.309667,0.265749,0.866711,0.104655,0.467509,1.394693,-0.031756,0.530292,1.374990,-0.072636,0.487971,1.101628,-0.119291,0.465665,0.868320,0.182572,0.333479,0.942888,0.314211,0.389951,0.565627,0.217441,0.165141,0.205124,0.299777,0.196923,0.046479,0.049295,0.418993,0.926871,0.091790,0.394882,0.526288,0.106407,0.335010,0.094511,0.240731,0.438400,0.018333,0.769540,1.036491,0.015022
0.127231,0.393707,0.934349,0.122477,0.404986,1.029722,0.127963,0.427462,1.131709,0.129822,0.439772,1.226410,0.133594,0.452271,1.320922,0.147883,0.482495,1.452936,0.166241,0.508874,1.547870,0.169416,0.453725,1.395869,0.297338,0.375151,1.375913,0.296435,0.315777,1.102653,0.319212,0.284220,0.866856,0.113744,0.484888,1.394757,-0.022872,0.547127,1.374760,-0.062853,0.508319,1.100743,-0.104879,0.491738,0.866060,0.194632,0.352342,0.943254,0.325893,0.422994,0.568336,0.253662,0.217519,0.190462,0.346125,0.263339,0.040906,0.059769,0.435214,0.926659,0.095300,0.400764,0.526153,0.106901,0.335152,0.095122,0.240948,0.438386,0.018209,0.778567,1.031971,-0.012222
0.138449,0.411439,0.933821,0.133264,0.422796,1.029164,0.138231,0.445377,1.131156,0.139756,0.457686,1.225863,0.143227,0.470148,1.320392,0.157054,0.500324,1.452466,0.175309,0.526809,1.547390,0.178880,0.471757,1.395372,0.307391,0.394138,1.375450,0.306558,0.334429,1.102264,0.328737,0.303142,0.866378,0.123021,0.502578,1.394176,-0.013763,0.564308,1.373763,-0.052902,0.528880,1.099154,-0.090081,0.518309,0.863318,0.206595,0.371355,0.942952,0.336440,0.454744,0.570099,0.288487,0.272778,0.176646,0.389349,0.332449,0.036896,0.070235,0.451665,0.925909,0.098910,0.406641,0.525921,0.107440,0.335270,0.095738,0.241100,0.438387,0.018074,0.781507,1.037386,-0.041986
0.149573,0.429304,0.932623,0.144100,0.440750,1.027940,0.148644,0.463479,1.129918,0.149893,0.475847,1.224622,0.153095,0.488349,1.319155,0.166483,0.518592,1.451260,0.184627,0.545267,1.546151,0.188561,0.490161,1.394164,0.317575,0.413355,1.374337,0.316497,0.353233,1.101242,0.338161,0.322540,0.865230,0.132533,0.520664,1.392858,-0.004371,0.581932,1.371874,-0.042626,0.549649,1.096756,-0.074678,0.545477,0.860003,0.218417,0.390465,0.941887,0.345778,0.485023,0.570802,0.321642,0.331268,0.163741,0.429079,0.404785,0.034575,0.080657,0.468288,0.924578,0.102487,0.412209,0.525596,0.107966,0.335328,0.096293,0.241129,0.438423,0.017978,0.778287,1.057717,-0.078765
0.160643,0.447360,0.930821,0.154978,0.458891,1.026115,0.159168,0.481784,1.128072,0.160183,0.494241,1.222767,0.163142,0.506821,1.317297,0.176115,0.537195,1.449413,0.194156,0.564111,1.544256,0.198418,0.508855,1.392323,0.327882,0.432781,1.372617,0.326377,0.372167,1.099632,0.347565,0.342389,0.863458,0.142233,0.539061,1.390895,0.005246,0.599902,1.369217,-0.032182,0.570632,1.093656,-0.058890,0.573142,0.856208,0.230142,0.409724,0.940153,0.353981,0.514011,0.570559,0.353401,0.392639,0.151681,0.465685,0.479815,0.033817,0.091073,0.485140,0.922709,0.106163,0.417771,0.525173,0.108538,0.335364,0.096854,0.241094,0.438474,0.017871,0.768979,1.087984,-0.118063
0.171622,0.465847,0.928514,0.165848,0.477429,1.023796,0.169764,0.500450,1.125735,0.170596,0.512975,1.220423,0.173355,0.525619,1.314951,0.185972,0.556103,1.447076,0.203938,0.583278,1.541860,0.208471,0.527830,1.389996,0.338324,0.452392,1.370405,0.336277,0.391327,1.097523,0.356765,0.362545,0.861166,0.152157,0.557794,1.388461,0.015140,0.618340,1.366141,-0.021626,0.591548,1.090229,-0.043072,0.600754,0.852389,0.241692,0.429277,0.937853,0.361822,0.541422,0.569303,0.382796,0.455615,0.142202,0.497430,0.555639,0.035506,0.101479,0.502563,0.920398,0.110223,0.424214,0.524647,0.109205,0.335522,0.097620,0.241054,0.438505,0.017728,0.754812,1.122329,-0.155906
0.182420,0.484810,0.925623,0.176646,0.496402,1.020904,0.180390,0.519511,1.122830,0.181105,0.532086,1.217512,0.183714,0.544782,1.312038,0.196046,0.575361,1.444168,0.213967,0.602837,1.538873,0.218716,0.547118,1.387114,0.348902,0.472211,1.367678,0.346112,0.410774,1.094888,0.365585,0.383024,0.858323,0.162304,0.576901,1.385488,0.025314,0.637296,1.362591,-0.010842,0.612175,1.086430,-0.027119,0.628227,0.848580,0.252968,0.449147,0.934882,0.369575,0.566763,0.566826,0.409791,0.521272,0.135831,0.523844,0.633123,0.040273,0.111799,0.520620,0.917586,0.114646,0.431610,0.524019,0.110004,0.335706,0.098568,0.241024,0.438495,0.017533,0.731607,1.160473,-0.194550
0.193125,0.504205,0.922227,0.187434,0.515772,1.017516,0.191087,0.538933,1.119433,0.191737,0.551537,1.214113,0.194238,0.564271,1.308636,0.206346,0.594925,1.440769,0.224248,0.622719,1.535385,0.229156,0.566688,1.383746,0.359615,0.492215,1.364460,0.355968,0.430448,1.091755,0.374202,0.403812,0.854961,0.172676,0.596344,1.382044,0.035765,0.656720,1.358621,0.000054,0.632736,1.082306,-0.011137,0.655645,0.844747,0.264069,0.469311,0.931345,0.376966,0.590529,0.563337,0.434423,0.588534,0.132041,0.545397,0.711401,0.047487,0.122109,0.539248,0.914332,0.119451,0.439887,0.523286,0.110897,0.336013,0.099721,0.240988,0.438466,0.017302,0.703544,1.202695,-0.231739
0.203969,0.524146,0.918673,0.198351,0.535639,1.013975,0.201941,0.558772,1.115900,0.202547,0.571331,1.210586,0.204968,0.584025,1.305116,0.216913,0.614631,1.437275,0.234834,0.642654,1.531820,0.239826,0.586446,1.380255,0.370470,0.512306,1.360935,0.366174,0.450261,1.088301,0.382957,0.424717,0.851281,0.183309,0.616031,1.378514,0.046532,0.676576,1.354743,0.010663,0.653627,1.078368,0.004201,0.682711,0.841251,0.275216,0.489840,0.927654,0.383942,0.613918,0.559390,0.455838,0.652905,0.130987,0.561760,0.785977,0.056141,0.132650,0.558599,0.910915,0.124983,0.449715,0.522432,0.111823,0.336881,0.101347,0.240964,0.438445,0.017063,0.684387,1.243967,-0.256733
0.215008,0.544539,0.914959,0.209420,0.555892,1.010279,0.212956,0.578911,1.112233,0.213518,0.591354,1.206934,0.215875,0.603934,1.301482,0.227705,0.634383,1.433690,0.245697,0.662529,1.528186,0.250688,0.606304,1.376644,0.381415,0.532377,1.357073,0.376937,0.469999,1.084516,0.391924,0.445616,0.847262,0.194170,0.635885,1.374890,0.057617,0.696874,1.350981,0.020650,0.674993,1.074669,0.018638,0.709470,0.838184,0.286461,0.510625,0.923829,0.390613,0.636553,0.554834,0.474470,0.714387,0.134343,0.571407,0.857635,0.067234,0.143482,0.578596,0.907313,0.131377,0.461199,0.521401,0.112760,0.338224,0.103410,0.240962,0.438459,0.016778,0.684084,1.280854,-0.265690
0.226185,0.565477,0.911086,0.220617,0.576642,1.006430,0.224128,0.599467,1.108428,0.224666,0.611721,1.203155,0.226987,0.624108,1.297731,0.238765,0.654278,1.430009,0.256865,0.682456,1.524474,0.261778,0.626350,1.372908,0.392502,0.552535,1.352904,0.388051,0.489876,1.080411,0.401030,0.466632,0.842926,0.205292,0.655984,1.371180,0.069017,0.717604,1.347312,0.030351,0.696688,1.071157,0.032431,0.735875,0.835453,0.297753,0.531775,0.919850,0.396869,0.658813,0.549821,0.489885,0.772976,0.140436,0.575864,0.925592,0.079768,0.154543,0.599317,0.903548,0.138496,0.474234,0.520250,0.113730,0.340127,0.105946,0.240970,0.438481,0.016485,0.692689,1.316790,-0.262452
0.237558,0.587352,0.907402,0.232003,0.598318,1.002770,0.235534,0.620841,1.104835,0.236092,0.632778,1.199600,0.238433,0.644811,1.294219,0.250260,0.674434,1.426613,0.268475,0.702501,1.521089,0.273245,0.646747,1.369401,0.403901,0.573012,1.348707,0.399232,0.510454,1.076198,0.410400,0.487955,0.838541,0.216805,0.676465,1.367795,0.080772,0.738706,1.344170,0.040373,0.718674,1.068195,0.045678,0.761487,0.833141,0.309157,0.553691,0.916079,0.402328,0.683034,0.545368,0.499929,0.824166,0.144401,0.579387,0.983001,0.089743,0.165885,0.621146,0.899954,0.146277,0.489182,0.519129,0.114728,0.343293,0.109334,0.240976,0.438458,0.016318,0.694120,1.357053,-0.247809
0.249265,0.610142,0.903922,0.243654,0.620957,0.999305,0.247227,0.643089,1.101455,0.247833,0.654585,1.196276,0.250252,0.666087,1.290960,0.262245,0.694861,1.423527,0.280572,0.722658,1.518062,0.285138,0.667511,1.366148,0.415658,0.593839,1.344423,0.410355,0.531809,1.071802,0.420124,0.509629,0.834044,0.228756,0.697349,1.364773,0.092906,0.760154,1.341597,0.050854,0.741060,1.065805,0.058395,0.786348,0.831222,0.320757,0.576253,0.912605,0.406190,0.710504,0.541916,0.502868,0.866274,0.144778,0.584402,1.026374,0.096933,0.177699,0.644161,0.896465,0.154716,0.505327,0.518274,0.115525,0.347401,0.113600,0.240937,0.438282,0.016267,0.677488,1.403957,-0.216139
0.261168,0.633869,0.900631,0.255494,0.644523,0.996030,0.259154,0.666156,1.098286,0.259850,0.677082,1.193177,0.262405,0.687892,1.287942,0.274664,0.715550,1.420727,0.293110,0.742933,1.515361,0.297407,0.688626,1.363122,0.427725,0.614984,1.340111,0.421544,0.553863,1.067298,0.430112,0.531609,0.829499,0.241098,0.718615,1.362076,0.105394,0.781973,1.339551,0.061657,0.763736,1.063965,0.070565,0.810415,0.829722,0.332469,0.599582,0.909339,0.409256,0.739936,0.539024,0.500437,0.900981,0.143028,0.588482,1.059201,0.101564,0.189794,0.668284,0.893147,0.163816,0.523384,0.517451,0.116350,0.352771,0.118719,0.240896,0.438060,0.016342,0.653682,1.455187,-0.173064
0.272914,0.658992,0.897839,0.267359,0.669331,0.993277,0.271235,0.690278,1.095663,0.272129,0.700443,1.190633,0.274903,0.710357,1.285486,0.287521,0.736599,1.418518,0.306096,0.763404,1.513290,0.310054,0.710206,1.360601,0.440137,0.636583,1.336230,0.432885,0.576949,1.063123,0.440221,0.553941,0.825365,0.253813,0.740330,1.359996,0.118198,0.804176,1.338347,0.072977,0.786330,1.062972,0.082245,0.833128,0.828802,0.344109,0.624441,0.906367,0.413541,0.769803,0.536388,0.495681,0.928825,0.138665,0.588609,1.085105,0.100316,0.201649,0.693668,0.890535,0.173526,0.545862,0.516105,0.117886,0.361062,0.124986,0.240955,0.438060,0.016715,0.639294,1.509070,-0.136248
0.284310,0.686124,0.895580,0.279248,0.695947,0.991097,0.283567,0.715953,1.093649,0.284818,0.725091,1.188714,0.287905,0.733820,1.283667,0.300948,0.758211,1.416999,0.319663,0.784197,1.511966,0.323183,0.732459,1.358654,0.452861,0.658505,1.333038,0.444325,0.601226,1.059478,0.450484,0.576613,0.821842,0.267020,0.762736,1.358618,0.131494,0.827157,1.338163,0.085121,0.808860,1.063009,0.093511,0.854244,0.828525,0.355551,0.651540,0.903547,0.419994,0.800297,0.533937,0.487968,0.948239,0.130180,0.581228,1.103843,0.089721,0.213009,0.720831,0.888838,0.184310,0.573367,0.514078,0.120648,0.372167,0.132576,0.241066,0.438366,0.016561,0.639815,1.580285,-0.123022
0.295549,0.714653,0.893820,0.291163,0.723806,0.989439,0.296052,0.742682,1.092182,0.297768,0.750603,1.187351,0.301251,0.757943,1.282410,0.314811,0.780183,1.416070,0.333677,0.805186,1.511272,0.336690,0.755176,1.357212,0.465928,0.680880,1.330276,0.455918,0.626535,1.056162,0.460869,0.599636,0.818731,0.280600,0.785590,1.357856,0.145105,0.850523,1.338820,0.097783,0.831307,1.063893,0.104286,0.874005,0.828828,0.366922,0.680169,0.901022,0.427666,0.831225,0.531742,0.477931,0.960790,0.119083,0.569894,1.115659,0.073247,0.224128,0.749255,0.887847,0.195703,0.605294,0.511528,0.124121,0.386193,0.141315,0.241279,0.438894,0.016704,0.649754,1.654153,-0.116054
0.306852,0.743195,0.892767,0.302942,0.751525,0.988483,0.308322,0.769212,1.091415,0.310518,0.775887,1.186673,0.314480,0.781847,1.281814,0.328708,0.802004,1.415742,0.347737,0.826067,1.511157,0.350264,0.777843,1.356345,0.479468,0.704235,1.327628,0.467909,0.652718,1.053017,0.471133,0.623091,0.815899,0.294174,0.808230,1.357742,0.158464,0.873104,1.340095,0.110235,0.853253,1.065369,0.114393,0.892584,0.829686,0.378414,0.708969,0.899300,0.435719,0.860482,0.529704,0.470514,0.971716,0.109419,0.562255,1.124909,0.057986,0.235251,0.777532,0.887466,0.206267,0.642326,0.508375,0.127452,0.405124,0.150969,0.241838,0.439662,0.019793,0.669227,1.684973,-0.081023
0.318265,0.771759,0.892530,0.314481,0.778979,0.988334,0.320224,0.795318,1.091463,0.322931,0.800638,1.186784,0.327522,0.805161,1.281967,0.342706,0.823233,1.416077,0.361923,0.846380,1.511679,0.363999,0.800133,1.356077,0.493877,0.729092,1.324547,0.480588,0.679841,1.049590,0.480988,0.646995,0.812913,0.307802,0.830249,1.358381,0.171475,0.894139,1.342054,0.122039,0.874569,1.067517,0.123457,0.909894,0.831199,0.390104,0.738044,0.898556,0.443948,0.887197,0.527514,0.468233,0.983147,0.102436,0.562335,1.132794,0.045693,0.246383,0.805571,0.887739,0.214644,0.686465,0.503964,0.129765,0.430398,0.161708,0.243015,0.437820,0.027731,0.716398,1.639396,0.017902
0.329744,0.800336,0.893000,0.325884,0.806293,0.988887,0.331910,0.821224,1.092211,0.335144,0.825161,1.187581,0.340446,0.828257,1.282781,0.356738,0.844311,1.417012,0.376154,0.866585,1.512780,0.377802,0.822373,1.356385,0.508758,0.754929,1.321579,0.493665,0.707838,1.046333,0.490723,0.671329,0.810206,0.321424,0.852054,1.359668,0.184234,0.914391,1.344630,0.133634,0.895384,1.070257,0.131853,0.926021,0.833267,0.401915,0.767290,0.898616,0.452558,0.912240,0.525480,0.468571,0.992952,0.096887,0.566110,1.138114,0.034614,0.257518,0.833463,0.888623,0.222191,0.735709,0.498950,0.131936,0.460577,0.173363,0.244538,0.436217,0.038615,0.773104,1.550771,0.144890
0.341380,0.827524,0.894062,0.337305,0.832463,0.990006,0.343474,0.846347,1.093476,0.347104,0.849277,1.188878,0.352991,0.851366,1.284083,0.370199,0.866052,1.418372,0.389794,0.887762,1.514237,0.391080,0.845028,1.357267,0.523045,0.780711,1.320046,0.506523,0.736364,1.044442,0.500961,0.696125,0.808937,0.334479,0.874201,1.361324,0.196463,0.934976,1.347401,0.145612,0.915653,1.073104,0.140531,0.941401,0.835566,0.413820,0.795033,0.899467,0.461331,0.936116,0.524427,0.468930,0.999974,0.093073,0.569155,1.141618,0.026578,0.268878,0.860080,0.889899,0.231538,0.784749,0.495219,0.135739,0.493326,0.185193,0.245842,0.443424,0.049382,0.784970,1.473436,0.226782
0.353570,0.852435,0.895718,0.349021,0.856825,0.991669,0.355080,0.870285,1.095208,0.358875,0.872847,1.190621,0.365124,0.874623,1.285817,0.382932,0.888989,1.420074,0.402669,0.910622,1.515928,0.403661,0.868442,1.358738,0.536385,0.806147,1.320622,0.518913,0.765747,1.044497,0.511765,0.721242,0.809817,0.346796,0.897051,1.363223,0.208104,0.956493,1.350194,0.158710,0.935227,1.075801,0.150054,0.955938,0.837907,0.426171,0.820313,0.901285,0.470516,0.959879,0.525185,0.468377,1.002977,0.091665,0.569771,1.142947,0.023167,0.280903,0.884613,0.891394,0.244161,0.831859,0.493180,0.142008,0.527852,0.197456,0.246605,0.461565,0.060243,0.704569,1.430445,0.214897
0.365918,0.875956,0.897966,0.360755,0.880044,0.993898,0.366563,0.893439,1.097456,0.370393,0.896009,1.192865,0.376879,0.897893,1.288039,0.395094,0.912589,1.422199,0.414951,0.934454,1.517975,0.415717,0.892272,1.360784,0.549131,0.831527,1.322634,0.531084,0.795658,1.045918,0.523071,0.746820,0.812135,0.358546,0.920243,1.365491,0.219216,0.978344,1.353180,0.172191,0.954256,1.078605,0.159858,0.969726,0.840478,0.438615,0.844090,0.903894,0.479864,0.982474,0.526923,0.467844,1.003196,0.091991,0.569656,1.142460,0.022800,0.293153,0.907870,0.893282,0.258583,0.878763,0.492423,0.149909,0.564948,0.209894,0.247148,0.488515,0.070988,0.579327,1.398746,0.157916
0.377329,0.899346,0.900688,0.371835,0.903113,0.996613,0.377520,0.916431,1.100185,0.381414,0.919011,1.195587,0.388090,0.921013,1.290742,0.406555,0.936070,1.424824,0.426520,0.958210,1.520513,0.427167,0.915951,1.363361,0.561278,0.856694,1.325390,0.543167,0.824765,1.048163,0.535317,0.773308,0.814913,0.369678,0.943244,1.368221,0.229691,0.999855,1.356456,0.184431,0.973150,1.081800,0.169199,0.983485,0.843527,0.450066,0.867581,0.906759,0.488405,1.001249,0.527967,0.467532,1.003186,0.092345,0.569483,1.141990,0.022565,0.304526,0.931154,0.895860,0.273014,0.925323,0.493606,0.158712,0.604652,0.220987,0.247867,0.526472,0.077918,0.497152,1.363515,0.128710
0.387226,0.923265,0.904031,0.381899,0.926487,0.999985,0.387722,0.939533,1.103583,0.391793,0.941973,1.198982,0.398651,0.943977,1.294123,0.417217,0.959266,1.428165,0.437310,0.981661,1.523768,0.437947,0.939361,1.366641,0.572802,0.881693,1.328853,0.555236,0.852755,1.051252,0.548819,0.800955,0.817976,0.380130,0.965919,1.371629,0.239438,1.020817,1.360209,0.194546,0.992134,1.085682,0.177745,0.997354,0.847344,0.459931,0.891381,0.909795,0.496012,1.014568,0.527423,0.467515,1.003739,0.092079,0.569441,1.142147,0.021470,0.314457,0.955187,0.899512,0.286927,0.972030,0.497327,0.167930,0.647213,0.231190,0.248369,0.578701,0.078920,0.509170,1.312294,0.169926
0.396187,0.947052,0.907847,0.391310,0.949711,1.003843,0.397397,0.962472,1.107462,0.401675,0.964774,1.202854,0.408668,0.966791,1.297986,0.427177,0.982343,1.432006,0.447387,1.005036,1.527514,0.448121,0.962620,1.370452,0.583727,0.906478,1.333062,0.567216,0.879941,1.055165,0.563259,0.829512,0.821501,0.389964,0.988404,1.375499,0.248548,1.041439,1.364250,0.203420,1.010983,1.089956,0.185827,1.011194,0.851638,0.468804,0.914894,0.913086,0.502813,1.024066,0.526185,0.467718,1.004061,0.091841,0.569340,1.142320,0.020507,0.323510,0.979247,0.903855,0.300849,1.018392,0.502986,0.178051,0.692382,0.240047,0.249046,0.641937,0.076107,0.564255,1.257542,0.238919
0.404851,0.969987,0.911573,0.400489,0.972417,1.007600,0.406826,0.985056,1.111219,0.411258,0.987290,1.206607,0.418298,0.989306,1.301735,0.436595,1.005010,1.435765,0.456820,1.027974,1.531205,0.457795,0.985525,1.374228,0.594120,0.930748,1.337433,0.579016,0.905931,1.059303,0.578123,0.858680,0.825037,0.399318,1.010568,1.379281,0.257188,1.061669,1.368112,0.212080,1.029431,1.094023,0.193691,1.025305,0.855784,0.477370,0.937547,0.916348,0.508221,1.031997,0.525258,0.468116,1.004328,0.091864,0.569286,1.142507,0.019746,0.332275,1.002464,0.908044,0.314557,1.062795,0.509447,0.189812,0.739448,0.244677,0.251481,0.708578,0.072127,0.596930,1.221814,0.280618
0.413385,0.991605,0.915156,0.409556,0.994406,1.011193,0.416079,1.007201,1.114781,0.420574,1.009469,1.210165,0.427536,1.011432,1.305300,0.445423,1.027040,1.439396,0.465507,1.050200,1.534818,0.466905,1.007938,1.377933,0.603928,0.954373,1.341967,0.590647,0.930399,1.063669,0.593516,0.888459,0.828483,0.408127,1.032263,1.382943,0.265250,1.081214,1.371809,0.220848,1.047204,1.097818,0.201327,1.039880,0.859717,0.485814,0.958927,0.919650,0.511651,1.038486,0.525026,0.468827,1.004514,0.092231,0.569338,1.142709,0.019231,0.340906,1.024327,0.911904,0.327762,1.104734,0.516675,0.203782,0.787833,0.243674,0.255472,0.776703,0.067644,0.577042,1.218172,0.268547
0.421621,1.012371,0.918649,0.418391,1.015877,1.014684,0.425085,1.028990,1.118221,0.429589,1.031364,1.213602,0.436386,1.033260,1.308751,0.453708,1.048660,1.442945,0.473550,1.071988,1.538378,0.475516,1.029996,1.381604,0.613204,0.977484,1.346664,0.602097,0.953670,1.068260,0.609331,0.918849,0.831942,0.416455,1.053638,1.386516,0.272843,1.100367,1.375326,0.229401,1.064576,1.101407,0.208745,1.054727,0.863503,0.493953,0.979446,0.922924,0.513689,1.043409,0.525106,0.469733,1.004644,0.092859,0.569437,1.142924,0.018918,0.349250,1.045348,0.915610,0.340754,1.144714,0.524703,0.219391,0.838116,0.238443,0.261219,0.848235,0.061994,0.534746,1.233553,0.229183
0.429698,1.032950,0.921642,0.427054,1.037059,1.017674,0.433910,1.050487,1.121161,0.438403,1.053007,1.216539,0.445010,1.054919,1.311700,0.461757,1.070254,1.445975,0.481329,1.093797,1.541411,0.483920,1.051913,1.384783,0.622176,1.000174,1.350947,0.613231,0.976330,1.072469,0.624734,0.949546,0.835270,0.424631,1.075011,1.389544,0.280452,1.119956,1.378153,0.237805,1.082113,1.104391,0.216215,1.069575,0.866717,0.501928,0.999772,0.925678,0.515514,1.048645,0.525347,0.470449,1.004969,0.093738,0.569514,1.143144,0.018747,0.357437,1.066185,0.918837,0.354187,1.182634,0.532495,0.235668,0.891326,0.230323,0.270909,0.921338,0.055824,0.495025,1.251321,0.186893
0.437559,1.053472,0.924057,0.435465,1.057913,1.020089,0.442472,1.071582,1.123534,0.446938,1.074275,1.218908,0.453345,1.076316,1.314081,0.469547,1.091821,1.448404,0.488827,1.115655,1.543826,0.492127,1.073638,1.387390,0.630834,1.022338,1.354754,0.623801,0.998380,1.076226,0.639275,0.980458,0.838483,0.432678,1.096372,1.391942,0.288164,1.140162,1.380177,0.245935,1.099857,1.106705,0.223742,1.084262,0.869262,0.509689,1.020049,0.927796,0.517485,1.054921,0.525783,0.470853,1.005595,0.094951,0.569539,1.143386,0.018763,0.365401,1.086955,0.921546,0.368462,1.218364,0.539968,0.252075,0.947798,0.218824,0.285526,0.995112,0.048684,0.464511,1.267781,0.149182
0.445261,1.073808,0.925972,0.443704,1.078479,1.022003,0.450853,1.092384,1.125407,0.455271,1.095292,1.220777,0.461453,1.097545,1.315960,0.477101,1.113363,1.450313,0.496061,1.137534,1.545714,0.500127,1.095222,1.389505,0.639189,1.044081,1.358146,0.634056,1.019819,1.079601,0.653404,1.011679,0.841565,0.440573,1.117731,1.393795,0.295892,1.160805,1.381510,0.253916,1.117765,1.108414,0.231321,1.098949,0.871234,0.517287,1.040133,0.929394,0.519243,1.061510,0.526381,0.471068,1.006416,0.096415,0.569542,1.143632,0.018921,0.373209,1.107542,0.923775,0.383179,1.252034,0.547204,0.269150,1.007197,0.204436,0.304086,1.070458,0.041025,0.436573,1.286629,0.108546
0.453109,1.094230,0.927216,0.452071,1.099106,1.023244,0.459365,1.113280,1.126601,0.463728,1.116460,1.221965,0.469682,1.119005,1.317155,0.484797,1.135264,1.451515,0.503460,1.159802,1.546881,0.508194,1.117022,1.390907,0.647496,1.065815,1.360732,0.644609,1.041225,1.082193,0.667631,1.043186,0.844330,0.448581,1.139433,1.394903,0.303864,1.182174,1.381984,0.262187,1.136273,1.109309,0.239202,1.113846,0.872496,0.525008,1.060260,0.930333,0.520890,1.068118,0.526887,0.471075,1.007367,0.097864,0.569542,1.143816,0.019027,0.381187,1.128258,0.925323,0.397791,1.283941,0.553410,0.287531,1.069545,0.189967,0.325817,1.148248,0.034851,0.416304,1.302312,0.066840
0.461204,1.114865,0.927727,0.460691,1.119911,1.023750,0.468150,1.134379,1.127055,0.472458,1.137894,1.222409,0.478180,1.140819,1.317602,0.492785,1.157662,1.451946,0.511182,1.182592,1.547263,0.516432,1.139136,1.391520,0.655844,1.087633,1.362353,0.655766,1.062711,1.083837,0.682084,1.075140,0.846686,0.456815,1.161593,1.395186,0.312203,1.204460,1.381513,0.270875,1.155463,1.109333,0.247535,1.128841,0.873004,0.532945,1.080536,0.930528,0.522337,1.074392,0.527228,0.470853,1.008379,0.099161,0.569531,1.143951,0.018980,0.389446,1.149255,0.926149,0.412531,1.314220,0.558540,0.307145,1.135690,0.175529,0.350729,1.230133,0.030160,0.404681,1.311355,0.024075
0.469446,1.135586,0.927566,0.469439,1.140779,1.023583,0.477065,1.155572,1.126830,0.481313,1.159478,1.222172,0.486799,1.162865,1.317364,0.500917,1.180420,1.451670,0.519069,1.205771,1.546922,0.524737,1.161467,1.391419,0.664144,1.109443,1.363169,0.667221,1.084163,1.084699,0.696635,1.107381,0.848725,0.465162,1.184096,1.394725,0.320786,1.227473,1.380183,0.279852,1.175253,1.108543,0.256170,1.144045,0.872802,0.541006,1.100856,0.930064,0.523672,1.080685,0.527478,0.470423,1.009521,0.100445,0.569518,1.144024,0.018880,0.397876,1.170381,0.926293,0.427166,1.342735,0.562640,0.328065,1.204783,0.161010,0.378812,1.314461,0.026953,0.400728,1.317233,-0.019760
0.477834,1.156280,0.926751,0.478239,1.161713,1.022753,0.485998,1.176910,1.125931,0.490174,1.181272,1.221257,0.495436,1.185178,1.316441,0.509126,1.203512,1.450687,0.527079,1.229318,1.545855,0.533060,1.184079,1.390612,0.672387,1.131372,1.363258,0.678678,1.105823,1.084863,0.711408,1.139404,0.850528,0.473553,1.206937,1.393558,0.329462,1.250932,1.378081,0.289168,1.195831,1.106904,0.264900,1.160001,0.871873,0.549198,1.121132,0.929055,0.525266,1.087757,0.527609,0.469829,1.010931,0.101868,0.569554,1.143936,0.018835,0.406467,1.191497,0.925671,0.440447,1.369376,0.565062,0.351150,1.274299,0.148885,0.409274,1.397146,0.027239,0.406604,1.324829,-0.062845
0.486417,1.176660,0.925221,0.487123,1.182546,1.021193,0.494977,1.198304,1.124278,0.499077,1.203246,1.219577,0.504146,1.207767,1.314743,0.517496,1.226984,1.448897,0.535304,1.253307,1.543950,0.541453,1.207012,1.389001,0.680608,1.153407,1.362555,0.690239,1.127741,1.084275,0.726628,1.171195,0.852131,0.482037,1.230145,1.391596,0.338258,1.274792,1.375123,0.299000,1.217307,1.104286,0.273796,1.176740,0.870145,0.557577,1.141092,0.927500,0.526999,1.095739,0.527657,0.468776,1.012739,0.103437,0.569698,1.143550,0.018966,0.415263,1.212302,0.924167,0.451428,1.393752,0.565449,0.377523,1.344867,0.139662,0.442284,1.478751,0.031615,0.428094,1.332477,-0.106820
0.495148,1.197013,0.923035,0.496058,1.203445,1.018971,0.503975,1.219842,1.121951,0.507986,1.225429,1.217218,0.512875,1.230624,1.312359,0.525944,1.250791,1.446401,0.543652,1.277663,1.541319,0.549865,1.230226,1.386683,0.688772,1.175563,1.361125,0.701802,1.149867,1.082991,0.742070,1.202769,0.853499,0.490566,1.253691,1.388929,0.347147,1.299097,1.371394,0.309171,1.239570,1.100819,0.282788,1.194231,0.867690,0.566088,1.161009,0.925400,0.528991,1.104501,0.527586,0.467559,1.014816,0.105146,0.569892,1.143003,0.019152,0.424221,1.233098,0.921897,0.461054,1.416254,0.564159,0.406061,1.415857,0.132833,0.477673,1.558713,0.039484,0.459414,1.341843,-0.150046
0.503880,1.218091,0.920391,0.504879,1.224925,1.016299,0.512793,1.241836,1.119198,0.516675,1.247971,1.214438,0.521365,1.253756,1.309557,0.534158,1.274770,1.443498,0.551794,1.302139,1.538288,0.558094,1.253665,1.383961,0.696764,1.198012,1.359253,0.712763,1.172287,1.081265,0.757177,1.233662,0.854610,0.498926,1.277487,1.385870,0.355906,1.323703,1.367230,0.319205,1.262480,1.096855,0.291465,1.212931,0.864717,0.574578,1.181620,0.922877,0.531971,1.114413,0.527266,0.467110,1.016915,0.107132,0.570004,1.142605,0.019129,0.433199,1.254648,0.919131,0.470912,1.437939,0.561615,0.434260,1.482858,0.129346,0.514131,1.631250,0.051053,0.485371,1.362799,-0.185779
0.512374,1.240056,0.917125,0.513313,1.247020,1.013025,0.521168,1.264250,1.115877,0.524902,1.270796,1.211097,0.529413,1.277079,1.306195,0.542000,1.298851,1.440036,0.559634,1.326661,1.534698,0.566038,1.277270,1.380698,0.704532,1.220832,1.356779,0.722851,1.195069,1.078930,0.771960,1.263883,0.855411,0.507021,1.301479,1.382303,0.364442,1.348575,1.362542,0.328930,1.285972,1.092321,0.299529,1.232965,0.861145,0.582800,1.203076,0.919747,0.536121,1.125170,0.526570,0.467742,1.018695,0.109157,0.569961,1.142511,0.018717,0.441959,1.277120,0.915730,0.481346,1.458804,0.557572,0.461790,1.546170,0.131150,0.553488,1.694731,0.068869,0.500106,1.404136,-0.214959
0.520871,1.262745,0.913399,0.521633,1.269695,1.009302,0.529364,1.287120,1.112131,0.532909,1.293980,1.207336,0.537221,1.300678,1.302415,0.549607,1.323104,1.436168,0.567268,1.351302,1.530710,0.573799,1.301100,1.377031,0.712129,1.243946,1.353862,0.732337,1.218145,1.076154,0.786409,1.293424,0.855955,0.514947,1.325721,1.378343,0.372848,1.373748,1.357421,0.338518,1.310111,1.087290,0.307279,1.254209,0.857055,0.591002,1.225225,0.916194,0.541260,1.137077,0.525625,0.469142,1.020498,0.111459,0.569836,1.142565,0.018097,0.450740,1.300347,0.911832,0.492012,1.478851,0.552276,0.488981,1.605493,0.136296,0.593915,1.750788,0.090386,0.509478,1.457064,-0.236648
0.529946,1.286427,0.909896,0.530479,1.293358,1.005801,0.537968,1.310866,1.108632,0.541188,1.317894,1.203836,0.545143,1.324815,1.298912,0.557077,1.347579,1.432646,0.574660,1.376041,1.527123,0.581481,1.325279,1.373666,0.719590,1.267299,1.351265,0.741438,1.241405,1.073693,0.799943,1.321795,0.856377,0.522786,1.350286,1.374640,0.381174,1.399179,1.352474,0.348008,1.334960,1.082337,0.315193,1.276746,0.852887,0.599767,1.248349,0.912898,0.547575,1.151425,0.524680,0.471304,1.023094,0.114885,0.569719,1.142617,0.017555,0.460119,1.324585,0.908122,0.503457,1.499150,0.546894,0.514313,1.655506,0.139887,0.628621,1.798536,0.108174,0.515871,1.505085,-0.241289
0.539859,1.311116,0.906726,0.540175,1.318108,1.002629,0.547291,1.335610,1.105489,0.550013,1.342649,1.200707,0.553381,1.349566,1.295806,0.564472,1.372271,1.429623,0.581812,1.400864,1.524107,0.589146,1.349835,1.370732,0.726938,1.290804,1.349170,0.750244,1.264938,1.071708,0.812555,1.348949,0.856763,0.530595,1.375184,1.371280,0.389493,1.424866,1.347687,0.357397,1.360565,1.077435,0.323391,1.300675,0.848577,0.609342,1.272442,0.909956,0.554535,1.168365,0.523893,0.473812,1.026132,0.119655,0.569632,1.142618,0.017269,0.470368,1.349871,0.904726,0.515952,1.519538,0.541493,0.537754,1.693311,0.140604,0.654313,1.837379,0.121578,0.517534,1.541946,-0.221005
0.550352,1.336798,0.903777,0.550399,1.343845,0.999678,0.557023,1.361229,1.102593,0.559109,1.368134,1.197839,0.561732,1.374854,1.292978,0.571730,1.397185,1.426948,0.588721,1.425785,1.521494,0.596731,1.374739,1.368101,0.734151,1.314548,1.347396,0.758664,1.288654,1.070038,0.824251,1.374934,0.857026,0.538315,1.400405,1.368177,0.397734,1.450811,1.343076,0.366688,1.386881,1.072611,0.331754,1.325899,0.844189,0.619481,1.297510,0.907271,0.562672,1.187746,0.523106,0.477082,1.029963,0.125549,0.569552,1.142618,0.017062,0.481215,1.376167,0.901519,0.529226,1.540177,0.536006,0.559336,1.721806,0.139767,0.674284,1.867913,0.131253,0.516219,1.573901,-0.183674
0.561229,1.363695,0.901400,0.560825,1.370683,0.997301,0.566809,1.387785,1.100299,0.568155,1.394380,1.195578,0.569952,1.400713,1.290760,0.578758,1.422384,1.424918,0.595337,1.450818,1.519585,0.604150,1.400036,1.366101,0.741199,1.338741,1.346156,0.766651,1.312186,1.068951,0.834465,1.399406,0.857040,0.545862,1.425989,1.365730,0.405732,1.476990,1.339299,0.375934,1.413831,1.068518,0.340402,1.352199,0.840367,0.630024,1.323852,0.905233,0.573765,1.210403,0.522099,0.482353,1.036416,0.132760,0.569497,1.142609,0.016690,0.492423,1.403622,0.898807,0.543014,1.562623,0.531392,0.577628,1.744369,0.136436,0.691616,1.891047,0.131734,0.519564,1.603217,-0.143382
0.572735,1.392407,0.899664,0.571507,1.399190,0.995568,0.576582,1.415774,1.098692,0.577012,1.421804,1.194010,0.577867,1.427461,1.289240,0.585374,1.448036,1.423637,0.601449,1.476042,1.518515,0.611269,1.425933,1.364802,0.747966,1.363668,1.345441,0.774164,1.335467,1.068471,0.842969,1.422313,0.856659,0.553091,1.452128,1.364036,0.413248,1.503424,1.336619,0.385120,1.441477,1.065385,0.349392,1.379570,0.837333,0.641234,1.352112,0.904037,0.588630,1.237261,0.520705,0.490196,1.045969,0.141622,0.569953,1.143231,0.015346,0.504218,1.432788,0.896538,0.557882,1.587971,0.527921,0.592002,1.760606,0.129026,0.707854,1.904955,0.117590,0.533228,1.640270,-0.106930
0.584626,1.422336,0.898500,0.582392,1.428798,0.994408,0.586410,1.444698,1.097687,0.585818,1.449990,1.193048,0.585651,1.454779,1.288330,0.591760,1.473974,1.423002,0.607267,1.501378,1.518150,0.618222,1.452223,1.364135,0.754568,1.389044,1.345261,0.781243,1.358562,1.068575,0.849991,1.443706,0.856029,0.560145,1.478630,1.362997,0.420521,1.530091,1.334773,0.394261,1.469758,1.062984,0.358668,1.408018,0.834864,0.652848,1.381646,0.903487,0.606452,1.267394,0.519092,0.500040,1.058144,0.151800,0.570433,1.143846,0.013838,0.516375,1.463113,0.894764,0.573262,1.615125,0.525323,0.603088,1.770911,0.119123,0.721454,1.911463,0.094251,0.551552,1.674683,-0.067516
0.595969,1.451910,0.898045,0.592995,1.457917,0.993968,0.596147,1.473125,1.097387,0.594668,1.477724,1.192782,0.593572,1.481748,1.288100,0.598372,1.499757,1.423000,0.613382,1.526604,1.518390,0.625328,1.478317,1.364222,0.761313,1.414219,1.345866,0.787963,1.381304,1.069457,0.855641,1.463392,0.855465,0.567366,1.504958,1.362715,0.428107,1.556898,1.333627,0.403456,1.498421,1.061277,0.368178,1.437350,0.832935,0.663925,1.410821,0.903387,0.626570,1.298857,0.517540,0.511406,1.073338,0.162480,0.569490,1.142527,0.014340,0.527975,1.493084,0.893954,0.587191,1.642355,0.523749,0.611346,1.779833,0.110545,0.730857,1.916957,0.072546,0.565204,1.677600,-0.018814
0.606339,1.480846,0.898265,0.603103,1.486232,0.994217,0.605713,1.500771,1.097750,0.603560,1.504789,1.193159,0.601661,1.508237,1.288489,0.605249,1.525407,1.423539,0.619867,1.551773,1.519124,0.632574,1.504210,1.365101,0.768178,1.439156,1.347326,0.794313,1.403482,1.071219,0.859999,1.481071,0.854944,0.574757,1.531130,1.363202,0.436170,1.584195,1.333017,0.412659,1.527698,1.060145,0.378049,1.467393,0.831460,0.674045,1.439336,0.903533,0.649670,1.330753,0.515839,0.524473,1.091801,0.173137,0.564535,1.135570,0.017361,0.538596,1.522433,0.894238,0.598769,1.670143,0.523500,0.616175,1.789242,0.104561,0.734175,1.923839,0.055253,0.570964,1.622152,0.052401
0.616161,1.509429,0.899193,0.612928,1.514058,0.995186,0.615187,1.527920,1.098818,0.612495,1.531404,1.194232,0.609887,1.534377,1.289559,0.612353,1.550902,1.424710,0.626648,1.576831,1.520462,0.639974,1.529908,1.366734,0.775186,1.463891,1.349570,0.800304,1.425306,1.073759,0.862984,1.497044,0.854488,0.582314,1.557128,1.364447,0.444546,1.611631,1.333106,0.421916,1.557357,1.059706,0.388154,1.498321,0.830526,0.683627,1.467493,0.904130,0.675065,1.363980,0.514201,0.539063,1.113284,0.184297,0.558156,1.126680,0.022393,0.548661,1.551429,0.895485,0.608895,1.698007,0.524274,0.618177,1.797269,0.099902,0.733298,1.929706,0.039594,0.572051,1.535207,0.132903
0.625775,1.536937,0.901073,0.622620,1.540756,0.997102,0.624665,1.553982,1.100822,0.621578,1.557011,1.196240,0.618425,1.559631,1.291562,0.620019,1.575729,1.426779,0.634095,1.601395,1.522635,0.647881,1.554838,1.369124,0.782720,1.487895,1.352636,0.806035,1.447238,1.076964,0.864467,1.512016,0.854479,0.590375,1.582357,1.366514,0.453290,1.638068,1.334251,0.431452,1.586456,1.060284,0.398068,1.530464,0.830363,0.692991,1.494561,0.905596,0.700037,1.399289,0.513536,0.554164,1.137437,0.196721,0.556667,1.125051,0.030092,0.558526,1.579366,0.897769,0.618304,1.722767,0.525330,0.619620,1.802864,0.096586,0.732330,1.933743,0.028053,0.568785,1.468509,0.189348
0.635264,1.563088,0.904219,0.632245,1.565958,1.000281,0.634241,1.578560,1.104079,0.630951,1.581215,1.199503,0.627480,1.583632,1.294822,0.628558,1.599593,1.430065,0.642551,1.625253,1.525935,0.656622,1.578674,1.372456,0.791175,1.510929,1.356858,0.811087,1.469681,1.081035,0.863606,1.526240,0.855025,0.599243,1.606455,1.369621,0.462541,1.662813,1.336808,0.441633,1.614597,1.062169,0.407556,1.564232,0.831122,0.702205,1.520232,0.908224,0.723857,1.438007,0.514038,0.569482,1.164105,0.212095,0.562431,1.133424,0.042654,0.568289,1.605983,0.901436,0.627510,1.743109,0.526579,0.621118,1.804897,0.094931,0.732614,1.935076,0.022586,0.559160,1.450604,0.197391
0.644543,1.588164,0.908316,0.641736,1.590032,1.004408,0.643820,1.602050,1.108273,0.640471,1.604412,1.203702,0.636848,1.606748,1.299015,0.637659,1.622790,1.434248,0.651672,1.648616,1.530071,0.665871,1.601743,1.376545,0.800155,1.533231,1.361901,0.815878,1.492231,1.085772,0.861242,1.539463,0.856018,0.608615,1.629784,1.373552,0.472161,1.686557,1.340422,0.452094,1.642178,1.065071,0.416853,1.599215,0.832652,0.711200,1.544813,0.911723,0.747253,1.478807,0.515514,0.585311,1.193444,0.228733,0.573085,1.149058,0.057883,0.577852,1.631541,0.906141,0.635998,1.760348,0.528108,0.622056,1.804498,0.094620,0.732808,1.934578,0.021237,0.545182,1.452946,0.181375
0.653703,1.612299,0.912656,0.651045,1.613445,1.008770,0.653209,1.625054,1.112680,0.649817,1.627233,1.208111,0.646082,1.629549,1.303420,0.646735,1.645695,1.438639,0.660795,1.671729,1.534398,0.675006,1.624452,1.380841,0.808864,1.554981,1.366796,0.821765,1.514142,1.090459,0.859767,1.551641,0.857519,0.617920,1.652832,1.377721,0.481791,1.710240,1.344376,0.461959,1.669451,1.068436,0.426231,1.634512,0.834734,0.720091,1.568498,0.915634,0.769694,1.518459,0.518302,0.601528,1.225573,0.242340,0.587852,1.172915,0.069844,0.587279,1.656117,0.910919,0.642964,1.775246,0.529435,0.622860,1.804006,0.094720,0.732990,1.934052,0.020633,0.533186,1.441651,0.180985
0.662676,1.635454,0.917201,0.660044,1.636293,1.013322,0.662224,1.647726,1.117253,0.658749,1.649861,1.212682,0.654894,1.652211,1.307985,0.655439,1.668435,1.443196,0.669523,1.694701,1.538888,0.683669,1.646917,1.385337,0.816833,1.576142,1.371297,0.829797,1.535029,1.094987,0.860002,1.562421,0.859641,0.626834,1.675765,1.382101,0.491212,1.734220,1.348529,0.470678,1.696511,1.072200,0.435498,1.670123,0.837362,0.728801,1.591244,0.920022,0.790890,1.555782,0.522831,0.617936,1.260546,0.251742,0.606861,1.205875,0.076422,0.596516,1.679676,0.915626,0.647758,1.787583,0.530333,0.623711,1.804093,0.095004,0.733187,1.934078,0.019829,0.519288,1.398264,0.224043
0.671530,1.657668,0.921989,0.668861,1.658480,1.018108,0.671049,1.669912,1.122039,0.667507,1.672113,1.217465,0.663572,1.674557,1.312762,0.664117,1.690883,1.447961,0.678251,1.717422,1.543571,0.692218,1.669024,1.390041,0.824529,1.596751,1.375649,0.838924,1.555276,1.099465,0.861126,1.572155,0.862271,0.635681,1.698418,1.386719,0.500643,1.758138,1.353024,0.478802,1.723263,1.076427,0.444845,1.706047,0.840541,0.737407,1.613093,0.924824,0.811131,1.591956,0.528671,0.634732,1.298309,0.258113,0.629982,1.247057,0.079732,0.605617,1.702255,0.920405,0.651029,1.797578,0.531028,0.624428,1.804087,0.095699,0.733371,1.934077,0.019769,0.507372,1.341240,0.282727
0.680544,1.679191,0.926436,0.677825,1.680191,1.022550,0.680045,1.691744,1.126465,0.676484,1.694074,1.221887,0.672542,1.696633,1.317181,0.673211,1.713040,1.452369,0.687510,1.739806,1.547890,0.701107,1.690833,1.394428,0.832558,1.617094,1.379617,0.847351,1.575283,1.103513,0.863071,1.581860,0.865137,0.644872,1.720784,1.391075,0.510394,1.781853,1.357570,0.487111,1.749674,1.080766,0.455121,1.741384,0.844079,0.746243,1.634363,0.929393,0.830753,1.627294,0.534882,0.652382,1.338829,0.260677,0.656055,1.294786,0.080188,0.614812,1.724034,0.924732,0.653914,1.806658,0.531711,0.624888,1.804311,0.096561,0.733544,1.934110,0.019907,0.515428,1.292062,0.313252
0.689861,1.699907,0.930467,0.687099,1.701390,1.026570,0.689394,1.713232,1.130450,0.685888,1.715778,1.225868,0.682033,1.718473,1.321161,0.682988,1.734923,1.456342,0.697617,1.761837,1.551772,0.710582,1.712363,1.398455,0.841212,1.637264,1.383209,0.854223,1.595251,1.107058,0.865801,1.591643,0.868349,0.654640,1.742870,1.395142,0.520668,1.805377,1.362286,0.495984,1.775658,1.085321,0.466986,1.775662,0.848100,0.755472,1.654973,0.933680,0.850146,1.661657,0.541455,0.670692,1.382100,0.258850,0.685276,1.349527,0.077183,0.624216,1.744864,0.928502,0.656646,1.815090,0.532491,0.624912,1.804995,0.097581,0.733698,1.934220,0.020148,0.560870,1.257497,0.293959
0.699339,1.719933,0.934157,0.696519,1.722112,1.030245,0.698915,1.734367,1.134075,0.695512,1.737191,1.229488,0.691816,1.740042,1.324784,0.693182,1.756514,1.459959,0.708254,1.783531,1.555291,0.720396,1.733596,1.402166,0.850198,1.657168,1.386417,0.860397,1.614978,1.110172,0.869353,1.601398,0.871797,0.664752,1.764668,1.398946,0.531261,1.828698,1.367055,0.505043,1.801300,1.089988,0.479780,1.809353,0.852478,0.764931,1.675004,0.937735,0.868920,1.695183,0.548398,0.689855,1.428127,0.253215,0.717448,1.410814,0.071324,0.633714,1.764895,0.931820,0.658992,1.822606,0.533258,0.624679,1.805909,0.098766,0.733839,1.934366,0.020586,0.626283,1.230777,0.246507
0.708840,1.739872,0.937148,0.705930,1.742646,1.033221,0.708415,1.755250,1.137008,0.705129,1.758306,1.232419,0.701617,1.761282,1.327718,0.703437,1.777753,1.462887,0.718993,1.804842,1.558121,0.730271,1.754548,1.405166,0.859242,1.676809,1.388977,0.866645,1.634267,1.112690,0.873764,1.611818,0.874868,0.674913,1.786153,1.402064,0.541870,1.851631,1.371231,0.513934,1.826828,1.094099,0.492365,1.842966,0.856641,0.774466,1.695023,0.941065,0.886244,1.728598,0.554789,0.710923,1.476886,0.244758,0.750823,1.475574,0.064837,0.643182,1.784763,0.934465,0.661387,1.829826,0.533874,0.624612,1.806673,0.099902,0.733982,1.934488,0.020963,0.677415,1.213084,0.192087
0.718223,1.759912,0.939352,0.715182,1.763043,1.035411,0.717740,1.775845,1.139173,0.714577,1.779031,1.234584,0.711269,1.782069,1.329888,0.713571,1.798498,1.465055,0.729650,1.825619,1.560192,0.740042,1.775130,1.407362,0.868152,1.696047,1.390875,0.873079,1.653016,1.114607,0.879287,1.623098,0.877516,0.684959,1.807225,1.404404,0.552319,1.874031,1.374716,0.522414,1.852238,1.097543,0.504337,1.876684,0.860526,0.783952,1.715235,0.943524,0.901673,1.762442,0.560449,0.734143,1.528775,0.232928,0.784735,1.543726,0.057945,0.652460,1.804633,0.936411,0.663924,1.836858,0.534331,0.624886,1.807143,0.100941,0.734144,1.934563,0.021212,0.699016,1.208338,0.133610
0.727630,1.779866,0.940858,0.724424,1.783251,1.036902,0.727045,1.796189,1.140646,0.724019,1.799456,1.236058,0.720939,1.802527,1.331369,0.723767,1.818890,1.466534,0.740409,1.846012,1.561574,0.749873,1.795430,1.408847,0.877119,1.715022,1.392125,0.879587,1.671326,1.115927,0.885671,1.635043,0.879786,0.695055,1.827983,1.406058,0.562784,1.896044,1.377609,0.530726,1.877535,1.100431,0.516100,1.910325,0.864194,0.793514,1.735435,0.945258,0.915652,1.796174,0.565556,0.759268,1.583396,0.218274,0.819849,1.615351,0.050426,0.661707,1.824340,0.937685,0.666510,1.843593,0.534636,0.625325,1.807465,0.101929,0.734308,1.934616,0.021399,0.706337,1.212620,0.068165
0.737347,1.799774,0.941575,0.733946,1.803410,1.037602,0.736613,1.816489,1.141326,0.733715,1.819850,1.236740,0.730863,1.822968,1.332056,0.734213,1.839295,1.467214,0.751403,1.866437,1.562151,0.759972,1.815729,1.409504,0.886443,1.734159,1.392512,0.886611,1.689302,1.116493,0.892199,1.647765,0.881212,0.705401,1.848701,1.406879,0.573492,1.917926,1.379559,0.539247,1.902961,1.102433,0.527730,1.943853,0.867258,0.803369,1.755569,0.946222,0.928690,1.828889,0.569726,0.786604,1.639530,0.203434,0.856412,1.687621,0.043848,0.671283,1.844023,0.938153,0.669310,1.850326,0.534668,0.625828,1.807694,0.102788,0.734438,1.934661,0.021469,0.710875,1.215348,0.008215
0.747563,1.819628,0.941449,0.743870,1.823555,1.037454,0.746522,1.836805,1.141157,0.743711,1.840278,1.236569,0.741062,1.843456,1.331890,0.744906,1.859761,1.467037,0.762602,1.886955,1.561867,0.770357,1.836067,1.409263,0.896195,1.753600,1.391897,0.894320,1.706861,1.116200,0.898527,1.661386,0.881578,0.716006,1.869411,1.406792,0.584455,1.939685,1.380438,0.548024,1.928639,1.103419,0.539140,1.977407,0.869639,0.813672,1.775591,0.946429,0.941060,1.860399,0.573006,0.816768,1.697067,0.188636,0.894877,1.760204,0.038235,0.681406,1.863710,0.937695,0.672325,1.857011,0.534347,0.626341,1.807814,0.103416,0.734588,1.934660,0.021369,0.716217,1.210166,-0.040593
0.758089,1.839436,0.940535,0.754073,1.843649,1.036515,0.756693,1.857077,1.140196,0.753961,1.860675,1.235606,0.751514,1.863927,1.330929,0.755850,1.880239,1.466062,0.774036,1.907503,1.560778,0.781010,1.856404,1.408194,0.906304,1.773202,1.390419,0.902544,1.724087,1.115153,0.904999,1.675783,0.881099,0.726862,1.890081,1.405871,0.595662,1.961314,1.380374,0.557009,1.954448,1.103518,0.550416,2.010848,0.871414,0.824267,1.795547,0.945864,0.952489,1.890891,0.575348,0.849143,1.756117,0.173651,0.934792,1.833432,0.033563,0.691858,1.883373,0.936431,0.675554,1.863694,0.533752,0.626918,1.807841,0.103914,0.734703,1.934651,0.021153,0.718778,1.203431,-0.083906
0.768651,1.859268,0.938897,0.764480,1.863723,1.034860,0.767178,1.877346,1.138513,0.764598,1.881107,1.233921,0.762397,1.884499,1.329245,0.767254,1.900940,1.464343,0.785916,1.928311,1.558936,0.792093,1.876899,1.406392,0.916846,1.792966,1.388278,0.911212,1.741328,1.113507,0.911936,1.690697,0.879949,0.738143,1.910898,1.404197,0.607308,1.983047,1.379409,0.566439,1.980260,1.102791,0.561894,2.043713,0.872433,0.834907,1.815522,0.944441,0.962666,1.920025,0.576216,0.882189,1.815793,0.160431,0.975049,1.905466,0.031323,0.702341,1.903064,0.934580,0.679152,1.870817,0.533006,0.627627,1.807880,0.104509,0.734592,1.934770,0.020921,0.719301,1.203636,-0.126205
0.779106,1.879082,0.936481,0.775032,1.883723,1.032440,0.777978,1.897580,1.136055,0.775662,1.901586,1.231459,0.773775,1.905240,1.326779,0.779203,1.922025,1.461812,0.798334,1.949572,1.556259,0.803661,1.897658,1.403798,0.927829,1.812905,1.385503,0.920299,1.758597,1.111298,0.919459,1.706024,0.878159,0.749909,1.931974,1.401696,0.619459,2.004997,1.377435,0.576389,2.006186,1.101144,0.573617,2.076046,0.872600,0.845440,1.835455,0.942039,0.971350,1.947711,0.575402,0.916008,1.876413,0.149215,1.016185,1.976034,0.031572,0.712720,1.922764,0.932152,0.683083,1.878349,0.532172,0.628501,1.807893,0.105218,0.734074,1.935161,0.020720,0.714434,1.214653,-0.170686
0.789597,1.898921,0.933342,0.785787,1.903702,1.029306,0.789091,1.917810,1.132876,0.787112,1.922101,1.228275,0.785584,1.926083,1.323589,0.791612,1.943332,1.458538,0.811199,1.971093,1.552829,0.815658,1.918575,1.400472,0.939246,1.833004,1.382066,0.929831,1.775882,1.108491,0.927447,1.721869,0.875698,0.762101,1.953197,1.398443,0.632050,2.027050,1.374559,0.586783,2.032115,1.098671,0.585542,2.107804,0.872011,0.856017,1.855407,0.938779,0.978782,1.974040,0.573114,0.950498,1.937658,0.139762,1.057662,2.045409,0.034254,0.723131,1.942492,0.929137,0.687384,1.886321,0.531186,0.629507,1.807918,0.106023,0.733328,1.935680,0.020505,0.707530,1.232609,-0.214153
0.800283,1.918978,0.929712,0.796842,1.923852,1.025684,0.800560,1.938163,1.129213,0.798956,1.942689,1.224608,0.797803,1.946948,1.319916,0.804431,1.964588,1.454787,0.824449,1.992527,1.548936,0.828078,1.939490,1.396678,0.951151,1.853218,1.378084,0.939811,1.793497,1.105131,0.935859,1.738283,0.872646,0.774713,1.974411,1.394740,0.645085,2.049094,1.371148,0.597631,2.057593,1.095701,0.597870,2.138395,0.870794,0.866839,1.875648,0.934929,0.985379,1.998939,0.569435,0.983812,1.997694,0.133299,1.096762,2.112571,0.040696,0.733687,1.962366,0.925728,0.692316,1.895271,0.529975,0.630607,1.808179,0.107096,0.732705,1.936034,0.020230,0.709393,1.254380,-0.251505
0.811026,1.939228,0.925547,0.808115,1.944134,1.021532,0.812336,1.958591,1.125020,0.811163,1.963297,1.220413,0.810413,1.967781,1.315714,0.817650,1.985739,1.450513,0.838087,2.013812,1.544531,0.840914,1.960354,1.392388,0.963533,1.873492,1.373529,0.950108,1.811484,1.101183,0.944586,1.755237,0.868974,0.787753,1.995592,1.390555,0.658622,2.071185,1.367138,0.608968,2.082604,1.092179,0.610801,2.167746,0.868865,0.877803,1.896201,0.930397,0.990725,2.021732,0.563894,1.016393,2.057424,0.131100,1.133448,2.178782,0.052849,0.744217,1.982315,0.921929,0.697842,1.905165,0.528543,0.631819,1.808561,0.108384,0.732340,1.936074,0.019875,0.725276,1.282182,-0.283166
0.821964,1.959697,0.920890,0.819689,1.964587,1.016893,0.824468,1.979141,1.120343,0.823764,1.983978,1.215734,0.823433,1.988636,1.311029,0.831279,2.006838,1.445761,0.852109,2.035010,1.539663,0.854172,1.981217,1.387631,0.976402,1.893880,1.368429,0.960853,1.829801,1.096681,0.953737,1.772761,0.864710,0.801213,2.016764,1.385919,0.672604,2.093268,1.362593,0.620759,2.107163,1.088162,0.624134,2.195931,0.866309,0.889011,1.917042,0.925276,0.995236,2.043097,0.556962,1.047797,2.115944,0.131890,1.167757,2.242780,0.068763,0.754892,2.002409,0.917736,0.704001,1.916037,0.526885,0.633126,1.809178,0.109939,0.732096,1.935949,0.019461,0.749927,1.313798,-0.308712
0.833667,1.980651,0.916107,0.831906,1.985524,1.012124,0.837151,2.000084,1.115552,0.836855,2.004925,1.210945,0.836899,2.009590,1.306240,0.845294,2.027771,1.440942,0.866450,2.055960,1.534766,0.867875,2.002061,1.382767,0.989849,1.914500,1.362988,0.972449,1.848642,1.091772,0.963588,1.790997,0.860014,0.815066,2.037844,1.381235,0.686856,2.115068,1.358069,0.632907,2.130859,1.084143,0.637474,2.222583,0.863513,0.900979,1.938373,0.920112,1.000573,2.064988,0.550131,1.074850,2.168706,0.133065,1.197068,2.299762,0.083906,0.766336,2.022984,0.913332,0.711175,1.928524,0.524915,0.634437,1.810599,0.112092,0.731914,1.935813,0.019013,0.778392,1.339447,-0.321771
0.846372,2.001989,0.911154,0.844950,2.006927,1.007175,0.850518,2.021421,1.110597,0.850529,2.026129,1.205999,0.850868,2.030598,1.301305,0.859698,2.048417,1.436028,0.881085,2.076526,1.529825,0.882055,2.022808,1.377762,1.003971,1.935379,1.357072,0.985063,1.867884,1.086356,0.974143,1.809907,0.854775,0.829332,2.058728,1.376473,0.701371,2.136443,1.353559,0.645300,2.153582,1.080135,0.650664,2.247676,0.860502,0.913942,1.960101,0.914933,1.006689,2.087652,0.543525,1.096584,2.214774,0.134993,1.220474,2.348688,0.099703,0.778787,2.043933,0.908605,0.719287,1.942288,0.522634,0.635474,1.812711,0.114663,0.731790,1.935701,0.018483,0.813568,1.352119,-0.317419
0.859842,2.023813,0.906076,0.858637,2.028814,1.002097,0.864437,2.043151,1.105529,0.864692,2.047598,1.200943,0.865283,2.051706,1.296265,0.874488,2.068897,1.431047,0.896038,2.096843,1.524855,0.896678,2.043537,1.372650,1.018670,1.956490,1.350816,0.998528,1.887651,1.080533,0.985399,1.829528,0.849105,0.843991,2.079520,1.371663,0.716156,2.157536,1.349071,0.658050,2.175442,1.076126,0.663860,2.271235,0.857251,0.927664,1.982318,0.909711,1.013631,2.110844,0.537020,1.113966,2.255084,0.137307,1.238884,2.390597,0.114730,0.792007,2.065363,0.903668,0.728416,1.957667,0.520041,0.636515,1.815626,0.117830,0.731728,1.935578,0.017919,0.852557,1.358825,-0.300579
0.873941,2.046685,0.901364,0.872764,2.051556,0.997390,0.878702,2.065540,1.100860,0.879162,2.069551,1.196291,0.880011,2.073127,1.291630,0.889632,2.089464,1.426485,0.911308,2.117162,1.520338,0.911662,2.064473,1.367888,1.033738,1.977858,1.344835,1.012741,1.908503,1.074751,0.997624,1.850119,0.843505,0.858963,2.100444,1.367292,0.731071,2.178496,1.345184,0.671401,2.196362,1.072576,0.677130,2.292971,0.854068,0.941957,2.005497,0.904912,1.023207,2.135782,0.531733,1.126716,2.287893,0.136301,1.252409,2.423803,0.120187,0.805913,2.087927,0.899043,0.739178,1.976302,0.517046,0.638310,1.820258,0.122461,0.731680,1.935490,0.017486,0.881718,1.370818,-0.279652
0.888759,2.071069,0.896874,0.887385,2.075545,0.992918,0.893355,2.088901,1.096468,0.893972,2.092229,1.191921,0.895083,2.095030,1.287280,0.905169,2.110185,1.422234,0.926932,2.137494,1.516178,0.927045,2.085715,1.363345,1.049135,1.999435,1.339104,1.027801,1.930518,1.068920,1.010885,1.871716,0.837902,0.874285,2.121599,1.363261,0.746112,2.199397,1.341905,0.685474,2.216255,1.069440,0.690541,2.312874,0.850889,0.956888,2.030065,0.900385,1.036611,2.163802,0.528092,1.132867,2.311358,0.129176,1.259454,2.445988,0.109616,0.820615,2.112125,0.894590,0.751870,1.997945,0.513511,0.640476,1.825590,0.129008,0.731659,1.935443,0.017278,0.897889,1.400671,-0.266022
0.904206,2.096503,0.892751,0.902446,2.100389,0.988818,0.908355,2.112920,1.092475,0.909087,2.115390,1.187955,0.910468,2.117246,1.283334,0.921059,2.130993,1.418401,0.942872,2.157827,1.512471,0.942788,2.107164,1.359153,1.064901,2.021270,1.333650,1.043609,1.953620,1.063130,1.025116,1.894282,0.832370,0.889919,2.142886,1.359669,0.761283,2.220165,1.339226,0.700148,2.235207,1.066762,0.704026,2.330954,0.847777,0.972388,2.055595,0.896281,1.052649,2.193568,0.525669,1.134385,2.327323,0.118730,1.261614,2.459469,0.089475,0.836002,2.137457,0.890449,0.766197,2.022843,0.509574,0.643396,1.832639,0.137017,0.731652,1.935430,0.017201,0.904231,1.435813,-0.248306
0.919877,2.122163,0.889925,0.917573,2.125285,0.986003,0.923374,2.136924,1.089771,0.924229,2.138526,1.185270,0.925935,2.139480,1.280660,0.937155,2.151942,1.415805,0.959020,2.178371,1.509978,0.958691,2.128737,1.356169,1.080955,2.043538,1.329162,1.059767,1.978144,1.058103,1.040379,1.917967,0.827634,0.905683,2.164239,1.357305,0.776451,2.240734,1.337703,0.715307,2.253409,1.065134,0.717459,2.346949,0.845232,0.988069,2.081282,0.893512,1.069539,2.222294,0.524299,1.136891,2.339579,0.109655,1.263783,2.469511,0.070339,0.851655,2.163083,0.887567,0.781892,2.053380,0.505555,0.648968,1.845369,0.145994,0.731575,1.935480,0.017142,0.896579,1.449779,-0.200752
0.935921,2.148217,0.888821,0.932830,2.150309,0.984895,0.938464,2.160961,1.088774,0.939470,2.161689,1.184280,0.941617,2.161814,1.279664,0.953712,2.173184,1.414827,0.975619,2.199304,1.509078,0.974949,2.150554,1.354745,1.097555,2.066600,1.325617,1.076351,2.004680,1.053761,1.056999,1.942823,0.823737,0.921783,2.185786,1.356547,0.791795,2.261138,1.337560,0.730992,2.270749,1.064797,0.730768,2.360606,0.843358,1.004067,2.107274,0.892528,1.087605,2.249649,0.524284,1.143358,2.348624,0.103555,1.268038,2.477212,0.054865,0.867734,2.189187,0.886348,0.799423,2.092141,0.500974,0.658311,1.866601,0.155504,0.730718,1.934666,0.015494,0.867082,1.424396,-0.093489
0.952189,2.174497,0.889014,0.948154,2.175384,0.985072,0.953574,2.184982,1.089065,0.954738,2.184827,1.184571,0.957381,2.184165,1.279939,0.970475,2.194566,1.415085,0.992426,2.220448,1.509391,0.991367,2.172495,1.354528,1.114444,2.090097,1.323040,1.093285,2.032639,1.050182,1.074653,1.968798,0.820637,0.938011,2.207400,1.357017,0.807136,2.281343,1.338573,0.747164,2.287338,1.065509,0.744025,2.372179,0.842049,1.020246,2.133423,0.892879,1.106522,2.275964,0.525322,1.150814,2.353960,0.098825,1.272302,2.481473,0.040396,0.884079,2.215586,0.886387,0.818323,2.136541,0.496311,0.670307,1.893515,0.165982,0.729792,1.933914,0.013863,0.823591,1.377838,0.043612
0.967829,2.199685,0.890151,0.962988,2.199476,0.986186,0.968220,2.208167,1.090272,0.969525,2.207277,1.185775,0.972601,2.205990,1.281127,0.986534,2.215678,1.416247,1.008607,2.241480,1.510546,1.007152,2.194120,1.355319,1.130760,2.113119,1.322193,1.109943,2.060591,1.048318,1.092434,1.995874,0.818930,0.953565,2.228629,1.358376,0.821811,2.301178,1.340630,0.763586,2.303696,1.067136,0.757325,2.382169,0.841494,1.035804,2.158483,0.894123,1.123542,2.299444,0.526335,1.155959,2.357887,0.095342,1.275244,2.484260,0.029534,0.899792,2.240887,0.887420,0.836921,2.181198,0.493324,0.683497,1.921611,0.178234,0.730843,1.936033,0.016963,0.785497,1.338161,0.146677
0.982654,2.223111,0.892281,0.977208,2.221998,0.988280,0.982288,2.230025,1.092429,0.983693,2.228638,1.187927,0.987087,2.226985,1.283265,1.001603,2.236360,1.418350,1.023964,2.262329,1.512533,1.022036,2.215244,1.357226,1.146187,2.135200,1.323727,1.125941,2.088542,1.048806,1.109769,2.024157,0.819158,0.968168,2.249295,1.360660,0.835620,2.320664,1.344030,0.780838,2.319966,1.069859,0.771109,2.390187,0.841797,1.050540,2.181752,0.896297,1.137865,2.319245,0.527066,1.156905,2.360780,0.093377,1.275965,2.485773,0.024159,0.914702,2.264455,0.889507,0.854574,2.224917,0.492687,0.697160,1.949364,0.193760,0.734116,1.939900,0.028921,0.760694,1.322385,0.180744
0.996852,2.245444,0.895355,0.990938,2.243536,0.991311,0.995893,2.251047,1.095503,0.997382,2.249311,1.190993,1.001028,2.247454,1.286317,1.015968,2.256772,1.421357,1.038694,2.283067,1.515363,1.036288,2.236053,1.360140,1.161043,2.156806,1.326992,1.141662,2.116487,1.051010,1.127231,2.053543,0.820780,0.982096,2.269577,1.363833,0.848763,2.339781,1.348474,0.798341,2.336004,1.073497,0.784935,2.396623,0.842854,1.064657,2.203932,0.899364,1.150290,2.336212,0.527772,1.155541,2.362263,0.092660,1.275365,2.485811,0.022391,0.928981,2.286925,0.892587,0.871927,2.268894,0.493726,0.712017,1.978299,0.211061,0.739366,1.946637,0.045610,0.741287,1.313489,0.180776
1.010134,2.267369,0.898871,1.003991,2.264811,0.994798,1.008902,2.271887,1.099022,1.010501,2.269829,1.194503,1.014362,2.267762,1.289812,1.029582,2.276985,1.424826,1.052556,2.303585,1.518687,1.049925,2.256658,1.363531,1.175417,2.178433,1.330794,1.157632,2.142980,1.053978,1.145638,2.083702,0.822771,0.995368,2.289560,1.367443,0.861174,2.358291,1.352948,0.814124,2.351900,1.077370,0.797580,2.403149,0.844535,1.077964,2.225882,0.902773,1.160469,2.351085,0.528155,1.154234,2.363512,0.092251,1.274816,2.485740,0.021187,0.942238,2.308815,0.896210,0.889243,2.311340,0.496178,0.728779,2.008498,0.226445,0.747908,1.962423,0.059352,0.722978,1.288475,0.187796
1.022270,2.289423,0.902808,1.016229,2.286326,0.998727,1.021209,2.292979,1.102976,1.022971,2.290538,1.198445,1.027015,2.288141,1.293739,1.042343,2.297058,1.428761,1.065374,2.323850,1.522554,1.062920,2.277156,1.367370,1.189390,2.200453,1.334858,1.174376,2.167359,1.057563,1.165661,2.114729,0.824697,1.007927,2.309274,1.371496,0.872707,2.375960,1.357177,0.826972,2.367847,1.081387,0.808207,2.410353,0.846959,1.090325,2.248303,0.906433,1.167805,2.363999,0.527865,1.153655,2.364935,0.091775,1.274780,2.485968,0.019585,0.954146,2.330502,0.900424,0.906499,2.351612,0.500166,0.747895,2.039681,0.239329,0.760025,1.990319,0.067456,0.705994,1.227584,0.222082
1.033490,2.311070,0.907187,1.027791,2.307577,1.003113,1.032921,2.313889,1.107376,1.034872,2.311093,1.202831,1.039060,2.308360,1.298109,1.054352,2.316933,1.433158,1.077323,2.343897,1.526917,1.075299,2.297450,1.371686,1.202882,2.222493,1.339460,1.191369,2.190287,1.061912,1.186628,2.146529,0.826993,1.019829,2.328690,1.375987,0.883509,2.393024,1.361436,0.838100,2.383653,1.085640,0.817652,2.417647,0.850007,1.101877,2.270494,0.910434,1.172894,2.374818,0.527252,1.153133,2.366123,0.091608,1.274796,2.486085,0.018547,0.965034,2.351608,0.905180,0.923718,2.390352,0.505568,0.768916,2.072128,0.250296,0.775434,2.027265,0.072615,0.690109,1.150575,0.263356
1.044200,2.331384,0.911572,1.038910,2.327771,1.007515,1.044222,2.333964,1.111776,1.046357,2.330998,1.207222,1.050660,2.328086,1.302490,1.065868,2.336499,1.437558,1.088683,2.363713,1.531282,1.087163,2.317370,1.376039,1.215738,2.243924,1.344239,1.207562,2.212306,1.066512,1.207345,2.178488,0.829933,1.031257,2.347804,1.380443,0.893955,2.409947,1.365536,0.849183,2.398832,1.089730,0.827202,2.424948,0.853200,1.112837,2.291218,0.914499,1.177184,2.383879,0.527069,1.153023,2.367023,0.091937,1.274848,2.486225,0.017915,0.975494,2.371517,0.909885,0.941242,2.427702,0.511757,0.791202,2.106751,0.257405,0.794592,2.070256,0.075234,0.670340,1.093713,0.291807
1.054426,2.349667,0.915977,1.049588,2.346369,1.011953,1.055117,2.352791,1.116187,1.057422,2.349948,1.211634,1.061812,2.347108,1.306900,1.076904,2.355652,1.441973,1.099438,2.383247,1.535652,1.098468,2.336789,1.380441,1.227817,2.264443,1.349242,1.222511,2.233377,1.071378,1.227617,2.210432,0.833688,1.042203,2.366551,1.384850,0.904124,2.426838,1.369481,0.860757,2.412977,1.093590,0.837299,2.432164,0.856486,1.123154,2.309643,0.918717,1.180955,2.390637,0.527706,1.153612,2.367470,0.092957,1.274935,2.486482,0.017772,0.985632,2.389661,0.914477,0.959293,2.463709,0.518779,0.814648,2.143688,0.259833,0.817909,2.119502,0.075008,0.643149,1.074667,0.303195
1.064142,2.366616,0.920388,1.059823,2.363909,1.016407,1.065601,2.370783,1.120599,1.068071,2.368248,1.216050,1.072519,2.365637,1.311320,1.087446,2.374495,1.446392,1.109602,2.402550,1.540025,1.109258,2.355833,1.384879,1.239260,2.284353,1.354421,1.236659,2.253539,1.076495,1.247639,2.242535,0.838088,1.052674,2.384996,1.389222,0.913938,2.443590,1.373268,0.872287,2.426496,1.097287,0.847500,2.439387,0.859916,1.132880,2.326601,0.922998,1.183925,2.395638,0.528774,1.154613,2.367630,0.094473,1.275059,2.486762,0.018035,0.995343,2.406607,0.919018,0.977647,2.498327,0.526588,0.839359,2.182801,0.258403,0.844975,2.174793,0.072243,0.612074,1.075769,0.301760
1.073671,2.383407,0.924325,1.069840,2.381216,1.020381,1.075853,2.388526,1.124531,1.078468,2.386316,1.219986,1.082958,2.383979,1.315261,1.097713,2.393236,1.450325,1.119501,2.421774,1.543898,1.119752,2.374713,1.388875,1.250337,2.303940,1.359277,1.250293,2.273443,1.081306,1.266800,2.274709,0.842897,1.062882,2.403332,1.393126,0.923543,2.460347,1.376695,0.883840,2.440125,1.100629,0.857768,2.446814,0.863166,1.142389,2.343345,0.926794,1.186698,2.400848,0.529856,1.155518,2.367943,0.096081,1.275211,2.486911,0.018300,1.004899,2.423448,0.923095,0.995972,2.531555,0.534423,0.865017,2.224587,0.253644,0.875021,2.232502,0.068261,0.582754,1.080289,0.280413
1.083077,2.400327,0.927679,1.079688,2.398461,1.023759,1.085916,2.406111,1.127872,1.088663,2.404191,1.223329,1.093190,2.402137,1.318609,1.107783,2.411849,1.453658,1.129250,2.440886,1.547152,1.130025,2.393403,1.392331,1.261133,2.323172,1.363775,1.263386,2.293204,1.085749,1.284733,2.307041,0.848181,1.072897,2.421526,1.396483,0.932970,2.477022,1.379822,0.895603,2.454007,1.103654,0.868171,2.454355,0.866255,1.151750,2.360175,0.929960,1.189382,2.406938,0.530890,1.156124,2.368595,0.097708,1.275426,2.486821,0.018460,1.014356,2.440460,0.926635,1.014207,2.563552,0.542340,0.891635,2.269214,0.245068,0.908414,2.291221,0.063038,0.558184,1.083904,0.226676
1.092298,2.417088,0.930559,1.089320,2.415472,1.026656,1.095746,2.423446,1.130733,1.098605,2.421832,1.226193,1.103153,2.420107,1.321478,1.117578,2.430358,1.456506,1.138733,2.459918,1.549907,1.140003,2.411929,1.395346,1.271563,2.342080,1.367950,1.275965,2.312706,1.089886,1.301805,2.339444,0.853873,1.082648,2.439611,1.399371,0.942189,2.493703,1.382589,0.907390,2.467999,1.106324,0.878640,2.462100,0.869163,1.160893,2.376792,0.932639,1.191868,2.413238,0.531939,1.156634,2.369399,0.099428,1.275669,2.486600,0.018622,1.023658,2.457367,0.929712,1.032412,2.594159,0.550283,0.919199,2.316514,0.233162,0.944788,2.352356,0.056599,0.535369,1.090938,0.153026
1.101468,2.433997,0.932812,1.098818,2.432559,1.028922,1.105388,2.440839,1.132966,1.108312,2.439544,1.228428,1.112846,2.438183,1.323721,1.127077,2.449044,1.458720,1.147930,2.479122,1.552025,1.149685,2.430574,1.397728,1.281637,2.361043,1.371413,1.288397,2.332256,1.093343,1.318506,2.371578,0.859549,1.092138,2.457882,1.401595,0.951253,2.510804,1.384618,0.918711,2.482412,1.108333,0.888935,2.470514,0.871510,1.169982,2.393550,0.934724,1.194430,2.419708,0.532779,1.157146,2.370233,0.101051,1.275835,2.486418,0.018701,1.032915,2.474427,0.932131,1.050439,2.622895,0.557321,0.947345,2.366480,0.219923,0.982268,2.416503,0.050338,0.510961,1.097626,0.089800
1.110619,2.451209,0.934401,1.108193,2.449814,1.030518,1.114835,2.458345,1.134537,1.117771,2.457356,1.230004,1.122247,2.456385,1.325304,1.136252,2.467923,1.460271,1.156815,2.498501,1.553478,1.159056,2.449366,1.399431,1.291326,2.380079,1.374082,1.300883,2.351804,1.096050,1.334942,2.403453,0.865257,1.101355,2.476373,1.403107,0.960183,2.528434,1.385817,0.929382,2.497307,1.109625,0.898956,2.479627,0.873246,1.179061,2.410630,0.936164,1.197048,2.426229,0.533352,1.157726,2.371028,0.102490,1.275863,2.486348,0.018639,1.042140,2.491768,0.933866,1.068491,2.649779,0.563440,0.975848,2.419484,0.205272,1.020927,2.484476,0.044047,0.478756,1.103852,0.051257
1.119720,2.468568,0.935362,1.117436,2.467144,1.031482,1.124094,2.475909,1.135482,1.126995,2.475238,1.230953,1.131378,2.474694,1.326261,1.145130,2.486978,1.461189,1.165414,2.518051,1.554292,1.168132,2.468278,1.400501,1.300660,2.399170,1.376039,1.313223,2.371400,1.098076,1.351007,2.435059,0.870948,1.110310,2.495049,1.403954,0.968959,2.546483,1.386279,0.939588,2.512623,1.110256,0.908802,2.489408,0.874420,1.188086,2.427852,0.937009,1.199741,2.432920,0.533717,1.158308,2.371852,0.103832,1.275813,2.486318,0.018494,1.051319,2.509263,0.934944,1.086365,2.674792,0.568655,1.004932,2.475154,0.189288,1.060692,2.555460,0.037936,0.444958,1.109732,0.023139
1.128818,2.485918,0.935657,1.126599,2.484581,1.031778,1.133222,2.493672,1.135751,1.136044,2.493395,1.231226,1.140299,2.493340,1.326540,1.153773,2.506439,1.461419,1.173785,2.538015,1.554412,1.176955,2.487503,1.400887,1.309739,2.418641,1.377135,1.325178,2.391498,1.099251,1.366882,2.466016,0.876048,1.119041,2.514103,1.404084,0.977577,2.565035,1.385897,0.949385,2.528485,1.110094,0.918527,2.500240,0.874801,1.197082,2.445028,0.937291,1.202843,2.440092,0.533826,1.158792,2.372781,0.105158,1.275762,2.486280,0.018352,1.060519,2.526785,0.935251,1.103303,2.697400,0.572081,1.034909,2.532374,0.174206,1.099470,2.627603,0.034029,0.424831,1.111851,-0.006992
1.137868,2.503088,0.935260,1.135675,2.502061,1.031386,1.142237,2.511645,1.135318,1.144951,2.511894,1.230794,1.149052,2.512433,1.326113,1.162235,2.526456,1.460926,1.181984,2.558561,1.553794,1.185559,2.507142,1.400549,1.318611,2.438646,1.377234,1.336697,2.412257,1.099436,1.382712,2.496290,0.880470,1.127588,2.533650,1.403453,0.986073,2.584189,1.384579,0.958733,2.544959,1.109058,0.928161,2.512235,0.874296,1.205994,2.461970,0.937004,1.206424,2.447875,0.533674,1.159078,2.373857,0.106474,1.275736,2.486216,0.018258,1.069710,2.544189,0.934746,1.118965,2.717073,0.573359,1.066251,2.591550,0.159893,1.136491,2.701727,0.032288,0.424962,1.103444,-0.042733
1.146915,2.520248,0.934197,1.144671,2.519649,1.030326,1.151122,2.529817,1.134210,1.153683,2.530668,1.229688,1.157596,2.531863,1.325009,1.170461,2.546879,1.459746,1.189955,2.579521,1.552480,1.193911,2.527094,1.399527,1.327229,2.459030,1.376473,1.347831,2.433518,1.098769,1.398351,2.525916,0.884300,1.135911,2.553574,1.402106,0.994412,2.603846,1.382418,0.967673,2.561979,1.107228,0.937674,2.525280,0.872999,1.214877,2.478866,0.936154,1.210413,2.456138,0.533268,1.159266,2.375040,0.107773,1.275709,2.486145,0.018167,1.078922,2.561620,0.933470,1.133692,2.734341,0.572849,1.098485,2.652275,0.146481,1.172526,2.777009,0.032751,0.438765,1.091276,-0.080486
1.156139,2.537745,0.932500,1.153670,2.537569,1.028625,1.159885,2.548298,1.132466,1.162202,2.549722,1.227944,1.165862,2.551538,1.323266,1.178351,2.567489,1.457933,1.197590,2.600634,1.550542,1.201951,2.547255,1.397883,1.335554,2.479660,1.375109,1.358498,2.455259,1.097490,1.413535,2.554619,0.887228,1.143931,2.573721,1.400121,1.002477,2.623786,1.379590,0.976390,2.579476,1.104718,0.947028,2.539413,0.870952,1.223929,2.496101,0.934794,1.214932,2.464803,0.532576,1.159549,2.376281,0.109112,1.275674,2.486080,0.018028,1.088316,2.579385,0.931437,1.147749,2.750253,0.570735,1.130496,2.712213,0.136600,1.207796,2.849128,0.037561,0.461740,1.092229,-0.121897
1.165600,2.555584,0.930111,1.162667,2.555820,1.026221,1.168496,2.567081,1.130029,1.170476,2.569048,1.225505,1.173833,2.571453,1.320825,1.185926,2.588289,1.455421,1.204943,2.621906,1.547907,1.209687,2.567626,1.395560,1.343615,2.500576,1.373093,1.368631,2.477595,1.095529,1.428301,2.582381,0.889143,1.151652,2.594089,1.397455,1.010257,2.643984,1.376112,0.985001,2.597424,1.101533,0.956219,2.554680,0.868155,1.233200,2.513675,0.932909,1.220007,2.473497,0.531616,1.159913,2.377520,0.110400,1.275622,2.486013,0.017815,1.097962,2.597497,0.928544,1.160693,2.764529,0.566608,1.162411,2.772248,0.131689,1.242671,2.918211,0.049057,0.500028,1.117083,-0.172637
1.175239,2.573760,0.927088,1.171667,2.574404,1.023176,1.176985,2.586172,1.126956,1.178537,2.588654,1.222428,1.181527,2.591614,1.317746,1.193163,2.609277,1.452276,1.211959,2.643330,1.544647,1.217110,2.588205,1.392615,1.351384,2.521737,1.370475,1.378297,2.500410,1.092955,1.442612,2.609221,0.890155,1.159070,2.614679,1.394151,1.017765,2.664465,1.371966,0.993389,2.615848,1.097668,0.965250,2.571036,0.864610,1.242640,2.531589,0.930514,1.225612,2.482592,0.530371,1.160373,2.378819,0.111728,1.275561,2.485951,0.017555,1.107791,2.615942,0.924894,1.172968,2.777449,0.560877,1.194102,2.831495,0.130308,1.276782,2.984132,0.064900,0.547488,1.155058,-0.227035
1.185055,2.592597,0.923636,1.180766,2.593550,1.019692,1.185446,2.605700,1.123458,1.186445,2.608568,1.218926,1.188928,2.611941,1.314244,1.199894,2.630223,1.448747,1.218367,2.664625,1.541053,1.224145,2.608877,1.389296,1.358734,2.542882,1.367665,1.387609,2.523340,1.090215,1.456092,2.634913,0.890283,1.166092,2.635343,1.390423,1.024925,2.685080,1.367280,1.001380,2.634751,1.093215,0.974098,2.588382,0.860365,1.252295,2.550229,0.927700,1.231790,2.493127,0.528762,1.161160,2.380317,0.113427,1.275511,2.485926,0.017273,1.117759,2.634980,0.920803,1.186177,2.790907,0.554959,1.224072,2.884958,0.130769,1.309237,3.042186,0.080211,0.581201,1.190696,-0.269723
1.195008,2.612185,0.919614,1.189947,2.613288,1.015630,1.193843,2.625639,1.119404,1.194137,2.628712,1.214871,1.195933,2.632310,1.310196,1.205939,2.650934,1.444727,1.223972,2.685580,1.537030,1.230672,2.629510,1.385504,1.365534,2.563816,1.364676,1.396597,2.546232,1.087339,1.468592,2.659352,0.889447,1.172594,2.655937,1.386157,1.031660,2.705799,1.361898,1.008802,2.654090,1.088029,0.982712,2.606694,0.855245,1.262170,2.569752,0.924285,1.238160,2.505241,0.526672,1.162135,2.381832,0.115317,1.275483,2.485967,0.016931,1.127777,2.654633,0.916173,1.201113,2.804787,0.548932,1.251891,2.931990,0.134173,1.340525,3.090969,0.095180,0.589384,1.216801,-0.295426
1.205139,2.632435,0.915162,1.199228,2.633589,1.011130,1.202212,2.646015,1.114926,1.201675,2.649164,1.210391,1.202646,2.652845,1.305726,1.211478,2.671603,1.440322,1.228969,2.706405,1.532673,1.236810,2.650237,1.381337,1.371915,2.584735,1.361496,1.405232,2.569237,1.084296,1.480261,2.682644,0.887728,1.178701,2.676604,1.381468,1.038049,2.726651,1.355976,1.015827,2.673907,1.082254,0.991142,2.625997,0.849425,1.272260,2.590002,0.920452,1.245104,2.518795,0.524218,1.163439,2.383547,0.117577,1.275466,2.486046,0.016567,1.137935,2.674879,0.911103,1.216985,2.819205,0.542717,1.277988,2.973238,0.139419,1.370156,3.131886,0.109616,0.583820,1.240568,-0.309419
1.215569,2.653403,0.910905,1.208755,2.654594,1.006813,1.210752,2.667030,1.110631,1.209302,2.670178,1.206084,1.209357,2.673848,1.301423,1.216871,2.692589,1.436100,1.233676,2.727442,1.528556,1.242834,2.671339,1.377332,1.378144,2.605963,1.358495,1.413532,2.592444,1.081441,1.491177,2.704888,0.885382,1.184688,2.697623,1.376912,1.044249,2.747572,1.350102,1.022798,2.694335,1.076417,0.999520,2.646263,0.843478,1.282590,2.610893,0.916839,1.253813,2.534416,0.521674,1.165723,2.386153,0.121079,1.275442,2.486108,0.016331,1.148452,2.695922,0.906203,1.233013,2.836402,0.537491,1.302153,3.005651,0.141521,1.395772,3.164446,0.118080,0.576940,1.268127,-0.312167
1.226436,2.674926,0.907024,1.218720,2.676187,1.002865,1.219681,2.688618,1.106699,1.217248,2.691733,1.202134,1.216295,2.695341,1.297469,1.222330,2.713976,1.432233,1.238253,2.748811,1.524850,1.248925,2.692886,1.373638,1.384394,2.627565,1.355780,1.421618,2.615995,1.078879,1.501439,2.726105,0.882356,1.190734,2.719043,1.372620,1.050387,2.768385,1.344296,1.029781,2.715479,1.070478,1.007740,2.667670,0.837362,1.293273,2.632219,0.913614,1.264051,2.552585,0.518980,1.168304,2.389553,0.126179,1.275406,2.486127,0.016444,1.159492,2.717641,0.901668,1.248926,2.857682,0.533912,1.323931,3.026486,0.138014,1.415313,3.187334,0.118306,0.577951,1.302559,-0.300594
1.237602,2.697169,0.903338,1.228931,2.698484,0.999100,1.228782,2.710845,1.102949,1.225283,2.713850,1.198357,1.223231,2.717301,1.293683,1.227643,2.735679,1.428549,1.242540,2.770393,1.521385,1.254902,2.714807,1.370106,1.390491,2.649476,1.353245,1.429370,2.639748,1.076504,1.510947,2.746273,0.878703,1.196661,2.740815,1.368461,1.056337,2.789266,1.338538,1.036710,2.737234,1.064477,1.015908,2.690041,0.831120,1.304196,2.654188,0.910610,1.276053,2.572822,0.516196,1.171867,2.393843,0.132520,1.275364,2.486129,0.016685,1.170892,2.740157,0.897304,1.264995,2.881742,0.531322,1.343776,3.038487,0.131364,1.430837,3.201865,0.112558,0.577645,1.340782,-0.277776
1.248776,2.720682,0.899932,1.238970,2.721975,0.995578,1.237599,2.734112,1.099442,1.232960,2.736849,1.194807,1.229771,2.739962,1.290112,1.232545,2.757800,1.425092,1.246371,2.792172,1.518219,1.260488,2.737176,1.366829,1.396184,2.671825,1.350938,1.436456,2.663364,1.074348,1.519482,2.765430,0.874846,1.202212,2.763065,1.364601,1.061879,2.810679,1.333359,1.043728,2.759423,1.059057,1.024464,2.712819,0.825454,1.315041,2.677335,0.907965,1.291723,2.594310,0.513768,1.179114,2.400002,0.139898,1.275306,2.486143,0.016536,1.182382,2.764038,0.893138,1.281266,2.906917,0.528933,1.362848,3.046834,0.123977,1.446163,3.211496,0.102188,0.560835,1.379675,-0.253402
1.260335,2.746320,0.896692,1.248934,2.747524,0.992147,1.246069,2.759208,1.096021,1.240114,2.761423,1.191316,1.235701,2.763896,1.286584,1.236822,2.780716,1.421709,1.249541,2.814417,1.515232,1.265499,2.760355,1.363701,1.401312,2.695006,1.348811,1.442518,2.686860,1.072341,1.526773,2.783569,0.870738,1.207210,2.786175,1.360963,1.066777,2.832991,1.328945,1.051127,2.782041,1.054447,1.033742,2.735892,0.820604,1.326083,2.702413,0.905753,1.312799,2.616840,0.511765,1.191812,2.408247,0.148459,1.275697,2.486405,0.014820,1.194440,2.790245,0.888865,1.298368,2.933678,0.526277,1.382728,3.052330,0.115825,1.464000,3.215902,0.084737,0.513301,1.431919,-0.232852
1.271903,2.773230,0.893732,1.258726,2.774266,0.988959,1.254255,2.785344,1.092842,1.246911,2.786878,1.188053,1.241235,2.788530,1.283270,1.240688,2.804050,1.418553,1.252254,2.836859,1.512544,1.270120,2.783982,1.360828,1.406036,2.718626,1.346912,1.447913,2.710219,1.070554,1.533090,2.800698,0.866425,1.211832,2.809762,1.357625,1.071266,2.855835,1.325109,1.058615,2.805093,1.050418,1.043410,2.759372,0.816331,1.337047,2.728671,0.903899,1.337543,2.640621,0.510119,1.208196,2.418362,0.158056,1.276073,2.486677,0.012714,1.206588,2.817817,0.884791,1.315671,2.961553,0.523820,1.401835,3.054172,0.106936,1.481638,3.215407,0.062664,0.449264,1.484833,-0.210746
1.282053,2.799400,0.891473,1.267622,2.800101,0.986538,1.261890,2.810558,1.090436,1.253399,2.811450,1.185570,1.246613,2.812373,1.280733,1.244521,2.826773,1.416135,1.254960,2.858675,1.510573,1.274620,2.807043,1.358629,1.410586,2.741632,1.345434,1.453378,2.733052,1.069229,1.539020,2.816871,0.862467,1.216348,2.832803,1.354978,1.075836,2.878576,1.321828,1.065463,2.828409,1.046920,1.052910,2.783035,0.812620,1.346788,2.754384,0.902316,1.362633,2.665466,0.509069,1.225672,2.430678,0.168051,1.275036,2.486274,0.013228,1.217132,2.844447,0.881853,1.331328,2.987470,0.522180,1.416583,3.055137,0.099808,1.494763,3.214450,0.044700,0.396196,1.497262,-0.180634
1.290079,2.824193,0.890138,1.275282,2.824324,0.985157,1.268829,2.834178,1.089078,1.259542,2.834518,1.184145,1.251827,2.834884,1.279244,1.248270,2.848483,1.414700,1.257588,2.879476,1.509553,1.278928,2.829198,1.357301,1.414792,2.763516,1.344416,1.459412,2.754996,1.068504,1.545076,2.831868,0.859077,1.220700,2.854976,1.353176,1.080625,2.901268,1.318961,1.071014,2.852182,1.043817,1.062227,2.806727,0.809394,1.354754,2.779073,0.900949,1.387956,2.690842,0.508846,1.243577,2.445458,0.178350,1.269595,2.483045,0.017885,1.225216,2.869331,0.880552,1.344990,3.010236,0.521901,1.424882,3.055804,0.095588,1.500705,3.214294,0.034476,0.366637,1.436098,-0.138477
1.296687,2.848246,0.889504,1.282047,2.847641,0.984543,1.275218,2.856875,1.088493,1.265376,2.856702,1.183502,1.256885,2.856604,1.278532,1.251986,2.869582,1.414002,1.260208,2.899652,1.509249,1.283116,2.850789,1.356647,1.418824,2.784787,1.343820,1.465515,2.776413,1.068240,1.550745,2.845910,0.856042,1.224947,2.876603,1.352065,1.085495,2.923857,1.316649,1.075926,2.876219,1.041246,1.071378,2.830603,0.806729,1.361498,2.803218,0.899853,1.413625,2.717281,0.509220,1.262574,2.462439,0.189046,1.262741,2.479141,0.025162,1.231695,2.893273,0.880388,1.357007,3.031042,0.522439,1.428823,3.055595,0.093130,1.502134,3.213674,0.028362,0.348048,1.334448,-0.088315
1.302575,2.871464,0.889332,1.288217,2.870056,0.984401,1.281227,2.878709,1.088387,1.271062,2.878100,1.183359,1.262053,2.877662,1.278341,1.256200,2.890253,1.413813,1.263486,2.919549,1.509385,1.287673,2.871827,1.356498,1.423423,2.805917,1.343721,1.470928,2.798001,1.068263,1.555076,2.859722,0.853272,1.229529,2.897629,1.351584,1.090518,2.945546,1.315294,1.081439,2.899783,1.039571,1.079854,2.854903,0.804844,1.367537,2.826531,0.899110,1.436659,2.746196,0.509740,1.282063,2.481167,0.199775,1.262040,2.480322,0.033496,1.237438,2.916376,0.880793,1.366577,3.050396,0.522775,1.431094,3.055542,0.091489,1.502743,3.213237,0.024196,0.330285,1.250482,-0.035816
1.307733,2.893940,0.889451,1.293692,2.891610,0.984543,1.286800,2.899692,1.088582,1.276618,2.898729,1.183550,1.267475,2.898103,1.278522,1.261283,2.910606,1.413992,1.267875,2.939353,1.509786,1.292898,2.892331,1.356732,1.429063,2.827276,1.344054,1.475106,2.820231,1.068336,1.557515,2.873568,0.850499,1.234726,2.918062,1.351694,1.095806,2.966025,1.315086,1.088492,2.922748,1.038931,1.087545,2.879975,0.803795,1.372724,2.848906,0.898569,1.455662,2.778986,0.509939,1.301746,2.501341,0.211114,1.269742,2.488088,0.043722,1.242569,2.938942,0.881571,1.373112,3.068843,0.522507,1.432059,3.056019,0.090527,1.503513,3.213253,0.021846,0.310786,1.210206,0.019971
1.312169,2.915581,0.890030,1.298573,2.912264,0.985158,1.291994,2.919812,1.089256,1.282025,2.918573,1.184243,1.273007,2.917883,1.279224,1.266863,2.930530,1.414681,1.272921,2.958878,1.510625,1.298493,2.912282,1.357471,1.435268,2.848494,1.344883,1.478592,2.842632,1.068696,1.558616,2.887184,0.847991,1.240258,2.937893,1.352433,1.101247,2.985604,1.315835,1.096145,2.945240,1.039186,1.094560,2.905473,0.803525,1.377206,2.870449,0.898382,1.472029,2.814252,0.510283,1.321921,2.523261,0.222486,1.283598,2.500941,0.055006,1.246963,2.960669,0.882918,1.377200,3.085837,0.522037,1.431354,3.056652,0.090383,1.503463,3.213451,0.021443,0.292113,1.187613,0.078095
1.316613,2.936004,0.891345,1.303462,2.931901,0.986509,1.297148,2.939086,1.090650,1.287381,2.937678,1.185656,1.278478,2.937000,1.280647,1.272355,2.949874,1.416080,1.277930,2.977916,1.512141,1.304054,2.931639,1.358914,1.441358,2.868941,1.346473,1.482261,2.864493,1.069877,1.559095,2.900502,0.846465,1.245725,2.957041,1.353858,1.106570,3.004419,1.317380,1.102826,2.966897,1.040292,1.100726,2.930594,0.804090,1.381941,2.891194,0.899075,1.486965,2.849210,0.511721,1.342876,2.547382,0.231803,1.304431,2.520142,0.063279,1.251118,2.980760,0.884852,1.379811,3.100243,0.521559,1.430574,3.057365,0.090529,1.503340,3.213668,0.021218,0.271806,1.162857,0.130043
1.321388,2.954913,0.893625,1.308664,2.950324,0.988828,1.302472,2.957388,1.092986,1.292797,2.955955,1.188001,1.283881,2.955382,1.282991,1.277566,2.968564,1.418385,1.282668,2.996415,1.514530,1.309484,2.950317,1.361252,1.447042,2.888082,1.349156,1.486429,2.885668,1.072315,1.558820,2.913314,0.846324,1.251048,2.975452,1.356081,1.111798,3.022676,1.319739,1.107822,2.987824,1.042306,1.105767,2.955396,0.805555,1.387379,2.911023,0.900970,1.500750,2.882997,0.514682,1.364828,2.573694,0.238567,1.334329,2.546806,0.066512,1.255234,2.998743,0.887521,1.380988,3.111234,0.521047,1.430265,3.058090,0.090820,1.503376,3.213846,0.020638,0.240081,1.130384,0.175047
1.326170,2.972605,0.896640,1.313874,2.967732,0.991884,1.307755,2.974844,1.096042,1.298162,2.973493,1.191067,1.289223,2.973101,1.286056,1.282689,2.986674,1.421401,1.287368,3.014427,1.517594,1.314881,2.968400,1.364295,1.452611,2.906452,1.352599,1.490779,2.906302,1.075576,1.557923,2.925827,0.847164,1.256305,2.993179,1.358988,1.116908,3.040168,1.322893,1.111845,3.007917,1.045170,1.109958,2.979823,0.807855,1.393071,2.930055,0.903746,1.513104,2.916475,0.518738,1.387560,2.602205,0.243277,1.371205,2.579819,0.066734,1.259112,3.015091,0.890778,1.380688,3.119636,0.520527,1.429880,3.058894,0.091401,1.503338,3.214042,0.020236,0.206723,1.095746,0.213874
1.330718,2.989585,0.899966,1.318783,2.984604,0.995250,1.312707,2.991854,1.099400,1.303240,2.990607,1.194438,1.294359,2.990371,1.289433,1.287713,3.004269,1.424741,1.292037,3.031899,1.520986,1.320134,2.986097,1.367663,1.458244,2.925020,1.356074,1.495231,2.926115,1.078885,1.557516,2.938591,0.848492,1.261335,3.010306,1.362299,1.121556,3.056414,1.326625,1.115452,3.026494,1.048659,1.113945,3.002901,0.810849,1.398631,2.948678,0.906976,1.524390,2.949451,0.523552,1.410708,2.633400,0.245337,1.409620,2.617098,0.065959,1.262651,3.030425,0.894200,1.379744,3.126801,0.520273,1.429377,3.059891,0.092180,1.503285,3.214272,0.019834,0.198617,1.055762,0.240309
1.334927,3.005874,0.903607,1.323288,3.001027,0.998934,1.317231,3.008514,1.103069,1.307950,3.007375,1.198126,1.299233,3.007230,1.293137,1.292616,3.021311,1.428428,1.296673,3.048737,1.524743,1.325188,3.003415,1.371398,1.464007,2.944033,1.359435,1.499882,2.944889,1.082084,1.558041,2.951747,0.850317,1.266052,3.026796,1.366081,1.125555,3.071185,1.331048,1.118818,3.043261,1.052885,1.117976,3.024342,0.814668,1.403961,2.966940,0.910685,1.534984,2.981828,0.529310,1.434434,2.667278,0.244356,1.448947,2.657492,0.064646,1.265744,3.044745,0.897771,1.378209,3.132881,0.520432,1.428682,3.061178,0.093168,1.503243,3.214570,0.019352,0.240470,1.003422,0.248497
1.338901,3.021451,0.907559,1.327492,3.016916,1.002929,1.321424,3.024729,1.107039,1.312373,3.023719,1.202120,1.303900,3.023640,1.297154,1.297420,3.037839,1.432439,1.301277,3.065035,1.528828,1.330098,3.020346,1.375459,1.469835,2.963245,1.362827,1.504636,2.962840,1.085331,1.559056,2.965153,0.852630,1.270540,3.042684,1.370267,1.129093,3.084711,1.336050,1.121767,3.058513,1.057736,1.121802,3.044434,0.819182,1.409160,2.984793,0.914849,1.544511,3.013702,0.535828,1.458577,2.703839,0.240727,1.489813,2.702153,0.062336,1.268498,3.058051,0.901508,1.376029,3.137724,0.520857,1.427869,3.062659,0.094354,1.503186,3.214901,0.018870,0.307576,0.945735,0.244293
1.342710,3.036749,0.911387,1.331398,3.032490,1.006781,1.325286,3.040608,1.110865,1.316509,3.039715,1.205973,1.308379,3.039702,1.301036,1.302186,3.054039,1.436319,1.305867,3.081027,1.532773,1.334917,3.037071,1.379341,1.475715,2.982891,1.365960,1.509120,2.980341,1.088331,1.560348,2.978937,0.854904,1.274894,3.058162,1.374363,1.132394,3.097191,1.341078,1.124332,3.072460,1.062651,1.125322,3.063072,0.823855,1.414141,3.002480,0.918965,1.552212,3.045172,0.542209,1.482285,2.743566,0.235029,1.528663,2.752453,0.059664,1.271137,3.070967,0.905042,1.373878,3.142215,0.521381,1.427119,3.064160,0.095604,1.503082,3.215180,0.018453,0.352701,0.900540,0.239046
1.346373,3.051902,0.915032,1.334939,3.047786,1.010418,1.328745,3.056130,1.114480,1.320318,3.055312,1.209620,1.312692,3.055355,1.304722,1.307055,3.069861,1.440010,1.310605,3.096673,1.536518,1.339737,3.053576,1.382950,1.481794,3.003103,1.368766,1.513146,2.997256,1.090983,1.561932,2.993093,0.857023,1.279194,3.073183,1.378331,1.135501,3.108444,1.346149,1.126463,3.085053,1.067635,1.128517,3.080065,0.828709,1.418878,3.020072,0.922998,1.557797,3.076472,0.548358,1.505591,2.786656,0.226953,1.565217,2.809735,0.056684,1.273726,3.083681,0.908296,1.371838,3.146594,0.521975,1.426435,3.065690,0.096892,1.502885,3.215377,0.018114,0.353807,0.876565,0.241231
1.349871,3.066777,0.918553,1.338183,3.062768,1.013912,1.331873,3.071315,1.117951,1.323840,3.070563,1.213126,1.316816,3.070661,1.308275,1.311885,3.085355,1.443570,1.315328,3.112012,1.540125,1.344465,3.069874,1.386381,1.487925,3.023750,1.371313,1.516904,3.013720,1.093386,1.563793,3.007626,0.859105,1.283361,3.087793,1.382211,1.138371,3.118652,1.351246,1.128209,3.096340,1.072683,1.131406,3.095604,0.833722,1.423396,3.037498,0.926984,1.561556,3.107369,0.554371,1.528463,2.832912,0.216809,1.599754,2.872656,0.053342,1.276200,3.096006,0.911347,1.369826,3.150622,0.522668,1.425813,3.067240,0.098244,1.502641,3.215520,0.017840,0.332932,0.865082,0.242374
1.353208,3.081414,0.921688,1.341332,3.077548,1.017030,1.334880,3.086341,1.121039,1.327200,3.085702,1.216244,1.320704,3.085906,1.311432,1.316312,3.100857,1.446719,1.319561,3.127399,1.543312,1.348878,3.086193,1.389414,1.493658,3.044668,1.373519,1.520589,3.030502,1.095541,1.565672,3.022674,0.860979,1.287247,3.102314,1.385634,1.141105,3.128559,1.355766,1.129744,3.106682,1.077217,1.133943,3.110152,0.838297,1.427685,3.054782,0.930528,1.563603,3.137259,0.559641,1.549946,2.882225,0.206105,1.629555,2.938561,0.050110,1.278584,3.107998,0.914069,1.368272,3.154459,0.523384,1.425422,3.068614,0.099606,1.502463,3.215617,0.017655,0.308964,0.857741,0.228402
1.356378,3.095746,0.924413,1.344422,3.092128,1.019755,1.337799,3.101265,1.123723,1.330402,3.100835,1.218952,1.324310,3.101234,1.314166,1.320201,3.116551,1.449422,1.323126,3.143029,1.546043,1.352898,3.102671,1.392025,1.498863,3.065913,1.375385,1.524256,3.047755,1.097502,1.567418,3.038204,0.862641,1.290791,3.116892,1.388532,1.143706,3.138395,1.359582,1.130983,3.116048,1.081132,1.136116,3.123854,0.842342,1.431738,3.071884,0.933593,1.563866,3.165998,0.564087,1.570389,2.935108,0.194765,1.654469,3.007297,0.046755,1.280868,3.119564,0.916453,1.367398,3.158145,0.524174,1.425363,3.069742,0.101032,1.502412,3.215654,0.017606,0.286076,0.851006,0.189419
1.359388,3.109841,0.926753,1.347418,3.106507,1.022104,1.340597,3.116030,1.126025,1.333441,3.115856,1.221272,1.327679,3.116502,1.316505,1.323687,3.132253,1.451715,1.326201,3.158707,1.548355,1.356603,3.119170,1.394238,1.503671,3.087430,1.376909,1.527849,3.065326,1.099214,1.569183,3.054249,0.864097,1.294054,3.131381,1.390974,1.146171,3.147930,1.362822,1.132011,3.124467,1.084533,1.137937,3.136565,0.845948,1.435561,3.088845,0.936217,1.562416,3.193731,0.567790,1.589444,2.991047,0.182864,1.674648,3.079017,0.043511,1.283063,3.130798,0.918508,1.366982,3.161640,0.524988,1.425536,3.070693,0.102467,1.502427,3.215644,0.017646,0.260095,0.848414,0.135322
1.362265,3.123943,0.928515,1.350409,3.120790,1.023886,1.343396,3.130632,1.127765,1.336436,3.130688,1.223027,1.330902,3.131574,1.318272,1.326818,3.147757,1.453427,1.328845,3.174209,1.550078,1.360000,3.135502,1.395903,1.508019,3.108888,1.378011,1.531401,3.083527,1.100508,1.571159,3.071052,0.865186,1.297076,3.145665,1.392788,1.148592,3.157213,1.365270,1.133253,3.132388,1.087161,1.139395,3.148317,0.848791,1.439159,3.105809,0.938120,1.559576,3.220283,0.570385,1.605113,3.048394,0.172142,1.687823,3.151525,0.041555,1.285221,3.142041,0.920128,1.366781,3.164989,0.525592,1.425801,3.071475,0.103699,1.502436,3.215629,0.017661,0.237385,0.852225,0.081725
1.365078,3.138095,0.929634,1.353504,3.134940,1.025039,1.346310,3.144990,1.128886,1.339484,3.145229,1.224158,1.334047,3.146350,1.319406,1.329601,3.162986,1.454494,1.331056,3.189481,1.551143,1.363103,3.151586,1.396978,1.511908,3.130229,1.378682,1.534968,3.102500,1.101364,1.573343,3.088588,0.865892,1.299878,3.159679,1.393906,1.151011,3.166206,1.366837,1.134827,3.139746,1.088932,1.140367,3.159065,0.850792,1.442593,3.122800,0.939184,1.555004,3.245492,0.571591,1.616879,3.107344,0.162942,1.693406,3.225416,0.041397,1.287417,3.153353,0.921303,1.366771,3.168159,0.525927,1.426153,3.072071,0.104662,1.502413,3.215624,0.017625,0.221598,0.866939,0.031425
1.367759,3.152254,0.930174,1.356595,3.148995,1.025625,1.349224,3.159186,1.129445,1.342487,3.159579,1.224723,1.337046,3.160929,1.319968,1.332029,3.178018,1.454979,1.332836,3.204577,1.551619,1.365897,3.167505,1.397505,1.515338,3.151511,1.378930,1.538493,3.122103,1.101802,1.575738,3.106882,0.866232,1.302440,3.173489,1.394398,1.153386,3.174947,1.367612,1.136616,3.146605,1.089928,1.140976,3.168854,0.852030,1.445801,3.139794,0.939526,1.549042,3.269521,0.571690,1.625258,3.167700,0.154920,1.691985,3.300096,0.042528,1.289577,3.164674,0.922042,1.366976,3.171183,0.526052,1.426597,3.072498,0.105421,1.502384,3.215614,0.017563,0.209083,0.888057,-0.018375
1.370134,3.166538,0.930138,1.359446,3.163184,1.025640,1.351917,3.173466,1.129440,1.345262,3.173962,1.224723,1.339788,3.175469,1.319964,1.334131,3.192877,1.454910,1.334245,3.219437,1.551552,1.368349,3.183312,1.397464,1.518250,3.172579,1.378694,1.541831,3.142209,1.101712,1.578556,3.126252,0.866107,1.304730,3.187175,1.394303,1.155685,3.183594,1.367643,1.138685,3.153608,1.090142,1.141586,3.177856,0.852412,1.448605,3.156871,0.939225,1.543041,3.292682,0.571161,1.629801,3.227222,0.148781,1.683059,3.371577,0.044594,1.291528,3.176161,0.922274,1.367233,3.174198,0.525913,1.427017,3.072810,0.105952,1.502357,3.215605,0.017437,0.195248,0.904348,-0.060445
1.372142,3.180935,0.929460,1.362001,3.177527,1.025019,1.354344,3.187856,1.128805,1.347773,3.188396,1.224094,1.342248,3.189973,1.319331,1.335900,3.207523,1.454227,1.335265,3.234009,1.550888,1.370435,3.198985,1.396776,1.520608,3.193345,1.377930,1.544991,3.162777,1.101033,1.582052,3.146799,0.865475,1.306727,3.200706,1.393557,1.157900,3.192126,1.366827,1.141081,3.160950,1.089442,1.142214,3.186083,0.851778,1.450943,3.174002,0.938218,1.537354,3.314894,0.570063,1.630111,3.286258,0.145109,1.664490,3.439728,0.047716,1.293215,3.187823,0.921930,1.367510,3.176936,0.525480,1.427369,3.072975,0.106149,1.502335,3.215596,0.017201,0.177321,0.909444,-0.091774
1.373843,3.195457,0.928207,1.364317,3.192004,1.023827,1.356550,3.202330,1.127605,1.350057,3.202862,1.222899,1.344451,3.204438,1.318132,1.337343,3.221997,1.452989,1.335913,3.248345,1.549679,1.372178,3.214546,1.395519,1.522449,3.213897,1.376682,1.547963,3.183848,1.099826,1.585969,3.168422,0.864378,1.308454,3.214113,1.392225,1.160040,3.200564,1.365266,1.143758,3.168436,1.087959,1.142844,3.193524,0.850289,1.452877,3.191216,0.936566,1.531630,3.336238,0.568338,1.626585,3.344461,0.143320,1.638416,3.504682,0.051775,1.294693,3.199652,0.921078,1.367839,3.179665,0.524783,1.427697,3.073026,0.106117,1.502313,3.215586,0.016901,0.158076,0.909713,-0.115373
1.375244,3.210255,0.926574,1.366321,3.206772,1.022253,1.358447,3.217048,1.126028,1.352034,3.217518,1.221328,1.346357,3.219018,1.316556,1.338513,3.236443,1.451391,1.336300,3.262538,1.548135,1.373618,3.230123,1.393908,1.523826,3.234351,1.375016,1.550578,3.205430,1.098164,1.589745,3.191138,0.862845,1.309944,3.227576,1.390540,1.162102,3.209133,1.363319,1.146646,3.176122,1.086070,1.143785,3.200313,0.848334,1.454418,3.208675,0.934537,1.526156,3.357275,0.566291,1.619965,3.398542,0.142363,1.610746,3.562847,0.056057,1.295962,3.211787,0.919847,1.368151,3.183336,0.523857,1.428005,3.073113,0.106147,1.502294,3.215581,0.016628,0.141235,0.913026,-0.133050
1.376349,3.225319,0.924541,1.367989,3.221837,1.020270,1.360001,3.232019,1.124046,1.353669,3.232370,1.219352,1.347931,3.233712,1.314579,1.339395,3.250842,1.449409,1.336423,3.276545,1.546238,1.374742,3.245696,1.391933,1.524721,3.254666,1.372829,1.552850,3.227523,1.095940,1.593408,3.215085,0.860764,1.311185,3.241100,1.388497,1.164069,3.217862,1.360998,1.149737,3.184008,1.083791,1.145034,3.206365,0.845910,1.455573,3.226371,0.932128,1.521459,3.378150,0.564029,1.609816,3.448068,0.142520,1.581636,3.612665,0.061096,1.297024,3.224218,0.918190,1.368431,3.188052,0.522685,1.428274,3.073192,0.106216,1.502279,3.215581,0.016417,0.131218,0.922248,-0.144406
1.377153,3.240658,0.922129,1.369346,3.237194,1.017906,1.361248,3.247234,1.121687,1.354998,3.247413,1.216999,1.349207,3.248521,1.312226,1.340005,3.265214,1.447067,1.336285,3.290409,1.544004,1.375563,3.261285,1.389604,1.525151,3.274882,1.370224,1.554764,3.250125,1.093261,1.596930,3.240126,0.858246,1.312189,3.254681,1.386101,1.165959,3.226722,1.358290,1.153038,3.192095,1.081107,1.146595,3.211767,0.843019,1.456335,3.244313,0.929342,1.517013,3.398718,0.561445,1.596573,3.493473,0.143510,1.550931,3.655695,0.066359,1.297877,3.236955,0.916154,1.368694,3.193710,0.521284,1.428523,3.073307,0.106347,1.502265,3.215584,0.016233,0.123606,0.934514,-0.149840
1.377646,3.256453,0.919605,1.370391,3.252988,1.015425,1.362201,3.262832,1.119217,1.356059,3.262792,1.214536,1.350248,3.263611,1.309765,1.340435,3.279764,1.444629,1.336000,3.304353,1.541690,1.376153,3.277079,1.387162,1.525228,3.295238,1.367578,1.556106,3.273238,1.090520,1.599660,3.265869,0.855655,1.313023,3.268478,1.383602,1.167821,3.235844,1.355510,1.156502,3.200444,1.078355,1.148796,3.216908,0.840065,1.456700,3.262692,0.926443,1.511537,3.419104,0.558523,1.582283,3.532772,0.143440,1.524075,3.693019,0.069531,1.298504,3.250165,0.914006,1.368916,3.200941,0.519744,1.428821,3.073747,0.106898,1.502246,3.215590,0.016067,0.108872,0.949096,-0.152353
1.377881,3.272717,0.917024,1.371162,3.269218,1.012882,1.362882,3.278821,1.116690,1.356850,3.278530,1.212016,1.351028,3.279029,1.307248,1.340628,3.294589,1.442138,1.335503,3.318481,1.539340,1.376479,3.293151,1.384651,1.524982,3.315689,1.365054,1.556751,3.296832,1.087872,1.601395,3.292213,0.853145,1.313648,3.282576,1.381034,1.169584,3.245370,1.352688,1.160193,3.209149,1.075573,1.151809,3.221825,0.837089,1.456717,3.281542,0.923499,1.504395,3.439355,0.555209,1.566664,3.565416,0.141870,1.502554,3.724859,0.069534,1.298963,3.263842,0.911789,1.369358,3.209863,0.518122,1.429259,3.074434,0.107916,1.502221,3.215596,0.015944,0.082102,0.969416,-0.152642
1.377805,3.289436,0.914331,1.371621,3.285884,1.010224,1.363269,3.295193,1.114053,1.357372,3.294605,1.209387,1.351571,3.294728,1.304622,1.340642,3.309593,1.439551,1.334859,3.332688,1.536909,1.376575,3.309429,1.382027,1.524382,3.336278,1.362488,1.556823,3.320938,1.085162,1.602339,3.319259,0.850561,1.314102,3.296891,1.378363,1.171320,3.255158,1.349794,1.164046,3.218115,1.072724,1.155462,3.226482,0.834050,1.456337,3.300829,0.920443,1.496223,3.459424,0.551557,1.549997,3.591954,0.139241,1.484881,3.750994,0.067445,1.299196,3.277993,0.909461,1.369759,3.220358,0.516362,1.429745,3.075445,0.109355,1.502191,3.215604,0.015839,0.048209,0.992052,-0.150010
1.377248,3.306752,0.911625,1.371647,3.303132,1.007551,1.363319,3.312062,1.111415,1.357665,3.311086,1.206759,1.352011,3.310724,1.302000,1.340738,3.324694,1.436993,1.334378,3.346889,1.534524,1.376609,3.325885,1.379403,1.523446,3.357381,1.359762,1.556482,3.345641,1.082325,1.602452,3.346912,0.847806,1.314579,3.311331,1.375736,1.173294,3.264912,1.347048,1.167820,3.227122,1.070030,1.159562,3.231162,0.831224,1.455408,3.320652,0.917341,1.487649,3.479300,0.547707,1.535171,3.612047,0.134985,1.472046,3.771832,0.064178,1.299018,3.292801,0.907155,1.369308,3.232713,0.514381,1.430073,3.077294,0.111441,1.502151,3.215613,0.015669,0.012412,1.006019,-0.145374
1.376190,3.325077,0.908737,1.371281,3.321408,1.004697,1.363141,3.329826,1.108617,1.357898,3.328294,1.203974,1.352578,3.327219,1.299225,1.341227,3.339889,1.434332,1.334408,3.360996,1.532068,1.376824,3.342588,1.376631,1.522386,3.379247,1.356594,1.555974,3.371223,1.079100,1.601908,3.375365,0.844603,1.315322,3.325937,1.373012,1.175757,3.274585,1.344339,1.171314,3.236109,1.067386,1.164017,3.235929,0.828521,1.453920,3.341399,0.913960,1.477992,3.499366,0.543456,1.522708,3.623811,0.128018,1.465510,3.786440,0.059560,1.298401,3.308711,0.904760,1.368084,3.246854,0.512095,1.430353,3.079730,0.114154,1.502124,3.215494,0.015301,-0.026022,1.011209,-0.146359
1.374651,3.344000,0.905837,1.370483,3.340265,1.001829,1.362627,3.348086,1.105818,1.357901,3.345909,1.201190,1.353041,3.344010,1.296452,1.341798,3.355181,1.431700,1.334602,3.375097,1.529658,1.376978,3.359470,1.373857,1.520991,3.401625,1.353265,1.555053,3.397404,1.075749,1.600533,3.404425,0.841230,1.316087,3.340669,1.370332,1.178459,3.284225,1.341778,1.174728,3.245137,1.064898,1.168920,3.240720,0.826031,1.451883,3.362682,0.910534,1.467934,3.519238,0.539007,1.512085,3.629129,0.119423,1.463810,3.795751,0.053765,1.297372,3.325278,0.902388,1.366009,3.262854,0.509589,1.430476,3.083004,0.117514,1.502087,3.215376,0.014869,-0.066361,1.007731,-0.145339
1.372525,3.362417,0.903536,1.369005,3.358502,0.999548,1.361408,3.365759,1.103599,1.357205,3.363049,1.198984,1.352838,3.360510,1.294260,1.341775,3.370494,1.429624,1.334226,3.389375,1.527765,1.376513,3.376293,1.371637,1.518648,3.424140,1.350497,1.553131,3.423426,1.072991,1.597772,3.433426,0.838427,1.316329,3.355318,1.368265,1.180913,3.293678,1.339926,1.178427,3.254168,1.063102,1.174355,3.245629,0.824305,1.449179,3.383434,0.907822,1.460149,3.537751,0.535114,1.504628,3.633307,0.111894,1.463546,3.802977,0.048225,1.295833,3.341363,0.900500,1.362040,3.281218,0.507037,1.429908,3.088379,0.121803,1.501965,3.215656,0.014686,-0.101181,0.984915,-0.120358
1.369493,3.380241,0.902019,1.366513,3.375929,0.998032,1.359152,3.382679,1.102133,1.355484,3.379621,1.197530,1.351654,3.376751,1.292821,1.340865,3.386100,1.428256,1.332960,3.404185,1.526522,1.375195,3.393262,1.370107,1.515032,3.447104,1.348407,1.549936,3.449396,1.070955,1.593425,3.462348,0.836303,1.315818,3.370083,1.366983,1.182981,3.303034,1.338911,1.182612,3.263388,1.062098,1.180250,3.250598,0.823472,1.445508,3.403525,0.906047,1.456424,3.554651,0.531999,1.501801,3.638074,0.106315,1.464190,3.808919,0.043254,1.293442,3.356915,0.899241,1.355956,3.303408,0.504274,1.428092,3.096855,0.127111,1.501798,3.215737,0.014325,-0.130509,0.928477,-0.048930
1.365874,3.397559,0.901102,1.363343,3.392734,0.997103,1.356192,3.399010,1.101248,1.353064,3.395718,1.196656,1.349805,3.392701,1.291961,1.339361,3.401729,1.427443,1.331124,3.419171,1.525796,1.373259,3.410174,1.369130,1.510468,3.470205,1.346878,1.545739,3.475208,1.069512,1.587691,3.491210,0.834749,1.314785,3.384766,1.366313,1.184801,3.312204,1.338605,1.187082,3.272611,1.061786,1.186678,3.255685,0.823404,1.441171,3.423086,0.904987,1.454972,3.570192,0.529440,1.502139,3.641700,0.101801,1.466270,3.812774,0.038539,1.290541,3.371984,0.898466,1.347978,3.327961,0.501465,1.425585,3.107431,0.133350,1.501545,3.216214,0.014213,-0.154320,0.852702,0.046460
1.362518,3.413540,0.900843,1.360253,3.408285,0.996829,1.353159,3.414164,1.101002,1.350456,3.410730,1.196419,1.347674,3.407662,1.291738,1.337470,3.416492,1.427250,1.328942,3.433448,1.525662,1.370859,3.426178,1.368844,1.505320,3.492127,1.346279,1.540770,3.499783,1.069000,1.580610,3.519403,0.834178,1.313380,3.398561,1.366314,1.186298,3.320763,1.339181,1.191599,3.281245,1.062398,1.193940,3.261162,0.824271,1.436945,3.441443,0.904729,1.453114,3.583976,0.527529,1.502571,3.644297,0.098388,1.467966,3.815350,0.034567,1.288054,3.385582,0.898203,1.337728,3.350991,0.499285,1.423523,3.118369,0.140531,1.501007,3.219273,0.015949,-0.165109,0.789776,0.120302
1.359881,3.427823,0.901337,1.357620,3.422235,0.997306,1.350346,3.427798,1.101484,1.347890,3.424310,1.196906,1.345431,3.421280,1.292237,1.335288,3.430020,1.427760,1.326563,3.446712,1.526202,1.368042,3.440907,1.369399,1.499755,3.512267,1.346891,1.534975,3.522593,1.069669,1.572155,3.546693,0.834842,1.311635,3.411129,1.367104,1.187291,3.328623,1.340986,1.196242,3.289244,1.064300,1.202775,3.267376,0.826436,1.433271,3.458311,0.905454,1.449723,3.595836,0.526415,1.502115,3.645526,0.096281,1.468600,3.816494,0.031635,1.286459,3.397273,0.898459,1.324279,3.371345,0.497795,1.421939,3.128665,0.148975,1.501340,3.225637,0.020972,-0.154264,0.758097,0.151120
1.357507,3.440769,0.902489,1.355068,3.434930,0.998439,1.347460,3.440254,1.102605,1.345136,3.436805,1.198032,1.342906,3.433909,1.293372,1.332718,3.442683,1.428889,1.323838,3.459268,1.527336,1.364761,3.454729,1.370646,1.493605,3.531228,1.348433,1.528406,3.544167,1.071269,1.562352,3.573314,0.836490,1.309518,3.422809,1.368564,1.187961,3.335871,1.343674,1.200931,3.296654,1.067126,1.212444,3.273981,0.829536,1.429708,3.473975,0.906980,1.445925,3.605939,0.525950,1.501753,3.645726,0.095276,1.468851,3.816359,0.029446,1.285279,3.407493,0.899227,1.308558,3.390177,0.496933,1.420799,3.139322,0.158362,1.501388,3.234581,0.027843,-0.130397,0.739267,0.160391
1.354873,3.452622,0.904074,1.352232,3.446768,1.000017,1.344247,3.451973,1.104161,1.342017,3.448648,1.199593,1.339977,3.445925,1.294942,1.329679,3.454708,1.430450,1.320543,3.471146,1.528895,1.361025,3.467902,1.372282,1.486732,3.549506,1.350434,1.521451,3.565019,1.073393,1.551319,3.599352,0.838783,1.307093,3.433818,1.370395,1.188782,3.342344,1.346387,1.205185,3.303023,1.070013,1.221022,3.280206,0.832651,1.425714,3.488609,0.908849,1.442417,3.614389,0.525783,1.501364,3.646023,0.094796,1.468933,3.816208,0.027603,1.284009,3.416562,0.900520,1.292961,3.407061,0.497197,1.421133,3.151610,0.167747,1.497487,3.246124,0.033846,-0.111842,0.710283,0.167043
1.351758,3.463344,0.906083,1.348911,3.457840,1.002038,1.340526,3.463093,1.106148,1.338382,3.459992,1.201590,1.336524,3.457463,1.296948,1.326095,3.466160,1.432451,1.316555,3.482343,1.530901,1.356794,3.480514,1.374269,1.479052,3.567291,1.352847,1.514402,3.585406,1.076049,1.538982,3.625252,0.841779,1.304347,3.444201,1.372561,1.189965,3.347860,1.348807,1.208544,3.307763,1.072663,1.227707,3.285644,0.835470,1.421035,3.502202,0.910972,1.439669,3.620690,0.525741,1.500897,3.646735,0.094624,1.468860,3.816440,0.026025,1.282449,3.424417,0.902411,1.278100,3.421635,0.498898,1.424160,3.165553,0.177609,1.487787,3.260970,0.038231,-0.101966,0.659191,0.177542
1.348383,3.472973,0.908524,1.345305,3.468054,1.004504,1.336478,3.473476,1.108569,1.334382,3.470684,1.204022,1.332667,3.468388,1.299389,1.322041,3.476975,1.434884,1.311996,3.492862,1.533333,1.352107,3.492478,1.376645,1.470648,3.584393,1.355719,1.506966,3.605072,1.079229,1.525415,3.650569,0.845420,1.301291,3.453913,1.375099,1.191297,3.352601,1.351252,1.211468,3.311463,1.075374,1.233301,3.290702,0.838303,1.415925,3.514765,0.913438,1.437212,3.625338,0.525996,1.500404,3.647545,0.094977,1.468618,3.816656,0.024791,1.280799,3.431120,0.904828,1.263364,3.434262,0.501724,1.428662,3.181126,0.187469,1.474138,3.278414,0.041747,-0.097400,0.597945,0.185423
1.344898,3.481868,0.911204,1.341656,3.477538,1.007208,1.332385,3.483137,1.111225,1.330288,3.480686,1.206687,1.328633,3.478662,1.302061,1.317668,3.487178,1.437533,1.307005,3.502744,1.535967,1.347096,3.503786,1.379226,1.461630,3.600731,1.358717,1.498660,3.623756,1.082501,1.510945,3.674050,0.849195,1.298020,3.463028,1.377818,1.192620,3.356951,1.353821,1.214859,3.315435,1.078179,1.238289,3.295824,0.841159,1.410602,3.526509,0.916056,1.434331,3.629930,0.526718,1.499917,3.648626,0.095931,1.468377,3.816925,0.023748,1.279145,3.437174,0.907571,1.249314,3.445611,0.505234,1.432009,3.199527,0.194941,1.458419,3.296350,0.043930,-0.106372,0.539404,0.190210
1.341375,3.490093,0.914175,1.338088,3.486294,1.010201,1.328382,3.492059,1.114169,1.326224,3.489978,1.209638,1.324512,3.488281,1.305017,1.312998,3.496803,1.440442,1.301572,3.512026,1.538842,1.341792,3.514452,1.382055,1.451991,3.616336,1.361838,1.489291,3.641399,1.085831,1.495454,3.695315,0.853091,1.294560,3.471575,1.380747,1.193890,3.361038,1.356583,1.219257,3.320276,1.081117,1.242641,3.301089,0.844047,1.405169,3.537443,0.918854,1.430744,3.635037,0.528103,1.499437,3.650064,0.097657,1.468121,3.817295,0.022877,1.277529,3.442696,0.910718,1.236106,3.455679,0.509495,1.434015,3.221841,0.199171,1.440600,3.313389,0.044339,-0.137603,0.486599,0.193477
1.337742,3.497583,0.917385,1.334476,3.494320,1.013431,1.324333,3.500260,1.117347,1.322067,3.498581,1.212822,1.320214,3.497249,1.308204,1.308008,3.505818,1.443566,1.295706,3.520670,1.541918,1.336165,3.524463,1.385090,1.441738,3.631178,1.365084,1.479050,3.658061,1.089253,1.479061,3.714744,0.857121,1.290883,3.479526,1.383856,1.195149,3.364735,1.359469,1.224122,3.325390,1.084149,1.246386,3.306418,0.846957,1.399523,3.547559,0.921803,1.426733,3.640088,0.529954,1.498963,3.651773,0.099985,1.467865,3.817718,0.022196,1.275909,3.447568,0.914192,1.223584,3.464469,0.514440,1.434866,3.246982,0.201012,1.420710,3.330921,0.043415,-0.182371,0.436498,0.193651
1.333932,3.504505,0.920476,1.330692,3.501733,1.016538,1.320113,3.507810,1.120404,1.317719,3.506519,1.215881,1.315697,3.505550,1.311264,1.302774,3.514154,1.446558,1.289573,3.528607,1.544854,1.330256,3.533771,1.388013,1.431002,3.645090,1.368132,1.468030,3.673656,1.092434,1.462447,3.732228,0.860809,1.286999,3.486875,1.386865,1.196362,3.368040,1.362365,1.228737,3.330292,1.087186,1.250097,3.312020,0.849864,1.393569,3.557038,0.924623,1.422427,3.644972,0.531844,1.498524,3.653661,0.102473,1.467825,3.818125,0.021610,1.274243,3.451939,0.917555,1.211835,3.472662,0.519423,1.432482,3.272888,0.200644,1.400716,3.351015,0.042016,-0.222731,0.392875,0.185535
1.329937,3.510900,0.923409,1.326736,3.508575,1.019484,1.315738,3.514745,1.123301,1.313217,3.513832,1.218780,1.311024,3.513222,1.314162,1.297401,3.521853,1.449386,1.283292,3.535877,1.547617,1.324157,3.542433,1.390807,1.419870,3.658103,1.370929,1.456163,3.688121,1.095286,1.445732,3.747515,0.864009,1.282994,3.493688,1.389773,1.197620,3.371005,1.365375,1.232933,3.334887,1.090337,1.253859,3.318140,0.852864,1.387281,3.565941,0.927275,1.417751,3.649790,0.533707,1.498173,3.655787,0.105087,1.468202,3.818524,0.021107,1.272541,3.455830,0.920770,1.201115,3.480409,0.524330,1.426028,3.299214,0.197607,1.382144,3.375006,0.040192,-0.252085,0.357935,0.163921
1.325765,3.516726,0.926222,1.322607,3.514804,1.022308,1.311191,3.521029,1.126076,1.308523,3.520480,1.221554,1.306132,3.520227,1.316933,1.291784,3.528873,1.452081,1.276744,3.542439,1.550238,1.317777,3.550393,1.393490,1.408256,3.670185,1.373529,1.443516,3.701520,1.097898,1.428796,3.760857,0.866867,1.278782,3.499899,1.392580,1.198833,3.373579,1.368396,1.236879,3.339271,1.093492,1.257588,3.324532,0.855860,1.380686,3.574208,0.929797,1.412781,3.654440,0.535608,1.497857,3.658091,0.107862,1.468794,3.818905,0.020699,1.270793,3.459219,0.923874,1.191168,3.487558,0.529275,1.416339,3.326304,0.192359,1.363467,3.401559,0.037894,-0.277032,0.329472,0.134019
1.321375,3.522025,0.928675,1.318182,3.520420,1.024765,1.306296,3.526615,1.128482,1.303428,3.526374,1.223955,1.300792,3.526431,1.319328,1.285685,3.535023,1.454396,1.269729,3.548092,1.552477,1.310891,3.557438,1.395798,1.396031,3.681081,1.375767,1.430383,3.713961,1.100205,1.411963,3.772895,0.869339,1.274116,3.505302,1.395000,1.199687,3.375613,1.371000,1.240366,3.343253,1.096239,1.261599,3.330673,0.858536,1.373767,3.581840,0.932033,1.407877,3.658504,0.537316,1.497442,3.660305,0.110464,1.469208,3.819173,0.020324,1.268934,3.462188,0.926542,1.181322,3.494338,0.533957,1.403842,3.353132,0.186452,1.342070,3.428733,0.035830,-0.299420,0.304639,0.106255
1.316800,3.526770,0.930713,1.313450,3.525393,1.026802,1.301018,3.531465,1.130462,1.297880,3.531468,1.225926,1.294943,3.531779,1.321290,1.279035,3.540233,1.456275,1.262190,3.552762,1.554278,1.303421,3.563479,1.397669,1.383121,3.690692,1.377609,1.416818,3.725557,1.102214,1.395300,3.783799,0.871429,1.268931,3.509807,1.396965,1.200104,3.377037,1.373078,1.243352,3.346720,1.098475,1.266277,3.336542,0.860834,1.366528,3.588817,0.933953,1.403113,3.661668,0.538740,1.496858,3.662355,0.112777,1.469253,3.819255,0.019956,1.267021,3.464703,0.928699,1.171250,3.500996,0.538412,1.388461,3.379564,0.180274,1.317150,3.456839,0.034183,-0.319141,0.284641,0.084639
1.312007,3.530989,0.932390,1.308421,3.529752,1.028472,1.295393,3.535617,1.132072,1.291929,3.535807,1.227525,1.288645,3.536325,1.322877,1.271902,3.544573,1.457774,1.254185,3.556524,1.555695,1.295445,3.568606,1.399165,1.369600,3.699117,1.379090,1.402766,3.736195,1.103919,1.378739,3.793399,0.873134,1.263292,3.513503,1.398543,1.200163,3.377919,1.374739,1.245878,3.349785,1.100302,1.271238,3.342161,0.862812,1.358966,3.595160,0.935586,1.398416,3.664246,0.539970,1.496174,3.664315,0.114916,1.469120,3.819223,0.019622,1.264996,3.466799,0.930420,1.161279,3.507284,0.542605,1.370273,3.405734,0.173437,1.289510,3.485565,0.032770,-0.336303,0.268274,0.065162
1.306861,3.534806,0.933625,1.302992,3.533585,1.029696,1.289346,3.539141,1.133232,1.285520,3.539441,1.228672,1.281851,3.540102,1.324008,1.264250,3.548068,1.458813,1.245689,3.559397,1.556651,1.286962,3.572866,1.400208,1.355560,3.706394,1.380152,1.388352,3.745643,1.105234,1.362399,3.801829,0.874407,1.257150,3.516453,1.399649,1.199789,3.378320,1.375883,1.247857,3.352587,1.101614,1.275651,3.347062,0.864319,1.351046,3.600931,0.936868,1.393923,3.666756,0.541053,1.495467,3.666134,0.116889,1.468991,3.819198,0.019341,1.262620,3.468663,0.931610,1.151713,3.512686,0.546129,1.349940,3.431010,0.166325,1.258940,3.512040,0.031761,-0.353073,0.249072,0.046226
1.301328,3.538196,0.934354,1.297142,3.536823,1.030409,1.282867,3.541951,1.133882,1.278645,3.542275,1.229305,1.274558,3.543021,1.324624,1.256078,3.550644,1.459331,1.236695,3.561313,1.557084,1.277967,3.576184,1.400737,1.340905,3.712454,1.380665,1.373578,3.753773,1.106037,1.346268,3.809107,0.875151,1.250511,3.518585,1.400229,1.199063,3.378146,1.376492,1.249344,3.355206,1.102379,1.279357,3.351064,0.865320,1.342737,3.606084,0.937756,1.389861,3.669331,0.542014,1.494794,3.667775,0.118670,1.468925,3.819222,0.019131,1.259861,3.470289,0.932179,1.142378,3.516981,0.548955,1.327210,3.455201,0.158885,1.224532,3.535886,0.031032,-0.368442,0.222011,0.027490
1.295442,3.541186,0.934641,1.290892,3.539534,1.030676,1.275967,3.544134,1.134083,1.271311,3.544403,1.229486,1.266770,3.545170,1.324785,1.247387,3.552375,1.459389,1.227209,3.562340,1.557056,1.268464,3.578636,1.400813,1.325732,3.717366,1.380760,1.358443,3.760714,1.106451,1.330358,3.815216,0.875463,1.243367,3.519971,1.400336,1.197905,3.377490,1.376585,1.250282,3.357562,1.102628,1.282516,3.354349,0.865851,1.334072,3.610665,0.938292,1.386002,3.671839,0.542827,1.494098,3.669274,0.120284,1.468863,3.819253,0.018975,1.256751,3.471682,0.932217,1.133448,3.520391,0.551113,1.302335,3.478498,0.151171,1.187195,3.557480,0.030705,-0.383419,0.192116,0.009295
1.289162,3.543976,0.934600,1.284205,3.542006,1.030609,1.268610,3.546018,1.133941,1.263483,3.546154,1.229320,1.258451,3.546849,1.324594,1.238142,3.553509,1.459088,1.217232,3.562700,1.556676,1.258465,3.580492,1.400545,1.310427,3.721371,1.380770,1.343063,3.766621,1.106758,1.314829,3.820239,0.875588,1.235656,3.520888,1.400046,1.196001,3.376684,1.376112,1.250421,3.359550,1.102355,1.284770,3.357001,0.865867,1.325114,3.614869,0.938534,1.381797,3.674389,0.543459,1.493284,3.670694,0.121818,1.468807,3.819283,0.018841,1.253144,3.473052,0.931894,1.125744,3.523068,0.552289,1.276735,3.500844,0.143724,1.149448,3.575088,0.031321,-0.403196,0.168003,-0.008927
1.282509,3.546644,0.934270,1.277094,3.544385,1.030248,1.260789,3.547790,1.133493,1.255129,3.547734,1.228841,1.249540,3.548272,1.324085,1.228242,3.554252,1.458457,1.206658,3.562584,1.555975,1.247894,3.581965,1.399952,1.295040,3.724639,1.380815,1.327401,3.771560,1.107047,1.299748,3.824141,0.875570,1.227307,3.521557,1.399375,1.193277,3.375992,1.375032,1.249697,3.361129,1.101537,1.285912,3.358859,0.865317,1.315923,3.618760,0.938474,1.377301,3.677007,0.543919,1.492379,3.672024,0.123248,1.468759,3.819308,0.018708,1.249022,3.474495,0.931296,1.119655,3.524601,0.552322,1.250362,3.522393,0.136559,1.110890,3.588267,0.033552,-0.429294,0.153867,-0.027051
1.275462,3.549113,0.933612,1.269545,3.546524,1.029554,1.252512,3.549264,1.132702,1.246280,3.548936,1.228015,1.240098,3.549224,1.323224,1.217790,3.554398,1.457467,1.195593,3.561800,1.554923,1.236828,3.582841,1.399014,1.279522,3.727001,1.380775,1.311494,3.775465,1.107230,1.285048,3.826958,0.875364,1.218390,3.521757,1.398306,1.189808,3.375149,1.373387,1.248173,3.362339,1.100197,1.286149,3.360084,0.864252,1.306440,3.622274,0.938119,1.372459,3.679669,0.544198,1.491356,3.673275,0.124597,1.468718,3.819332,0.018596,1.244403,3.475914,0.930337,1.114792,3.525401,0.551373,1.223264,3.542992,0.129662,1.071922,3.597459,0.036726,-0.460191,0.145513,-0.045203
1.267915,3.551347,0.932623,1.261488,3.548276,1.028515,1.243768,3.550211,1.131564,1.236998,3.549467,1.226838,1.230271,3.549363,1.322010,1.207059,3.553570,1.456133,1.184342,3.559997,1.553539,1.225512,3.582748,1.397780,1.264114,3.728193,1.380629,1.295576,3.778300,1.107323,1.270682,3.828880,0.875086,1.209047,3.521098,1.396860,1.185501,3.373695,1.371250,1.245779,3.363197,1.098387,1.285745,3.361237,0.862778,1.296553,3.625424,0.937542,1.366558,3.682413,0.544239,1.490043,3.674533,0.126015,1.468686,3.819358,0.018531,1.239189,3.477223,0.928937,1.110807,3.526858,0.549614,1.197006,3.562128,0.123536,1.036275,3.602256,0.039363,-0.496520,0.138969,-0.064325
1.259946,3.553326,0.931297,1.252988,3.549591,1.027128,1.234606,3.550568,1.130075,1.227319,3.549249,1.225304,1.220079,3.548605,1.320437,1.196046,3.551690,1.454446,1.172909,3.557110,1.551815,1.213945,3.581589,1.396242,1.248750,3.728141,1.380332,1.279606,3.780005,1.107281,1.256672,3.829742,0.874666,1.199251,3.519487,1.395031,1.180318,3.371536,1.368667,1.242553,3.363861,1.096158,1.284808,3.362566,0.860938,1.286334,3.628202,0.936759,1.359601,3.684912,0.543992,1.488453,3.675624,0.127401,1.468672,3.819381,0.018535,1.233465,3.478395,0.927068,1.108091,3.529536,0.546961,1.171254,3.580047,0.118558,1.004394,3.600894,0.041602,-0.541354,0.134589,-0.084944
1.251478,3.555069,0.929639,1.243979,3.550518,1.025398,1.224977,3.550399,1.128238,1.217207,3.548361,1.223419,1.209502,3.547033,1.318510,1.184755,3.548837,1.452415,1.161291,3.553205,1.549760,1.202127,3.579461,1.394406,1.233496,3.726919,1.379928,1.263625,3.780639,1.107150,1.242996,3.829710,0.874175,1.189029,3.517016,1.392826,1.174299,3.368767,1.365593,1.238457,3.364171,1.093458,1.283229,3.363823,0.858688,1.275711,3.630615,0.935755,1.351584,3.687494,0.543506,1.486574,3.676722,0.128855,1.468668,3.819405,0.018585,1.227146,3.479457,0.924758,1.106254,3.532872,0.543498,1.146343,3.596503,0.114351,0.975834,3.595136,0.043304,-0.591618,0.132019,-0.106534
1.242166,3.556595,0.927663,1.234196,3.551052,1.023328,1.214722,3.549670,1.126069,1.206622,3.546739,1.221196,1.198632,3.544553,1.316246,1.173468,3.544875,1.450082,1.149792,3.548117,1.547417,1.190302,3.576288,1.392340,1.218791,3.724492,1.379530,1.247986,3.780340,1.107085,1.229533,3.829467,0.873935,1.178602,3.513577,1.390285,1.167472,3.365205,1.361967,1.233306,3.363669,1.090189,1.280945,3.364832,0.856004,1.264347,3.632705,0.934554,1.341784,3.691180,0.542869,1.484186,3.678440,0.130826,1.468647,3.819442,0.018645,1.219883,3.480406,0.922005,1.103773,3.536564,0.539649,1.124834,3.610246,0.110294,0.952993,3.589872,0.042580,-0.638725,0.126225,-0.128459
1.231781,3.557972,0.925153,1.223372,3.551170,1.020693,1.203617,3.548305,1.123345,1.195410,3.544264,1.218420,1.187417,3.541021,1.313438,1.162310,3.539650,1.447278,1.138589,3.541677,1.544634,1.178566,3.571961,1.389888,1.204840,3.720744,1.379090,1.232734,3.779076,1.107036,1.216264,3.829229,0.873955,1.168027,3.509058,1.387253,1.159857,3.360730,1.357623,1.226916,3.362015,1.086132,1.277911,3.365383,0.852690,1.252076,3.634521,0.933023,1.330238,3.696077,0.541888,1.481658,3.680345,0.133230,1.468582,3.819505,0.018711,1.211379,3.481324,0.918513,1.100610,3.541260,0.535205,1.107339,3.620773,0.106007,0.937594,3.586553,0.037427,-0.683525,0.122410,-0.160371
1.220554,3.559132,0.922324,1.211774,3.550895,1.017718,1.191886,3.546382,1.120289,1.183726,3.541056,1.215307,1.175910,3.536581,1.310293,1.151156,3.533316,1.444171,1.127505,3.534054,1.541564,1.166823,3.566590,1.387204,1.191437,3.715791,1.378657,1.217823,3.776880,1.107053,1.203207,3.828780,0.874226,1.157247,3.503572,1.383886,1.151435,3.355463,1.352726,1.219472,3.359548,1.081504,1.274172,3.365686,0.848942,1.239064,3.636013,0.931295,1.316909,3.702079,0.540756,1.478623,3.682870,0.136150,1.468499,3.819580,0.018787,1.201930,3.482128,0.914578,1.096803,3.546313,0.530375,1.093248,3.628586,0.101871,0.927913,3.583727,0.029847,-0.725166,0.115370,-0.192619
1.208834,3.559891,0.919831,1.199931,3.550296,1.015093,1.180043,3.544100,1.117577,1.171992,3.537409,1.212518,1.164360,3.531571,1.307442,1.139917,3.526195,1.441305,1.116314,3.525598,1.538710,1.155027,3.560431,1.384820,1.178411,3.709940,1.378491,1.203468,3.773986,1.107442,1.190305,3.828161,0.875054,1.146316,3.497345,1.380692,1.142173,3.349586,1.347714,1.211343,3.356823,1.076862,1.269801,3.366199,0.845329,1.225472,3.637074,0.929797,1.300954,3.709886,0.540136,1.473756,3.687931,0.140290,1.468449,3.819635,0.018840,1.192080,3.482567,0.911086,1.090938,3.549473,0.526211,1.083294,3.633945,0.098400,0.921180,3.581917,0.023956,-0.752511,0.084466,-0.195606
1.196475,3.560305,0.917850,1.187885,3.549490,1.013008,1.168198,3.541544,1.115403,1.160335,3.533343,1.210233,1.152858,3.525908,1.305047,1.128583,3.518022,1.438796,1.104964,3.516007,1.536175,1.143196,3.553212,1.382891,1.166070,3.702883,1.378676,1.189875,3.770506,1.108404,1.177571,3.827761,0.876732,1.135204,3.490112,1.377722,1.131571,3.342886,1.342389,1.202536,3.353988,1.072161,1.265095,3.367635,0.841994,1.211073,3.637790,0.928625,1.281906,3.720463,0.540136,1.466546,3.697007,0.145728,1.468743,3.818963,0.017787,1.181768,3.482671,0.908292,1.081526,3.549642,0.523161,1.078938,3.636189,0.095768,0.917255,3.581676,0.021569,-0.757959,0.004579,-0.140532
1.183624,3.560319,0.916204,1.175595,3.548359,1.011271,1.156242,3.538629,1.113574,1.148627,3.528838,1.208272,1.141313,3.519674,1.302946,1.117164,3.509062,1.436528,1.093508,3.505581,1.533857,1.131312,3.545205,1.381263,1.154104,3.694929,1.379128,1.176838,3.766328,1.109739,1.164991,3.827191,0.878966,1.123941,3.482138,1.374925,1.120130,3.335576,1.336947,1.193044,3.350894,1.067445,1.259755,3.369281,0.838792,1.196095,3.638076,0.927684,1.260233,3.732846,0.540648,1.457505,3.708619,0.152387,1.469070,3.818270,0.016712,1.171054,3.482410,0.905940,1.070055,3.547919,0.520776,1.078720,3.635979,0.093801,0.916278,3.582452,0.020870,-0.749110,-0.099171,-0.056199
1.171070,3.559580,0.915022,1.163472,3.546624,1.009998,1.144357,3.535303,1.112191,1.136914,3.524128,1.206758,1.129700,3.513463,1.301295,1.105601,3.500436,1.434693,1.081879,3.495567,1.531950,1.119281,3.537490,1.379998,1.141414,3.687311,1.379868,1.163949,3.761360,1.111153,1.152461,3.825324,0.881176,1.112666,3.474447,1.372655,1.109322,3.328474,1.332415,1.183212,3.347656,1.063400,1.252957,3.369463,0.835865,1.181387,3.637564,0.927110,1.236491,3.744847,0.542014,1.446846,3.720241,0.160734,1.468546,3.819643,0.018831,1.160661,3.481439,0.904150,1.059579,3.545351,0.518761,1.078994,3.635552,0.092499,0.915895,3.583114,0.020536,-0.737624,-0.172071,0.000587
1.159163,3.557816,0.914374,1.151682,3.544068,1.009252,1.132590,3.531466,1.111305,1.125164,3.519254,1.205752,1.117941,3.507479,1.300162,1.093783,3.492595,1.433366,1.069958,3.486495,1.530531,1.106992,3.530518,1.379133,1.127577,3.680552,1.381011,1.151174,3.755048,1.112494,1.139931,3.821368,0.883163,1.101341,3.467465,1.371069,1.099540,3.321884,1.329278,1.172865,3.344298,1.060345,1.244215,3.367374,0.833366,1.167285,3.635979,0.926956,1.210246,3.756755,0.544661,1.434384,3.731078,0.171463,1.468775,3.824189,0.026524,1.150952,3.479482,0.903007,1.050919,3.542046,0.517103,1.078699,3.635659,0.092066,0.915516,3.583266,0.020253,-0.727299,-0.179446,-0.004495
1.147553,3.555300,0.914190,1.140059,3.540907,1.008970,1.120895,3.527217,1.110865,1.113409,3.514174,1.205193,1.106114,3.501516,1.299480,1.081821,3.485087,1.432471,1.057864,3.477835,1.529523,1.094555,3.523836,1.378633,1.113016,3.674129,1.382440,1.138548,3.747946,1.113914,1.127452,3.816114,0.885126,1.090003,3.460765,1.370009,1.090393,3.315502,1.327051,1.162177,3.340796,1.057961,1.234014,3.363820,0.831140,1.153452,3.633597,0.927169,1.181931,3.768281,0.548162,1.420305,3.741926,0.183882,1.468154,3.830801,0.037409,1.141563,3.476816,0.902424,1.043254,3.537895,0.515814,1.078896,3.635548,0.092296,0.915732,3.583305,0.020334,-0.714337,-0.155970,-0.037126
1.135974,3.552503,0.914385,1.128517,3.537512,1.009073,1.109314,3.522801,1.110816,1.101783,3.509006,1.205031,1.094419,3.495552,1.299200,1.069988,3.477680,1.431975,1.045891,3.469248,1.528895,1.082204,3.517166,1.378458,1.097898,3.667713,1.383827,1.125771,3.741618,1.115578,1.115074,3.810815,0.887085,1.078907,3.454092,1.369356,1.082173,3.309229,1.325303,1.152020,3.337192,1.055973,1.222981,3.359544,0.828864,1.139728,3.630879,0.927723,1.153411,3.776375,0.551584,1.405366,3.752639,0.196376,1.460991,3.838248,0.047563,1.132128,3.473927,0.902260,1.037176,3.533627,0.514637,1.079122,3.635211,0.092572,0.915954,3.583281,0.020396,-0.699007,-0.150958,-0.051154
1.124210,3.549573,0.915012,1.116917,3.534001,1.009619,1.097758,3.518313,1.111226,1.090227,3.503820,1.205337,1.082813,3.489635,1.299396,1.058248,3.470374,1.431955,1.034006,3.460656,1.528715,1.069900,3.510474,1.378649,1.081924,3.661281,1.385044,1.112836,3.736951,1.117659,1.102907,3.805917,0.889058,1.068070,3.447411,1.369143,1.075175,3.303100,1.323919,1.142736,3.333585,1.054287,1.210911,3.354243,0.826217,1.126027,3.627976,0.928693,1.125004,3.779714,0.554692,1.390494,3.763372,0.209278,1.445430,3.846422,0.055880,1.122298,3.470963,0.902545,1.033259,3.529227,0.513372,1.079253,3.634567,0.092619,0.915994,3.583183,0.020262,-0.676888,-0.193614,-0.021633
1.112477,3.546363,0.916017,1.105398,3.530256,1.010550,1.086317,3.513659,1.112027,1.078800,3.498544,1.206040,1.071339,3.483716,1.299996,1.046636,3.463169,1.432334,1.022242,3.452137,1.528914,1.057682,3.503793,1.379165,1.065393,3.654855,1.386219,1.099750,3.733059,1.119984,1.090841,3.800973,0.891027,1.057475,3.440757,1.369336,1.069106,3.297080,1.323015,1.133982,3.329876,1.052998,1.198009,3.348221,0.823520,1.112434,3.624737,0.930005,1.096391,3.779619,0.557721,1.374764,3.773972,0.222257,1.423326,3.855431,0.063464,1.112421,3.467776,0.903248,1.030928,3.524709,0.512219,1.079413,3.633696,0.092710,0.916039,3.583024,0.020108,-0.652401,-0.254734,0.026489
1.101163,3.542900,0.917158,1.094292,3.526289,1.011619,1.075304,3.508793,1.112961,1.067815,3.493081,1.206878,1.060327,3.477631,1.300731,1.035532,3.455824,1.432848,1.010989,3.443577,1.529248,1.045894,3.496946,1.379843,1.049373,3.648165,1.387402,1.086233,3.728843,1.122206,1.078601,3.795896,0.892951,1.047318,3.433972,1.369713,1.063381,3.290974,1.322510,1.125598,3.325814,1.052116,1.185522,3.343131,0.821416,1.099044,3.621178,0.931407,1.068479,3.777009,0.560439,1.356155,3.783826,0.232701,1.394553,3.864369,0.069704,1.103181,3.464404,0.904131,1.029047,3.520841,0.511520,1.079511,3.632828,0.093050,0.916074,3.582890,0.020082,-0.639079,-0.296018,0.064523
1.090524,3.539191,0.918406,1.083832,3.522124,1.012800,1.064945,3.503723,1.114000,1.057496,3.487414,1.207819,1.050005,3.471330,1.301564,1.025172,3.448243,1.433457,1.000492,3.434930,1.529682,1.034751,3.489876,1.380696,1.034357,3.641125,1.388637,1.072157,3.723935,1.124216,1.066190,3.790648,0.894818,1.037758,3.427007,1.370255,1.057900,3.284722,1.322448,1.117556,3.321211,1.051691,1.174158,3.339834,0.820237,1.085982,3.617320,0.932851,1.041626,3.772187,0.562813,1.334051,3.792839,0.239660,1.357580,3.873536,0.074349,1.094968,3.460840,0.905182,1.027322,3.518099,0.511509,1.079499,3.632079,0.093771,0.916089,3.582830,0.020276,-0.645853,-0.298909,0.080343
1.080303,3.535229,0.919789,1.073783,3.517737,1.014117,1.055014,3.498442,1.115173,1.047618,3.481559,1.208894,1.040145,3.464862,1.302533,1.015319,3.440523,1.434201,0.990506,3.426241,1.530251,1.024039,3.482641,1.381712,1.019852,3.633820,1.389880,1.057650,3.718703,1.126124,1.053604,3.785268,0.896640,1.028637,3.419911,1.370980,1.052763,3.278383,1.322785,1.109885,3.316256,1.051675,1.163210,3.337469,0.819651,1.073123,3.613142,0.934386,1.015474,3.764850,0.564877,1.309069,3.801108,0.244085,1.313938,3.882632,0.077649,1.087392,3.457091,0.906413,1.026047,3.516007,0.511953,1.079425,3.631334,0.094739,0.916093,3.582797,0.020599,-0.663792,-0.281966,0.086075
1.070119,3.531022,0.921148,1.063771,3.513070,1.015401,1.045147,3.492885,1.116310,1.037826,3.475463,1.209938,1.030397,3.458211,1.303480,1.005633,3.432714,1.434942,0.980692,3.417541,1.530822,1.013458,3.475235,1.382690,1.005450,3.626245,1.391058,1.042808,3.713149,1.127905,1.040565,3.779787,0.898412,1.019677,3.412682,1.371726,1.047685,3.271942,1.323308,1.102511,3.311255,1.051927,1.151808,3.335113,0.819304,1.060185,3.608600,0.935900,0.989853,3.755004,0.566507,1.281043,3.808307,0.246221,1.268093,3.889852,0.079751,1.079966,3.453213,0.907614,1.024958,3.513914,0.512494,1.079341,3.630468,0.095756,0.916094,3.582732,0.020915,-0.679631,-0.262559,0.089396
1.059924,3.526517,0.922470,1.053741,3.508042,1.016632,1.035295,3.486967,1.117391,1.028079,3.469048,1.210934,1.020738,3.451312,1.304393,0.996121,3.424788,1.435680,0.971043,3.408818,1.531396,1.003017,3.467596,1.383607,0.991157,3.618344,1.392196,1.027646,3.707284,1.129606,1.026987,3.774333,0.900224,1.010884,3.405251,1.372481,1.042598,3.265290,1.324033,1.095519,3.306418,1.052543,1.139616,3.332860,0.819196,1.047150,3.603639,0.937406,0.964656,3.742325,0.567589,1.249667,3.815048,0.245889,1.221686,3.895653,0.080473,1.072615,3.449160,0.908748,1.023992,3.511546,0.513049,1.079285,3.629361,0.096781,0.916099,3.582597,0.021201,-0.688150,-0.242630,0.092822
1.049765,3.521767,0.923766,1.043746,3.502734,1.017829,1.025507,3.480774,1.118436,1.018418,3.462392,1.211899,1.011192,3.444229,1.305284,0.986777,3.416773,1.436416,0.961565,3.400082,1.531973,0.992707,3.459786,1.384488,0.976967,3.610173,1.393268,1.012149,3.701097,1.131181,1.012955,3.768778,0.901986,1.002251,3.397686,1.373257,1.037570,3.258536,1.324943,1.088823,3.301536,1.053427,1.126970,3.330617,0.819328,1.034036,3.598314,0.938892,0.939990,3.727138,0.568237,1.215248,3.820719,0.243268,1.173076,3.899578,0.079997,1.065415,3.444979,0.909853,1.023213,3.509177,0.513701,1.079219,3.628134,0.097854,0.916101,3.582430,0.021481,-0.694570,-0.220239,0.093838
1.039398,3.516932,0.924917,1.033578,3.497334,1.018875,1.015567,3.474495,1.119328,1.008600,3.455679,1.212713,1.001473,3.437131,1.306031,0.977240,3.408805,1.437011,0.951939,3.391394,1.532416,0.982206,3.451989,1.385203,0.962453,3.601885,1.394115,0.996373,3.694553,1.132467,0.998446,3.762765,0.903435,0.993477,3.390189,1.373920,1.032518,3.251989,1.325780,1.082098,3.296290,1.054159,1.114005,3.327179,0.819339,1.020613,3.592745,0.940211,0.916011,3.710426,0.568670,1.178538,3.823164,0.239146,1.121811,3.898455,0.079012,1.058110,3.440871,0.910832,1.022553,3.506979,0.514352,1.079086,3.627036,0.098892,0.916089,3.582285,0.021697,-0.701283,-0.206937,0.092583
1.028734,3.512109,0.925908,1.023155,3.491940,1.019760,1.005396,3.468224,1.120055,0.998539,3.449005,1.213366,0.991484,3.430115,1.306621,0.967390,3.400977,1.437450,0.942061,3.382831,1.532709,0.971403,3.444317,1.385739,0.947466,3.593591,1.394735,0.980276,3.687715,1.133465,0.983350,3.756278,0.904547,0.984468,3.382874,1.374458,1.027439,3.245795,1.326481,1.075268,3.290476,1.054605,1.100587,3.322018,0.819094,1.006732,3.587004,0.941342,0.892572,3.692410,0.568958,1.139308,3.822125,0.233645,1.066472,3.892052,0.077949,1.050665,3.436960,0.911683,1.022063,3.504949,0.514959,1.078854,3.626147,0.099865,0.916056,3.582182,0.021804,-0.708767,-0.206747,0.089136
1.017863,3.507202,0.926753,1.012557,3.486453,1.020495,0.995074,3.461868,1.120628,0.988322,3.442274,1.213869,0.981322,3.423083,1.307066,0.957349,3.393197,1.437747,0.932034,3.374315,1.532868,0.960409,3.436657,1.386109,0.932155,3.585180,1.395132,0.963900,3.680519,1.134174,0.967775,3.749333,0.905344,0.975317,3.375627,1.374884,1.022337,3.239808,1.327108,1.068409,3.284297,1.054900,1.086850,3.315662,0.818728,0.992542,3.581020,0.942304,0.869820,3.672870,0.569030,1.097787,3.817859,0.226643,1.008479,3.880601,0.076377,1.043115,3.433123,0.912407,1.021693,3.503090,0.515564,1.078555,3.625388,0.100802,0.916008,3.582101,0.021846,-0.716544,-0.215646,0.083418
1.006816,3.502083,0.927366,1.001811,3.480768,1.020997,0.984619,3.455337,1.120970,0.977963,3.435388,1.214143,0.970999,3.415919,1.307285,0.947122,3.385313,1.437817,0.921850,3.365682,1.532797,0.949222,3.428862,1.386235,0.916538,3.576474,1.395150,0.947429,3.672749,1.134432,0.952021,3.741624,0.905635,0.965999,3.368307,1.375104,1.017139,3.233900,1.327583,1.061418,3.278055,1.055027,1.073328,3.308489,0.818290,0.978254,3.574700,0.943015,0.848350,3.652124,0.568897,1.055414,3.808972,0.218554,0.951632,3.861627,0.073686,1.035314,3.429196,0.912919,1.021220,3.501585,0.516190,1.078232,3.624764,0.101708,0.915954,3.582040,0.021895,-0.725577,-0.233116,0.075328
0.995593,3.496776,0.927720,0.990931,3.474902,1.021239,0.974051,3.448633,1.121048,0.967473,3.428337,1.214151,0.960509,3.408599,1.307236,0.936679,3.377277,1.437607,0.911480,3.356865,1.532441,0.937801,3.420891,1.386072,0.900446,3.567383,1.394675,0.930908,3.664279,1.134133,0.936176,3.732988,0.905301,0.956506,3.360885,1.375077,1.011905,3.228086,1.327867,1.054283,3.271899,1.054957,1.060206,3.300513,0.817766,0.963876,3.568041,0.943456,0.828435,3.629985,0.568474,1.012126,3.794982,0.209120,0.896371,3.833946,0.069104,1.027249,3.425232,0.913183,1.020492,3.500440,0.516764,1.077938,3.624312,0.102547,0.915906,3.582014,0.022004,-0.737423,-0.259347,0.065906
0.984194,3.491256,0.927842,0.979903,3.468838,1.021249,0.963350,3.441755,1.120894,0.956841,3.421131,1.213930,0.949857,3.401145,1.306961,0.926049,3.369137,1.437168,0.900953,3.347931,1.531855,0.926187,3.412784,1.385664,0.884049,3.557996,1.393822,0.914291,3.655234,1.133383,0.920150,3.723588,0.904459,0.946846,3.353390,1.374843,1.006575,3.222350,1.328000,1.047016,3.265679,1.054719,1.047298,3.291720,0.817170,0.949400,3.561046,0.943644,0.809803,3.606640,0.567846,0.967986,3.776371,0.198599,0.842257,3.798742,0.063403,1.018931,3.421178,0.913234,1.019661,3.499648,0.517359,1.077621,3.623996,0.103353,0.915852,3.582008,0.022121,-0.750524,-0.294149,0.054113
0.972657,3.485325,0.927727,0.968708,3.462423,1.021033,0.952484,3.434606,1.120531,0.946053,3.413702,1.213510,0.939070,3.393512,1.306497,0.915332,3.360891,1.436565,0.890355,3.338905,1.531107,0.914505,3.404519,1.385060,0.867871,3.548406,1.392783,0.897635,3.645772,1.132341,0.903977,3.713603,0.903275,0.937025,3.345761,1.374432,1.000900,3.216513,1.328026,1.039545,3.259241,1.054388,1.034583,3.282448,0.816588,0.935011,3.553636,0.943550,0.792224,3.582974,0.567274,0.924613,3.753194,0.188176,0.791780,3.757097,0.058293,1.010251,3.416717,0.913094,1.018956,3.499375,0.518214,1.077168,3.623715,0.104241,0.915765,3.581976,0.022163,-0.761166,-0.336428,0.036731
0.961001,3.479008,0.927383,0.957346,3.455696,1.020601,0.941447,3.427234,1.119969,0.935104,3.406099,1.212902,0.928149,3.385743,1.305855,0.904544,3.352581,1.435811,0.879711,3.329821,1.530206,0.902776,3.396134,1.384266,0.852058,3.538658,1.391641,0.880905,3.635933,1.131060,0.887713,3.703069,0.901803,0.927041,3.338037,1.373848,0.994824,3.210611,1.327957,1.031803,3.252497,1.053962,1.022005,3.272626,0.816033,0.920758,3.545837,0.943168,0.775852,3.559034,0.566827,0.882366,3.725110,0.177930,0.745841,3.707685,0.054188,1.001197,3.411876,0.912787,1.018502,3.499830,0.519349,1.076628,3.623465,0.105152,0.915642,3.581818,0.022094,-0.767082,-0.389878,0.010396
0.949207,3.472278,0.926803,0.945818,3.448618,1.019942,0.930244,3.419591,1.119197,0.923999,3.398272,1.212094,0.917093,3.377795,1.305025,0.893667,3.344165,1.434893,0.868994,3.320645,1.529143,0.890978,3.387590,1.383276,0.836465,3.528708,1.390312,0.864134,3.625676,1.129487,0.871301,3.691949,0.899988,0.916896,3.330179,1.373086,0.988403,3.204607,1.327780,1.023858,3.245535,1.053441,1.009618,3.262325,0.815492,0.906591,3.537624,0.942504,0.760533,3.534773,0.566436,0.840887,3.692460,0.167783,0.703539,3.651832,0.050673,0.991779,3.406626,0.912289,1.018174,3.500805,0.520745,1.075953,3.623251,0.106143,0.915485,3.581633,0.021950,-0.770539,-0.450806,-0.021527
0.937256,3.464859,0.925955,0.934104,3.440923,1.019031,0.918856,3.411441,1.118204,0.912735,3.390011,1.211084,0.905920,3.369482,1.304009,0.882748,3.335506,1.433833,0.858216,3.311309,1.527949,0.879165,3.378754,1.382117,0.821182,3.518509,1.388742,0.847474,3.615039,1.127614,0.854606,3.680313,0.897829,0.906610,3.322011,1.372166,0.981564,3.198221,1.327501,1.015844,3.238462,1.052907,0.997568,3.252103,0.815016,0.892556,3.528839,0.941549,0.745586,3.510938,0.566166,0.800726,3.656321,0.158685,0.664655,3.594600,0.048210,0.981917,3.400570,0.911547,1.017828,3.501832,0.522577,1.074885,3.622982,0.107496,0.915285,3.581685,0.021752,-0.774614,-0.507041,-0.052158
0.925198,3.456605,0.924817,0.922236,3.432477,1.017851,0.907316,3.402684,1.116981,0.901360,3.381243,1.209869,0.894706,3.360765,1.302817,0.871906,3.326619,1.432662,0.847476,3.301852,1.526658,0.867443,3.369624,1.380812,0.806356,3.508088,1.386927,0.830994,3.604065,1.125439,0.837570,3.668188,0.895314,0.896266,3.313520,1.371116,0.974321,3.191384,1.327172,1.007876,3.231438,1.052459,0.985884,3.242175,0.814731,0.878770,3.519393,0.940278,0.730644,3.487862,0.566185,0.761442,3.616789,0.150834,0.629452,3.537243,0.046735,0.971591,3.393506,0.910543,1.017906,3.503214,0.525135,1.073284,3.622699,0.109350,0.914996,3.582231,0.021492,-0.779026,-0.555274,-0.080677
0.912983,3.447662,0.923412,0.910182,3.423414,1.016420,0.895590,3.393419,1.115537,0.889827,3.372041,1.208452,0.883375,3.351685,1.301441,0.861020,3.317489,1.431350,0.836673,3.292235,1.525236,0.855706,3.360202,1.379338,0.791840,3.497418,1.384871,0.814625,3.592710,1.122963,0.820250,3.655546,0.892456,0.885781,3.304719,1.369908,0.966658,3.184165,1.326741,0.999839,3.224303,1.051998,0.974537,3.232325,0.814511,0.865115,3.509376,0.938715,0.716072,3.465211,0.566324,0.723475,3.573769,0.144032,0.597666,3.478508,0.046313,0.960820,3.385636,0.909296,1.017967,3.504648,0.528129,1.071291,3.622362,0.111566,0.914663,3.583013,0.021177,-0.784055,-0.598814,-0.107905
0.900446,3.438192,0.921774,0.897825,3.413870,1.014767,0.883558,3.383714,1.113883,0.877981,3.362411,1.206826,0.871720,3.342178,1.299855,0.849779,3.307946,1.429825,0.825517,3.282267,1.523619,0.843686,3.350353,1.377653,0.777277,3.486380,1.382528,0.798306,3.580883,1.120185,0.802689,3.642372,0.889291,0.874922,3.295473,1.368474,0.958462,3.176485,1.326050,0.991521,3.216693,1.051305,0.963574,3.222469,0.814035,0.851281,3.498906,0.936924,0.702289,3.442734,0.566142,0.688698,3.528051,0.138646,0.568288,3.419691,0.047599,0.949582,3.377165,0.907811,1.016537,3.504759,0.530876,1.069067,3.621766,0.114009,0.914402,3.583519,0.020849,-0.793628,-0.635412,-0.129420
0.887554,3.428403,0.919868,0.885137,3.404009,1.012848,0.871193,3.373696,1.111962,0.865799,3.352445,1.204928,0.859713,3.332307,1.297990,0.838153,3.298011,1.428006,0.813996,3.271960,1.521725,0.831360,3.340102,1.375687,0.762663,3.475021,1.379817,0.782050,3.568717,1.117057,0.784800,3.628720,0.885757,0.863672,3.285811,1.366726,0.949793,3.168431,1.324994,0.982911,3.208524,1.050237,0.952949,3.212630,0.813157,0.837234,3.488207,0.934903,0.689377,3.420423,0.565586,0.657667,3.478091,0.134980,0.540941,3.359680,0.051450,0.937847,3.368288,0.906021,1.013272,3.503377,0.533299,1.066633,3.620935,0.116645,0.914271,3.583477,0.020502,-0.810651,-0.657365,-0.143431
0.874339,3.418086,0.917729,0.872146,3.393667,1.010709,0.858521,3.363237,1.109831,0.853304,3.342052,1.202823,0.847383,3.322010,1.295916,0.826171,3.287661,1.425975,0.802121,3.261303,1.519635,0.818751,3.329425,1.373509,0.748002,3.463295,1.376820,0.765844,3.556078,1.113627,0.766669,3.614535,0.881916,0.852047,3.275704,1.364752,0.940591,3.159916,1.323677,0.974021,3.199879,1.048937,0.942710,3.202786,0.812023,0.823009,3.477054,0.932653,0.677253,3.398287,0.564710,0.629825,3.425433,0.132729,0.516001,3.299587,0.057011,0.925645,3.358811,0.903994,1.008516,3.500671,0.535474,1.063968,3.619844,0.119507,0.914213,3.583160,0.020142,-0.832216,-0.672376,-0.151730
0.860730,3.406774,0.915495,0.858815,3.382480,1.008513,0.845500,3.352027,1.107670,0.840425,3.330959,1.200696,0.834601,3.311038,1.293821,0.813609,3.276659,1.423909,0.789633,3.250072,1.517522,0.805659,3.318111,1.371291,0.732946,3.450938,1.373741,0.749584,3.542475,1.110035,0.748591,3.599639,0.877994,0.839870,3.264932,1.362760,0.930558,3.150599,1.322257,0.964670,3.190654,1.047618,0.933049,3.192785,0.810749,0.808397,3.464895,0.930249,0.666084,3.376096,0.563238,0.605375,3.375497,0.131344,0.493589,3.244057,0.062371,0.913042,3.348350,0.901933,1.001832,3.495777,0.536938,1.061169,3.618221,0.122556,0.914167,3.582876,0.019829,-0.853525,-0.701307,-0.155267
0.846674,3.394430,0.913119,0.845138,3.370442,1.006223,0.832130,3.340042,1.105438,0.827140,3.319118,1.198502,0.821307,3.299301,1.291649,0.800324,3.264844,1.421719,0.776361,3.238116,1.515296,0.791980,3.306036,1.368973,0.717360,3.437818,1.370554,0.733333,3.527703,1.106237,0.730665,3.583982,0.873991,0.827032,3.253365,1.360681,0.919481,3.140287,1.320592,0.954768,3.180868,1.046182,0.923971,3.182641,0.809181,0.793279,3.451638,0.927633,0.656287,3.353651,0.560958,0.583814,3.329197,0.131382,0.473300,3.193848,0.067595,0.900052,3.336924,0.899797,0.992914,3.488487,0.537436,1.058490,3.616273,0.125674,0.914112,3.582725,0.019604,-0.873258,-0.751139,-0.151525
0.832224,3.381091,0.910647,0.831122,3.357561,1.003876,0.818411,3.327305,1.103175,0.813470,3.306577,1.196286,0.807563,3.286888,1.289457,0.786458,3.252376,1.419493,0.762477,3.225585,1.513048,0.777818,3.293324,1.366614,0.701380,3.424067,1.367286,0.717028,3.511968,1.102278,0.712792,3.567613,0.869906,0.813641,3.241132,1.358584,0.907575,3.129173,1.318824,0.944404,3.170501,1.044727,0.915472,3.172340,0.807473,0.777773,3.437375,0.924861,0.647445,3.331151,0.558083,0.565646,3.285619,0.132285,0.455540,3.148200,0.072619,0.886662,3.324514,0.897627,0.982068,3.479010,0.537223,1.055677,3.613792,0.128978,0.914069,3.582607,0.019426,-0.892734,-0.814890,-0.143023
0.817464,3.366395,0.908365,0.816744,3.343496,1.001752,0.804303,3.313576,1.101185,0.799402,3.293213,1.194377,0.793423,3.273819,1.287603,0.772215,3.239492,1.417669,0.748233,3.212705,1.511225,0.763281,3.280134,1.364563,0.685068,3.409824,1.364218,0.700386,3.495385,1.098433,0.694976,3.550505,0.865957,0.799842,3.228405,1.356876,0.895185,3.117498,1.317541,0.933668,3.159384,1.043754,0.907727,3.161688,0.806197,0.762029,3.421818,0.922176,0.638482,3.308970,0.554975,0.552575,3.247442,0.131830,0.441648,3.109477,0.075345,0.872889,3.310687,0.895750,0.969774,3.467102,0.536603,1.052066,3.609874,0.132787,0.914050,3.582525,0.019224,-0.911113,-0.892486,-0.138259
0.802337,3.350183,0.906401,0.801944,3.328092,0.999985,0.789746,3.298719,1.099612,0.784884,3.278907,1.192926,0.778851,3.259996,1.286250,0.757572,3.226123,1.416427,0.733601,3.199393,1.510002,0.748343,3.266426,1.362953,0.668464,3.395105,1.361540,0.683396,3.477797,1.094837,0.677284,3.532565,0.862288,0.785588,3.215116,1.355698,0.882212,3.105128,1.316866,0.922458,3.147286,1.043376,0.900894,3.150566,0.805428,0.746048,3.404869,0.919722,0.628928,3.287331,0.551831,0.546225,3.215685,0.129229,0.432354,3.079130,0.075335,0.858618,3.295220,0.894285,0.956180,3.453210,0.535939,1.047516,3.604915,0.137422,0.914094,3.582469,0.018772,-0.930523,-0.999433,-0.146781
0.786899,3.332615,0.904626,0.786782,3.311505,0.998441,0.774800,3.282870,1.098312,0.769968,3.263778,1.191782,0.763885,3.245517,1.285235,0.742552,3.212338,1.415587,0.718609,3.185731,1.509205,0.733030,3.252240,1.361650,0.651528,3.379893,1.359061,0.666070,3.459363,1.091354,0.659650,3.513886,0.858756,0.770926,3.201333,1.354910,0.868757,3.092196,1.316677,0.910875,3.134439,1.043480,0.894815,3.139093,0.805092,0.729829,3.386627,0.917354,0.619252,3.266010,0.548453,0.544974,3.189328,0.125270,0.426928,3.055708,0.073027,0.843966,3.278335,0.893112,0.941139,3.436887,0.534868,1.042169,3.598519,0.142560,0.914161,3.582449,0.018297,-0.948836,-1.120226,-0.159041
0.771406,3.313811,0.902931,0.771416,3.293860,0.996995,0.759603,3.266194,1.097155,0.754793,3.248062,1.190811,0.748693,3.230705,1.284430,0.727417,3.198573,1.415045,0.703605,3.172200,1.508761,0.717530,3.237863,1.360601,0.634204,3.364268,1.356498,0.648159,3.440672,1.087858,0.641877,3.494717,0.855149,0.756147,3.187429,1.354493,0.855461,3.079343,1.317190,0.899312,3.121364,1.044228,0.889193,3.127432,0.805538,0.713510,3.367100,0.914886,0.609790,3.244704,0.544617,0.545655,3.167994,0.120090,0.424522,3.037211,0.067625,0.829298,3.260264,0.892195,0.924689,3.416542,0.532608,1.035780,3.588595,0.147556,0.914144,3.582494,0.018406,-0.958829,-1.208266,-0.154903
0.755865,3.293126,0.901068,0.755689,3.274669,0.995423,0.743963,3.248379,1.095949,0.739175,3.231626,1.189850,0.733156,3.215613,1.283700,0.712199,3.185136,1.414745,0.688700,3.159181,1.508653,0.701817,3.223458,1.359739,0.616443,3.348393,1.353544,0.629374,3.422108,1.084103,0.623796,3.475223,0.851167,0.741265,3.173587,1.354438,0.842440,3.066747,1.318575,0.887754,3.108107,1.045750,0.884056,3.115587,0.806961,0.697001,3.345569,0.911869,0.601133,3.222998,0.539606,0.548488,3.152320,0.112654,0.426586,3.023751,0.056827,0.814720,3.240444,0.891489,0.906495,3.391261,0.528582,1.028104,3.573928,0.151687,0.914372,3.583102,0.018350,-0.960501,-1.241482,-0.118509
0.740268,3.271205,0.899283,0.739757,3.254420,0.993949,0.728074,3.229737,1.094887,0.723298,3.214602,1.189062,0.717393,3.200188,1.283179,0.696866,3.171718,1.414743,0.673782,3.146294,1.508899,0.685916,3.208862,1.359129,0.598294,3.332106,1.350505,0.610005,3.403288,1.080333,0.605576,3.455240,0.847110,0.726266,3.159624,1.354755,0.829578,3.054230,1.320663,0.876216,3.094623,1.047915,0.879376,3.103553,0.809168,0.680393,3.322753,0.908751,0.592689,3.201307,0.534136,0.553254,3.141669,0.103996,0.431670,3.015217,0.042936,0.800128,3.219438,0.891040,0.886893,3.361958,0.523367,1.019387,3.555732,0.155674,0.914517,3.583775,0.018878,-0.953853,-1.241946,-0.065716
0.724845,3.250098,0.898210,0.724244,3.234704,0.993124,0.712651,3.211368,1.094406,0.707849,3.197618,1.188805,0.701934,3.184587,1.283135,0.681589,3.157830,1.415104,0.658856,3.132868,1.509472,0.670085,3.193864,1.358920,0.579843,3.314999,1.348014,0.590667,3.383654,1.077153,0.587529,3.434523,0.843669,0.711400,3.145362,1.355452,0.817181,3.041897,1.323163,0.865141,3.081305,1.050500,0.874778,3.091481,0.811928,0.664102,3.300823,0.906693,0.583015,3.180571,0.530133,0.556132,3.133749,0.097351,0.434580,3.009278,0.032069,0.785575,3.199171,0.890952,0.866930,3.329783,0.517919,1.010130,3.535565,0.161039,0.913486,3.583051,0.022851,-0.931666,-1.229277,-0.023953
0.709639,3.230668,0.898115,0.709406,3.216115,0.993171,0.697985,3.193645,1.094674,0.693069,3.180866,1.189209,0.686891,3.168853,1.283660,0.666225,3.143338,1.415829,0.643710,3.118758,1.510351,0.654219,3.178392,1.359115,0.560720,3.296758,1.346139,0.571459,3.362885,1.074640,0.569948,3.412871,0.840955,0.696582,3.130759,1.356546,0.805403,3.030006,1.326118,0.854725,3.068183,1.053523,0.870425,3.079194,0.815316,0.648274,3.280707,0.906262,0.570879,3.160539,0.528799,0.554998,3.128365,0.094337,0.432495,3.005871,0.027049,0.770999,3.180439,0.891192,0.846989,3.294140,0.511948,1.000904,3.513666,0.168331,0.911337,3.582626,0.032740,-0.878721,-1.205354,-0.011408
0.694607,3.212052,0.898730,0.694987,3.198060,0.993867,0.683786,3.176195,1.095523,0.678718,3.164154,1.190143,0.672150,3.152942,1.284664,0.650915,3.128376,1.416917,0.628557,3.104110,1.511557,0.638422,3.162519,1.359709,0.541295,3.277697,1.344812,0.552281,3.341301,1.072716,0.552540,3.390485,0.838855,0.681897,3.115857,1.358021,0.794090,3.018299,1.329487,0.844771,3.055227,1.056966,0.866153,3.066868,0.819257,0.632763,3.261477,0.906891,0.557514,3.141461,0.528931,0.551977,3.125713,0.093336,0.428235,3.005059,0.025054,0.756462,3.162445,0.891794,0.826686,3.255625,0.505744,0.991138,3.489795,0.177000,0.908012,3.580804,0.046073,-0.810237,-1.168297,-0.009894
0.679858,3.193711,0.899881,0.680837,3.180348,0.995100,0.669909,3.158995,1.096891,0.664760,3.147529,1.191577,0.657899,3.136883,1.286142,0.636261,3.112856,1.418430,0.614041,3.088693,1.513127,0.623277,3.146247,1.360838,0.522771,3.258355,1.344459,0.533457,3.319306,1.071752,0.534735,3.367730,0.837729,0.667853,3.100604,1.359837,0.783079,3.006106,1.332844,0.835126,3.042732,1.060543,0.861096,3.055185,0.823301,0.617541,3.242524,0.908026,0.545166,3.125036,0.528839,0.549620,3.124088,0.092732,0.425061,3.004700,0.023728,0.742199,3.144724,0.892962,0.805925,3.217166,0.501132,0.979612,3.464800,0.186918,0.902252,3.571041,0.058299,-0.764653,-1.132087,0.007729
0.665216,3.175393,0.901574,0.666779,3.162972,0.996906,0.656242,3.142103,1.098839,0.651159,3.131037,1.193578,0.644196,3.120626,1.288165,0.622471,3.096517,1.420425,0.600367,3.072120,1.515089,0.609000,3.129422,1.362612,0.505584,3.238749,1.345388,0.515077,3.296651,1.071985,0.516406,3.344708,0.837859,0.654647,3.084832,1.361990,0.772197,2.992896,1.335935,0.825699,3.031003,1.064135,0.854813,3.044646,0.827290,0.602355,3.223536,0.909543,0.534374,3.112019,0.527791,0.549087,3.123240,0.092031,0.424448,3.004232,0.022488,0.728107,3.127088,0.894835,0.784313,3.179577,0.498749,0.965891,3.439159,0.199054,0.893715,3.550938,0.068739,-0.768318,-1.101186,0.060085
0.650857,3.157349,0.903802,0.652990,3.145940,0.999249,0.642896,3.125461,1.101305,0.637953,3.114633,1.196078,0.630982,3.104220,1.290663,0.609337,3.079620,1.422844,0.587330,3.054778,1.517415,0.595373,3.112200,1.364919,0.489297,3.218861,1.347292,0.497050,3.273585,1.073177,0.497680,3.321318,0.838962,0.642081,3.068710,1.364485,0.761618,2.979200,1.339016,0.816581,3.019735,1.067861,0.847745,3.034749,0.831381,0.587457,3.204825,0.911568,0.524599,3.101654,0.526519,0.549219,3.123420,0.091727,0.424921,3.004218,0.021918,0.714289,3.109725,0.897274,0.762242,3.142044,0.497958,0.950410,3.412393,0.212438,0.882743,3.522894,0.078071,-0.794883,-1.071131,0.128550
0.637420,3.139791,0.906377,0.639847,3.129082,1.001905,0.630063,3.108868,1.104045,0.625213,3.098228,1.198843,0.618266,3.087839,1.293430,0.596828,3.062865,1.425575,0.574956,3.037596,1.520065,0.582326,3.095047,1.367553,0.473802,3.199175,1.349679,0.479431,3.251250,1.074986,0.478363,3.297621,0.840546,0.630071,3.052693,1.367298,0.751706,2.965943,1.342434,0.807890,3.008309,1.071794,0.840355,3.024673,0.835592,0.573576,3.186719,0.913925,0.516480,3.093364,0.525535,0.549086,3.123669,0.091690,0.425312,3.004206,0.021417,0.701294,3.092724,0.900070,0.740793,3.105065,0.498669,0.933252,3.383909,0.224038,0.869111,3.487563,0.083782,-0.803741,-1.042509,0.184387
0.625277,3.122865,0.909358,0.627579,3.112318,1.004911,0.617886,3.092208,1.107081,0.613044,3.081755,1.201900,0.606140,3.071545,1.296510,0.585073,3.046569,1.428713,0.563396,3.020993,1.523166,0.569936,3.078143,1.370564,0.459167,3.179847,1.352476,0.462076,3.230172,1.077420,0.458008,3.273749,0.842494,0.618726,3.037012,1.370565,0.742873,2.953749,1.346488,0.799985,2.996429,1.076082,0.832866,3.014051,0.840021,0.561157,3.169454,0.916700,0.510643,3.087633,0.524961,0.548341,3.123728,0.091825,0.425214,3.004060,0.020767,0.689425,3.076137,0.903255,0.720314,3.068620,0.501024,0.914414,3.353857,0.233676,0.852616,3.443762,0.084295,-0.774255,-1.011426,0.219401
0.614055,3.106425,0.912685,0.615956,3.095729,1.008228,0.606220,3.075597,1.110390,0.601342,3.065282,1.205222,0.594511,3.055276,1.299860,0.573944,3.030414,1.432163,0.552498,3.004549,1.526590,0.558126,3.061308,1.373902,0.445323,3.160721,1.355756,0.445128,3.209826,1.080470,0.437062,3.249570,0.844924,0.607937,3.021437,1.374149,0.734708,2.941995,1.350880,0.792508,2.984390,1.080577,0.825054,3.003250,0.844570,0.549754,3.152794,0.919807,0.506461,3.083977,0.524676,0.547331,3.123856,0.092226,0.425035,3.003916,0.020187,0.678379,3.059913,0.906798,0.700456,3.032728,0.504881,0.893900,3.322087,0.241529,0.833460,3.392675,0.081187,-0.727062,-0.981777,0.241788
0.603275,3.090241,0.915989,0.604665,3.079389,1.011521,0.594820,3.059177,1.113655,0.589874,3.048919,1.208490,0.583111,3.039017,1.303143,0.563031,3.014141,1.435520,0.541838,2.987935,1.529909,0.546586,3.044473,1.377210,0.431955,3.141808,1.359253,0.429074,3.189780,1.083773,0.416672,3.224750,0.847687,0.597294,3.005738,1.377625,0.726336,2.929729,1.355068,0.784508,2.972457,1.084905,0.816710,2.992544,0.848956,0.538763,3.136352,0.922814,0.502691,3.080370,0.524826,0.546159,3.123874,0.093050,0.424834,3.003730,0.019731,0.667805,3.043985,0.910395,0.681264,2.997940,0.509730,0.871795,3.287558,0.245089,0.812030,3.338502,0.076677,-0.683459,-0.965825,0.247398
0.592917,3.074385,0.919307,0.593681,3.063427,1.014831,0.583653,3.043066,1.116917,0.578596,3.032746,1.211740,0.571876,3.022785,1.306390,0.552231,2.997662,1.438785,0.531318,2.971028,1.533116,0.535259,3.027627,1.380524,0.419025,3.123159,1.363134,0.414287,3.169855,1.087453,0.397192,3.199019,0.850930,0.586688,2.989844,1.380991,0.717461,2.916625,1.359040,0.775591,2.960887,1.089122,0.807692,2.982072,0.853251,0.528091,3.120109,0.925709,0.499011,3.076201,0.525615,0.544805,3.123721,0.094484,0.424620,3.003435,0.019471,0.657750,3.028515,0.914132,0.663017,2.964259,0.515806,0.848044,3.249824,0.242936,0.788570,3.282318,0.071116,-0.649072,-0.973251,0.230564
0.582999,3.058786,0.922601,0.583028,3.047715,1.018116,0.572751,3.027145,1.120136,0.567553,3.016683,1.214935,0.560869,3.006563,1.309571,0.541647,2.981065,1.441956,0.521037,2.953952,1.536218,0.524202,3.010780,1.383807,0.406571,3.104723,1.367232,0.400394,3.150230,1.091385,0.378268,3.172647,0.854506,0.576226,2.973826,1.384248,0.708380,2.903011,1.362807,0.766152,2.949423,1.093172,0.798141,2.971694,0.857384,0.517830,3.104085,0.928502,0.495743,3.072080,0.526839,0.543288,3.123457,0.096341,0.424385,3.003097,0.019335,0.648166,3.013341,0.917923,0.645435,2.931683,0.522873,0.822703,3.209331,0.236490,0.762834,3.223050,0.064153,-0.618276,-0.994375,0.196954
0.573105,3.043007,0.925393,0.572467,3.031935,1.020908,0.561966,3.011203,1.122873,0.556647,3.000598,1.217650,0.550006,2.990288,1.312268,0.531183,2.964355,1.444626,0.510862,2.936742,1.538806,0.513284,2.993887,1.386594,0.394389,3.086359,1.370773,0.386757,3.131016,1.094828,0.359980,3.146111,0.857830,0.565824,2.957667,1.386973,0.699112,2.888910,1.365859,0.756417,2.937557,1.096516,0.788275,2.961269,0.860858,0.507647,3.087951,0.930794,0.492610,3.067809,0.528042,0.541771,3.123091,0.098212,0.424169,3.002876,0.019168,0.638553,2.997918,0.921212,0.627714,2.900751,0.529712,0.796028,3.166379,0.227508,0.734472,3.161679,0.056960,-0.595492,-1.012427,0.159425
0.563140,3.026845,0.927590,0.561987,3.015992,1.023126,0.551333,2.995214,1.125066,0.545945,2.984512,1.219828,0.539371,2.974003,1.314429,0.520925,2.947585,1.446744,0.500878,2.919455,1.540829,0.502558,2.976992,1.388817,0.382514,3.068080,1.373603,0.373292,3.112382,1.097648,0.342550,3.119496,0.860795,0.555535,2.941407,1.389102,0.689701,2.874319,1.368089,0.746507,2.925213,1.099060,0.778133,2.950912,0.863584,0.497490,3.071565,0.932505,0.489494,3.063334,0.529125,0.540181,3.122645,0.100005,0.423973,3.002858,0.018887,0.628775,2.981985,0.923895,0.609336,2.871780,0.536113,0.768072,3.121227,0.215828,0.702889,3.098498,0.049505,-0.585813,-1.020291,0.121443
0.553197,3.010504,0.929285,0.551598,2.999981,1.024851,0.540817,2.979204,1.126777,0.535382,2.968404,1.221526,0.528881,2.957664,1.316106,0.510787,2.930703,1.448360,0.491000,2.902035,1.542338,0.491970,2.960051,1.390544,0.370912,3.049873,1.375876,0.360082,3.094158,1.099978,0.325757,3.092717,0.863507,0.545306,2.925007,1.390699,0.680103,2.859242,1.369602,0.736301,2.912467,1.100898,0.767676,2.940507,0.865651,0.487411,3.055069,0.933714,0.486512,3.058708,0.530185,0.538591,3.122095,0.101812,0.423796,3.002957,0.018574,0.618968,2.965802,0.926075,0.590820,2.844455,0.542286,0.738782,3.073616,0.201612,0.668679,3.033214,0.041820,-0.584145,-1.025082,0.079542
0.543139,2.994151,0.930273,0.541093,2.983872,1.025857,0.530164,2.963035,1.127755,0.524659,2.952089,1.222482,0.518205,2.941082,1.317035,0.500408,2.913548,1.449211,0.480847,2.884359,1.543076,0.481235,2.942887,1.391505,0.359272,3.031550,1.377282,0.346745,3.075950,1.101477,0.309010,3.066002,0.865703,0.534888,2.908331,1.391532,0.670201,2.843721,1.370209,0.725670,2.899036,1.101770,0.757000,2.929568,0.866827,0.477226,3.038570,0.934257,0.483738,3.053895,0.531059,0.537375,3.121374,0.103505,0.423681,3.003064,0.018322,0.609035,2.949601,0.927508,0.572922,2.818362,0.547634,0.708256,3.023078,0.187091,0.633275,2.965933,0.035170,-0.579634,-1.031379,0.036174
0.532869,2.977882,0.930471,0.530320,2.967676,1.026050,0.519194,2.946675,1.127893,0.513581,2.935520,1.222590,0.507139,2.924218,1.317109,0.489587,2.896114,1.449198,0.470219,2.866439,1.542951,0.470192,2.925477,1.391599,0.347450,3.013113,1.377682,0.333005,3.057755,1.102015,0.292044,3.039343,0.867317,0.524133,2.891372,1.391510,0.659863,2.827773,1.369791,0.714495,2.884761,1.101525,0.746083,2.918034,0.867000,0.466799,3.022105,0.934048,0.481311,3.048932,0.531684,0.536672,3.120485,0.105009,0.423665,3.003136,0.018166,0.598914,2.933528,0.928113,0.555789,2.793305,0.552154,0.676448,2.968854,0.172179,0.597025,2.895963,0.029297,-0.564732,-1.039900,-0.008774
0.522484,2.961602,0.929963,0.519431,2.951382,1.025525,0.508087,2.930156,1.127298,0.502344,2.918744,1.221956,0.495888,2.907110,1.316434,0.478525,2.878408,1.448421,0.459315,2.848261,1.542056,0.459001,2.907843,1.390928,0.335590,2.994559,1.377214,0.319138,3.039575,1.101722,0.275124,3.012748,0.868413,0.513188,2.874137,1.390724,0.649221,2.811381,1.368465,0.702895,2.869800,1.100315,0.734947,2.905966,0.866282,0.456266,3.005636,0.933173,0.479091,3.043782,0.532121,0.536344,3.119426,0.106398,0.423710,3.003216,0.018070,0.588666,2.917436,0.927970,0.539274,2.769481,0.555850,0.643404,2.911704,0.156962,0.559580,2.823995,0.024461,-0.546986,-1.049926,-0.055188
0.512138,2.945199,0.928795,0.508673,2.934930,1.024339,0.497124,2.913434,1.126031,0.491243,2.901708,1.220643,0.484734,2.889681,1.315067,0.467466,2.860296,1.446915,0.448346,2.829662,1.540410,0.447857,2.889877,1.389531,0.323809,2.975701,1.375977,0.305584,3.021029,1.100644,0.258457,2.986467,0.868920,0.502256,2.856517,1.389217,0.638550,2.794538,1.366394,0.691094,2.854346,1.098329,0.723747,2.893063,0.864775,0.445850,2.989149,0.931734,0.476730,3.038295,0.532388,0.536353,3.118116,0.107766,0.423747,3.003335,0.018023,0.578382,2.901115,0.927073,0.523683,2.747076,0.558138,0.609366,2.853430,0.143935,0.521328,2.752211,0.022699,-0.538179,-1.063876,-0.100276
0.501878,2.928755,0.926930,0.498130,2.918398,1.022454,0.486383,2.896570,1.124053,0.480343,2.884449,1.218603,0.473716,2.871930,1.312954,0.456392,2.841718,1.444606,0.437262,2.810545,1.537919,0.436754,2.871555,1.387335,0.312052,2.956439,1.373878,0.292556,3.001968,1.098660,0.242133,2.960441,0.868774,0.491333,2.838488,1.386924,0.627892,2.777296,1.363567,0.679003,2.838449,1.095528,0.712526,2.879235,0.862448,0.435643,2.972794,0.929727,0.474159,3.032528,0.532478,0.536823,3.116514,0.109100,0.423744,3.003510,0.018061,0.568063,2.884580,0.925350,0.509531,2.726351,0.558688,0.573855,2.793402,0.133534,0.482023,2.679571,0.024649,-0.544606,-1.081714,-0.144540
0.491658,2.912188,0.924405,0.487719,2.901707,1.019908,0.475785,2.879502,1.121403,0.469578,2.866930,1.215884,0.462795,2.853858,1.310149,0.445320,2.822734,1.441568,0.426114,2.791006,1.534678,0.425699,2.852901,1.384413,0.300374,2.936873,1.371011,0.279842,2.982540,1.095891,0.226061,2.934728,0.868037,0.480421,2.820072,1.383909,0.617205,2.759602,1.359993,0.666712,2.822059,1.091952,0.701241,2.864571,0.859333,0.425553,2.956421,0.927157,0.471448,3.026425,0.532398,0.537631,3.114663,0.110412,0.423733,3.003724,0.018149,0.557709,2.867816,0.922872,0.496303,2.707044,0.557830,0.537350,2.732251,0.125323,0.441911,2.607114,0.029673,-0.559973,-1.103476,-0.187478
0.481488,2.895141,0.921381,0.477439,2.884556,1.016868,0.465374,2.862001,1.118271,0.459047,2.848998,1.212686,0.452144,2.835395,1.306869,0.434547,2.803397,1.438063,0.415257,2.771169,1.530985,0.414896,2.833872,1.381023,0.289067,2.917114,1.367750,0.267249,2.962809,1.092741,0.210176,2.909754,0.866822,0.469728,2.801229,1.380408,0.606638,2.741297,1.355868,0.654713,2.805212,1.087909,0.689926,2.849036,0.855632,0.415518,2.939572,0.924135,0.468459,3.019663,0.532187,0.538368,3.112608,0.111831,0.423737,3.003961,0.018167,0.547403,2.850569,0.919849,0.482766,2.688553,0.555969,0.501528,2.673665,0.120488,0.402125,2.540144,0.037897,-0.577185,-1.131681,-0.224796
0.471570,2.877648,0.917684,0.467518,2.867032,1.013167,0.455390,2.844167,1.114493,0.448987,2.830758,1.208847,0.441992,2.816631,1.302945,0.424274,2.783765,1.433908,0.404872,2.751094,1.526651,0.404516,2.814522,1.376983,0.278340,2.897284,1.363997,0.254664,2.942866,1.089129,0.194332,2.885614,0.865058,0.459414,2.781997,1.376238,0.596291,2.722299,1.350965,0.643190,2.787962,1.083223,0.678693,2.832401,0.851096,0.405702,2.922227,0.920475,0.465562,3.012754,0.531878,0.539082,3.110469,0.113160,0.423768,3.004224,0.018043,0.537390,2.832931,0.916115,0.468461,2.670980,0.552997,0.465942,2.617361,0.120682,0.361322,2.479941,0.050921,-0.596738,-1.170888,-0.261601
0.461703,2.859675,0.913487,0.457727,2.849049,1.008973,0.445593,2.825900,1.110233,0.439161,2.812104,1.204529,0.432109,2.797475,1.298546,0.414299,2.763780,1.429285,0.394780,2.730721,1.521866,0.394390,2.794798,1.372475,0.267983,2.877262,1.359852,0.242199,2.922619,1.085136,0.178675,2.862212,0.862816,0.449319,2.762337,1.371583,0.586063,2.702690,1.345511,0.631961,2.770256,1.078069,0.667430,2.814895,0.845974,0.395940,2.904406,0.916365,0.462388,3.005187,0.531438,0.539725,3.108126,0.114595,0.423814,3.004510,0.017850,0.527426,2.814810,0.911836,0.453847,2.654223,0.549021,0.431039,2.563623,0.124252,0.320844,2.425226,0.067144,-0.618135,-1.216538,-0.292786
0.451290,2.840763,0.909480,0.447378,2.830050,1.004958,0.435306,2.806662,1.106171,0.428952,2.792572,1.200429,0.421985,2.777583,1.294396,0.404313,2.743315,1.425005,0.384801,2.710000,1.517497,0.384213,2.774497,1.368306,0.257665,2.856790,1.355992,0.229997,2.901854,1.081404,0.163578,2.839690,0.860416,0.439166,2.742091,1.367231,0.575801,2.682550,1.340377,0.620973,2.751971,1.073284,0.655832,2.797164,0.841216,0.385683,2.885714,0.912480,0.457696,2.995111,0.530803,0.539735,3.105265,0.116856,0.423861,3.004795,0.017685,0.516864,2.795680,0.907709,0.439075,2.637379,0.544767,0.399829,2.516986,0.127414,0.285852,2.377465,0.081887,-0.632796,-1.257483,-0.298744
0.440177,2.820903,0.905613,0.436201,2.809917,1.001058,0.424240,2.786311,1.102235,0.418093,2.772029,1.196478,0.411418,2.756874,1.290440,0.394256,2.722392,1.421061,0.374948,2.688999,1.513568,0.373907,2.753601,1.364485,0.247326,2.835870,1.352381,0.217934,2.880378,1.077880,0.148815,2.817972,0.857747,0.428890,2.721258,1.363166,0.565462,2.661957,1.335488,0.610385,2.733029,1.068785,0.643939,2.779249,0.836718,0.374792,2.866170,0.908744,0.451670,2.982149,0.529886,0.539437,3.102239,0.119919,0.423915,3.005093,0.017630,0.505528,2.775502,0.903710,0.423992,2.620710,0.540105,0.373259,2.478945,0.129667,0.258731,2.336695,0.095392,-0.630952,-1.281007,-0.264369
0.428519,2.800105,0.901936,0.424466,2.788767,0.997338,0.412685,2.764989,1.098496,0.406850,2.750606,1.192744,0.400608,2.735428,1.286732,0.384187,2.700989,1.417460,0.365208,2.667651,1.510055,0.363551,2.732127,1.361004,0.237025,2.814502,1.349055,0.206133,2.858385,1.074618,0.134611,2.797133,0.854921,0.418556,2.699839,1.359405,0.555088,2.640834,1.330920,0.600038,2.713509,1.064654,0.631712,2.761109,0.832585,0.363406,2.845755,0.905234,0.444127,2.966678,0.528773,0.538507,3.098694,0.123806,0.423971,3.005390,0.017603,0.493595,2.754315,0.899863,0.408751,2.603954,0.535165,0.350383,2.448006,0.131512,0.237097,2.302881,0.107418,-0.622371,-1.299827,-0.204766
0.416181,2.777936,0.899284,0.412294,2.766395,0.994666,0.400835,2.742589,1.095853,0.395406,2.728232,1.190128,0.389644,2.713149,1.284162,0.373978,2.678910,1.415035,0.355363,2.645707,1.507751,0.353071,2.709936,1.358643,0.226608,2.792422,1.346797,0.195105,2.836234,1.072418,0.122009,2.777545,0.852591,0.408088,2.677681,1.356791,0.544659,2.619028,1.327764,0.589405,2.693518,1.061973,0.618728,2.743269,0.830074,0.351386,2.824016,0.902849,0.433274,2.947978,0.527659,0.535413,3.093257,0.129304,0.424002,3.005623,0.017458,0.480939,2.731713,0.896943,0.393969,2.585419,0.531064,0.331368,2.424226,0.130669,0.218950,2.277379,0.112559,-0.627775,-1.340942,-0.145647
0.402966,2.754078,0.897975,0.399635,2.742589,0.993383,0.388686,2.718958,1.094667,0.383756,2.704775,1.188995,0.378479,2.689900,1.283091,0.363479,2.655981,1.414127,0.345254,2.622979,1.506991,0.342354,2.686865,1.357714,0.215868,2.769321,1.345882,0.185213,2.814027,1.071560,0.111493,2.759426,0.850883,0.397380,2.654629,1.355665,0.534186,2.596538,1.326595,0.578226,2.673260,1.061329,0.604389,2.726328,0.829841,0.338586,2.800695,0.901968,0.418775,2.925407,0.526514,0.530623,3.086198,0.137297,0.423994,3.005751,0.017066,0.467312,2.707320,0.895210,0.379767,2.563750,0.528339,0.316863,2.410083,0.125194,0.204171,2.263133,0.107145,-0.663609,-1.435367,-0.099563
0.389072,2.728851,0.897692,0.386538,2.717560,0.993149,0.376243,2.694250,1.094577,0.371904,2.680366,1.188980,0.367158,2.665816,1.283157,0.352841,2.632376,1.414394,0.335040,2.599655,1.507441,0.331513,2.663075,1.357906,0.205012,2.745508,1.346035,0.176094,2.791662,1.071765,0.102580,2.742559,0.849671,0.386537,2.630838,1.355687,0.523657,2.573364,1.326840,0.566760,2.652532,1.062135,0.589293,2.709686,0.831230,0.325153,2.776050,0.902212,0.400965,2.899608,0.525367,0.523671,3.077246,0.146900,0.423961,3.005815,0.016556,0.452961,2.681511,0.894403,0.366023,2.540302,0.526453,0.306219,2.403099,0.117031,0.192880,2.257199,0.094846,-0.713429,-1.552087,-0.053963
0.374963,2.702780,0.898309,0.373272,2.691734,0.993814,0.363711,2.668821,1.095404,0.360038,2.655329,1.189891,0.355905,2.641212,1.284160,0.342379,2.608424,1.415642,0.324981,2.576047,1.508885,0.320813,2.638914,1.359072,0.194518,2.721657,1.347204,0.167181,2.769196,1.073000,0.094858,2.726660,0.849233,0.375798,2.606619,1.356667,0.513020,2.549362,1.327864,0.555256,2.630837,1.063711,0.574803,2.692062,0.833532,0.311396,2.750410,0.903338,0.379065,2.871786,0.524505,0.511619,3.064214,0.156250,0.423924,3.005879,0.016176,0.438506,2.655012,0.894514,0.352984,2.517446,0.524921,0.297658,2.395895,0.109728,0.183440,2.252112,0.081258,-0.748617,-1.625056,0.003103
0.360397,2.675482,0.899995,0.359664,2.664673,0.995535,0.351013,2.642247,1.097309,0.348169,2.629280,1.191893,0.344823,2.615774,1.286276,0.332324,2.583948,1.418086,0.315314,2.552017,1.511553,0.310446,2.614187,1.361422,0.184754,2.697835,1.349605,0.158266,2.746563,1.075520,0.088238,2.711858,0.849772,0.365331,2.581745,1.358790,0.502305,2.524077,1.329632,0.543865,2.607875,1.066101,0.561286,2.673133,0.836865,0.297020,2.723304,0.905571,0.351243,2.842165,0.524050,0.491301,3.045071,0.163820,0.424830,3.006907,0.014366,0.423759,2.627520,0.895657,0.340753,2.496040,0.523379,0.290836,2.385027,0.104393,0.175203,2.245131,0.066769,-0.753717,-1.618321,0.094402
0.345617,2.647341,0.902582,0.345887,2.636815,0.998156,0.338225,2.614953,1.100131,0.336285,2.602603,1.194820,0.333809,2.589815,1.289330,0.322447,2.559125,1.421511,0.305801,2.527703,1.515215,0.300219,2.589088,1.364747,0.175352,2.673973,1.353023,0.149556,2.723828,1.079071,0.082810,2.698025,0.851084,0.354968,2.556444,1.361872,0.491482,2.497962,1.332180,0.532436,2.583946,1.069261,0.548376,2.653223,0.841112,0.282321,2.695202,0.908685,0.319331,2.810521,0.523879,0.465883,3.021847,0.171137,0.425731,3.007935,0.012685,0.408908,2.599338,0.897718,0.329227,2.475225,0.522190,0.286097,2.373940,0.099918,0.168816,2.238997,0.050992,-0.744186,-1.567834,0.197167
0.331812,2.620037,0.905440,0.332724,2.609895,1.001056,0.325786,2.588572,1.103203,0.324540,2.576770,1.197979,0.322770,2.564583,1.292591,0.312369,2.534814,1.425071,0.295996,2.503825,1.518969,0.289820,2.564544,1.368269,0.165687,2.650536,1.356756,0.141108,2.701239,1.082854,0.078433,2.684493,0.852846,0.344437,2.531702,1.365175,0.480410,2.472228,1.334981,0.520769,2.559450,1.072373,0.536331,2.632025,0.845209,0.268496,2.667842,0.911769,0.288045,2.777393,0.523910,0.441927,2.998442,0.180907,0.423800,3.006131,0.016062,0.395128,2.572093,0.900351,0.318339,2.454797,0.521957,0.282702,2.365592,0.096522,0.164586,2.234462,0.038355,-0.737774,-1.515411,0.255035
0.319800,2.594231,0.908428,0.320683,2.584621,1.004100,0.313979,2.563780,1.106365,0.313050,2.552401,1.201200,0.311703,2.540610,1.295872,0.301973,2.511387,1.428529,0.285730,2.480722,1.522557,0.279131,2.540936,1.371814,0.155527,2.627751,1.360744,0.133228,2.678742,1.086713,0.075543,2.671121,0.855002,0.333645,2.507936,1.368540,0.468986,2.447242,1.337968,0.508691,2.534347,1.075215,0.525377,2.609397,0.848920,0.256311,2.641839,0.914443,0.258842,2.742660,0.523902,0.422443,2.977164,0.195401,0.418802,3.001996,0.028726,0.383294,2.546490,0.903650,0.307801,2.433922,0.523429,0.280849,2.361675,0.094588,0.163395,2.232177,0.031052,-0.744695,-1.469591,0.224505
0.308763,2.569262,0.911687,0.309256,2.560284,1.007422,0.302519,2.539901,1.109776,0.301698,2.528876,1.204652,0.300612,2.517363,1.299360,0.291376,2.488473,1.432123,0.275171,2.458054,1.526236,0.268270,2.517883,1.375558,0.145103,2.605391,1.365048,0.125609,2.656392,1.090805,0.073703,2.658049,0.857607,0.322687,2.484729,1.372125,0.457312,2.422636,1.341209,0.496375,2.508677,1.078009,0.515290,2.585481,0.852481,0.245000,2.616578,0.917085,0.230266,2.706443,0.524096,0.404420,2.955704,0.212348,0.410972,2.995029,0.046448,0.372531,2.521823,0.907521,0.297902,2.413434,0.525857,0.280340,2.360498,0.093733,0.164360,2.231492,0.026890,-0.754735,-1.421834,0.149079
0.297427,2.544834,0.915012,0.297707,2.536497,1.010806,0.290991,2.516541,1.113244,0.290286,2.505814,1.208153,0.289418,2.494501,1.302886,0.280556,2.465816,1.435717,0.264371,2.435531,1.529877,0.257279,2.495164,1.379251,0.134479,2.583241,1.369145,0.117384,2.634595,1.094796,0.071468,2.645037,0.860498,0.311573,2.461823,1.375669,0.445557,2.398523,1.344385,0.484139,2.482968,1.080605,0.505660,2.560401,0.855539,0.233468,2.591947,0.919920,0.202665,2.669644,0.525138,0.385392,2.931039,0.227646,0.398185,2.980890,0.061477,0.361392,2.497609,0.911334,0.289444,2.395632,0.527600,0.279835,2.359935,0.093036,0.165143,2.231206,0.023723,-0.754999,-1.388346,0.102901
0.285132,2.520775,0.918414,0.285642,2.513177,1.014266,0.279151,2.493666,1.116803,0.278664,2.483198,1.211743,0.278015,2.471999,1.306491,0.269409,2.443354,1.439349,0.253271,2.413025,1.533503,0.246093,2.472747,1.382869,0.123530,2.561173,1.372904,0.108043,2.613597,1.098659,0.068539,2.632109,0.863719,0.300232,2.439173,1.379134,0.433735,2.375097,1.347359,0.472140,2.457410,1.082889,0.496626,2.533928,0.857831,0.221138,2.567866,0.923105,0.176142,2.632034,0.527282,0.364447,2.901862,0.240574,0.379443,2.957792,0.071309,0.349136,2.473585,0.914959,0.283064,2.381878,0.527814,0.278809,2.359505,0.092080,0.164868,2.231072,0.020929,-0.734667,-1.384015,0.125517
0.272538,2.497258,0.921881,0.273454,2.490407,1.017786,0.267241,2.471309,1.120418,0.266982,2.461045,1.215381,0.266509,2.449881,1.310134,0.258038,2.421149,1.442981,0.241929,2.390663,1.537090,0.234776,2.450664,1.386437,0.112381,2.539316,1.376457,0.098095,2.593153,1.102421,0.065214,2.619240,0.867226,0.288736,2.416823,1.382557,0.421833,2.352165,1.350268,0.460221,2.431813,1.084976,0.488050,2.506291,0.859619,0.208587,2.544415,0.926482,0.150594,2.593843,0.530274,0.342497,2.869479,0.251853,0.355745,2.927522,0.078447,0.336502,2.450012,0.918526,0.278125,2.370810,0.527341,0.277788,2.359690,0.091281,0.164411,2.231336,0.019130,-0.704560,-1.393951,0.177382
0.260354,2.474503,0.925176,0.261587,2.468044,1.021108,0.255578,2.449175,1.123795,0.255488,2.439019,1.218770,0.255139,2.427877,1.313526,0.246730,2.399126,1.446373,0.230575,2.368526,1.540436,0.223562,2.428789,1.389778,0.101469,2.517833,1.379669,0.088211,2.572940,1.105830,0.060947,2.606107,0.870733,0.277320,2.394645,1.385792,0.409981,2.329258,1.353197,0.448232,2.406124,1.087061,0.479110,2.478295,0.861335,0.196454,2.521725,0.929803,0.126070,2.556657,0.534001,0.319805,2.834789,0.259544,0.327968,2.891108,0.082650,0.324269,2.427197,0.921801,0.273519,2.360635,0.527071,0.277017,2.359813,0.090968,0.164060,2.231544,0.018045,-0.684247,-1.389687,0.213996
0.248972,2.452789,0.928347,0.250301,2.446105,1.024262,0.244343,2.427157,1.126938,0.244320,2.416964,1.221909,0.244029,2.405842,1.316668,0.235607,2.377231,1.449544,0.219299,2.346618,1.543576,0.212562,2.407072,1.392929,0.091012,2.496815,1.382511,0.078567,2.552876,1.108824,0.055503,2.592749,0.874279,0.266088,2.372573,1.388894,0.398244,2.306170,1.356309,0.436046,2.380192,1.089311,0.469623,2.450110,0.863260,0.185137,2.500078,0.933156,0.102550,2.521412,0.538717,0.296893,2.798060,0.262866,0.295522,2.847881,0.083420,0.312823,2.405413,0.924790,0.268971,2.351011,0.527386,0.276675,2.359651,0.091368,0.163940,2.231531,0.017833,-0.681074,-1.354043,0.220849
0.238000,2.431838,0.931345,0.239335,2.424573,1.027217,0.233354,2.405362,1.129842,0.233341,2.395038,1.224799,0.233055,2.383922,1.319559,0.224546,2.355519,1.452473,0.208010,2.324934,1.546476,0.201664,2.385562,1.395852,0.080792,2.476172,1.385012,0.068986,2.533044,1.111464,0.049116,2.579128,0.877826,0.254936,2.350673,1.391808,0.386557,2.283108,1.359441,0.423790,2.354168,1.091560,0.459773,2.421566,0.865112,0.174238,2.479192,0.936454,0.080053,2.487173,0.544168,0.273239,2.759023,0.262600,0.258997,2.798510,0.081254,0.301777,2.384385,0.927486,0.264757,2.342281,0.527902,0.276583,2.359427,0.092253,0.163925,2.231461,0.018334,-0.687694,-1.304199,0.212452
0.226967,2.411026,0.933785,0.228357,2.403252,1.029617,0.222379,2.383811,1.132200,0.222380,2.373379,1.227145,0.222089,2.362278,1.321906,0.213468,2.334080,1.454857,0.196667,2.303543,1.548827,0.190765,2.364283,1.398256,0.070604,2.455801,1.387120,0.059598,2.513367,1.113687,0.041950,2.564810,0.880972,0.243786,2.329011,1.394215,0.374856,2.260224,1.362186,0.411696,2.328462,1.093512,0.449282,2.392960,0.866485,0.163206,2.458348,0.939183,0.058677,2.452724,0.549473,0.247546,2.717781,0.259148,0.221043,2.746030,0.077408,0.290743,2.363598,0.929634,0.260596,2.333679,0.528363,0.276445,2.359133,0.093269,0.163932,2.231368,0.018793,-0.701635,-1.263221,0.187836
0.215824,2.390170,0.935546,0.217343,2.382113,1.031354,0.211415,2.362565,1.133919,0.211442,2.352101,1.228861,0.211142,2.341045,1.323627,0.202388,2.313047,1.456612,0.185265,2.282575,1.550544,0.179887,2.343324,1.400076,0.060469,2.435798,1.388886,0.050608,2.493803,1.115502,0.033905,2.549690,0.883702,0.232666,2.307688,1.396049,0.363154,2.237584,1.364525,0.399795,2.303320,1.095193,0.437941,2.364572,0.867348,0.151947,2.437308,0.941158,0.038427,2.417479,0.554451,0.219141,2.674579,0.252129,0.182430,2.691791,0.071753,0.279718,2.342924,0.931177,0.256483,2.324895,0.528708,0.276207,2.358720,0.094333,0.163938,2.231255,0.018981,-0.726827,-1.240504,0.137386
0.204620,2.369454,0.936749,0.206317,2.361185,1.032536,0.200466,2.341564,1.135092,0.200523,2.331091,1.230032,0.200204,2.320089,1.324805,0.191291,2.292288,1.457820,0.173808,2.261899,1.551714,0.169008,2.322594,1.401377,0.050366,2.416068,1.390258,0.041810,2.474394,1.116898,0.025081,2.533873,0.886032,0.221548,2.286603,1.397377,0.351438,2.215122,1.366477,0.388057,2.278496,1.096576,0.425959,2.336123,0.867731,0.140554,2.416310,0.942563,0.019298,2.382025,0.559282,0.188696,2.629171,0.241924,0.142387,2.634444,0.064418,0.268705,2.322489,0.932172,0.252422,2.316239,0.528997,0.275922,2.358237,0.095527,0.163965,2.231119,0.019126,-0.759338,-1.226653,0.070716
0.193030,2.348809,0.937372,0.195011,2.340359,1.033136,0.189307,2.320655,1.135684,0.189433,2.310153,1.230621,0.189112,2.299170,1.325396,0.180050,2.271497,1.458428,0.162264,2.241187,1.552291,0.157965,2.301844,1.402067,0.040026,2.396217,1.391038,0.032717,2.455197,1.117786,0.015939,2.517238,0.887605,0.210279,2.265524,1.398077,0.339604,2.192797,1.367695,0.376618,2.253657,1.097280,0.413699,2.307066,0.867311,0.128754,2.395343,0.943443,0.001377,2.346907,0.563627,0.156926,2.580919,0.230074,0.101257,2.572979,0.057040,0.257327,2.302165,0.932532,0.248148,2.307886,0.529151,0.275460,2.357827,0.096742,0.164004,2.230990,0.019157,-0.784904,-1.216555,0.015705
0.180804,2.328219,0.937389,0.183274,2.319645,1.033129,0.177859,2.299860,1.135677,0.178145,2.289311,1.230608,0.177882,2.278306,1.325381,0.168725,2.250676,1.458416,0.150716,2.220423,1.552255,0.146779,2.281071,1.402115,0.029422,2.376176,1.391166,0.023158,2.436363,1.118152,0.006577,2.499695,0.888287,0.198891,2.244466,1.398101,0.327708,2.170706,1.368040,0.365738,2.228727,1.097151,0.401361,2.277213,0.865886,0.116300,2.374385,0.943826,-0.015282,2.311892,0.567520,0.123811,2.529316,0.216351,0.058781,2.506130,0.049589,0.245337,2.281944,0.932183,0.243507,2.299979,0.529080,0.274744,2.357622,0.097892,0.163994,2.230878,0.019016,-0.797662,-1.208208,-0.013669
0.168191,2.307699,0.936826,0.171259,2.299033,1.032541,0.166202,2.279157,1.135089,0.166687,2.268540,1.230013,0.166499,2.257479,1.324779,0.157257,2.229822,1.457803,0.139081,2.199624,1.551627,0.135429,2.260277,1.401553,0.018582,2.356014,1.390701,0.013304,2.417739,1.118008,-0.003102,2.481333,0.888213,0.187352,2.223414,1.397498,0.315695,2.148751,1.367650,0.355158,2.203784,1.096342,0.388745,2.246751,0.863657,0.103439,2.353459,0.943683,-0.030733,2.277213,0.570927,0.089370,2.474870,0.200983,0.015217,2.435164,0.042095,0.232982,2.261833,0.931198,0.238652,2.292374,0.528873,0.273850,2.357489,0.099063,0.163996,2.230773,0.018760,-0.803473,-1.203614,-0.031385
0.155611,2.287227,0.935732,0.159153,2.278384,1.031416,0.154347,2.258338,1.133944,0.154947,2.247579,1.228850,0.154761,2.236392,1.323602,0.145344,2.208619,1.456588,0.127078,2.178505,1.550422,0.123678,2.239217,1.400383,0.007313,2.335549,1.389630,0.003172,2.398920,1.117298,-0.012926,2.462304,0.887436,0.175408,2.202091,1.396294,0.303298,2.126600,1.366592,0.344244,2.178730,1.094925,0.375610,2.215703,0.860913,0.090641,2.332625,0.942971,-0.045056,2.244108,0.573400,0.054376,2.418466,0.186193,-0.028320,2.362872,0.036299,0.220625,2.241722,0.929723,0.233784,2.284816,0.528717,0.272885,2.357173,0.100400,0.164170,2.230674,0.018494,-0.805659,-1.203655,-0.051495
0.143237,2.266841,0.934074,0.147063,2.257664,1.029716,0.142340,2.237321,1.132189,0.142926,2.226314,1.227067,0.142634,2.214910,1.321792,0.132904,2.186911,1.454709,0.114635,2.156900,1.548575,0.111469,2.217790,1.398535,-0.004453,2.314666,1.387864,-0.007179,2.379814,1.115940,-0.022724,2.442574,0.885872,0.162995,2.180382,1.394428,0.290464,2.104151,1.364799,0.332854,2.153495,1.092836,0.361880,2.183897,0.857615,0.078101,2.311949,0.941646,-0.058234,2.212942,0.574907,0.018795,2.360081,0.172036,-0.072166,2.289745,0.032102,0.208420,2.221619,0.927732,0.229034,2.277494,0.528663,0.271864,2.356666,0.101885,0.164689,2.230570,0.018238,-0.802322,-1.207510,-0.079723
0.130895,2.246503,0.931886,0.134884,2.236906,1.027480,0.130134,2.216186,1.129876,0.130623,2.204859,1.224718,0.130152,2.193167,1.319407,0.120018,2.164853,1.452227,0.101823,2.134976,1.546151,0.098859,2.196097,1.396080,-0.016648,2.293479,1.385493,-0.017808,2.360511,1.114016,-0.032667,2.422176,0.883606,0.150176,2.158402,1.391960,0.277247,2.081505,1.362337,0.321130,2.128151,1.090137,0.347630,2.151504,0.853801,0.065625,2.291365,0.939752,-0.070282,2.183350,0.575480,-0.017340,2.299738,0.158458,-0.115987,2.215292,0.029601,0.196215,2.201516,0.925249,0.224270,2.270219,0.528660,0.270770,2.355975,0.103536,0.165380,2.230472,0.017972,-0.795359,-1.216002,-0.110345
0.118479,2.226076,0.929320,0.122485,2.216069,1.024871,0.117604,2.194961,1.127182,0.117923,2.183289,1.221982,0.117222,2.171277,1.316630,0.106637,2.142589,1.449334,0.088576,2.112945,1.543357,0.085783,2.174195,1.393229,-0.029252,2.272147,1.382765,-0.028872,2.340885,1.111707,-0.043101,2.401361,0.880941,0.136891,2.136216,1.389096,0.263542,2.058634,1.359469,0.308872,2.102818,1.087090,0.332847,2.119056,0.849869,0.053097,2.270739,0.937378,-0.081323,2.155483,0.574773,-0.053159,2.238393,0.147514,-0.157659,2.140829,0.030834,0.183912,2.181281,0.922491,0.219290,2.262170,0.528741,0.269665,2.354872,0.105553,0.165891,2.230411,0.017735,-0.793781,-1.232479,-0.140244
0.106097,2.205694,0.926403,0.109917,2.195298,1.021919,0.104749,2.173766,1.124126,0.104785,2.161682,1.218873,0.103771,2.149256,1.313463,0.092645,2.120036,1.446005,0.074800,2.090757,1.540182,0.072155,2.152022,1.389984,-0.042271,2.250705,1.379773,-0.040395,2.320932,1.109103,-0.054131,2.380223,0.878000,0.123053,2.113763,1.385821,0.249273,2.035480,1.356189,0.295991,2.077517,1.083702,0.317463,2.086496,0.845889,0.040631,2.250225,0.934507,-0.091350,2.129882,0.572571,-0.089416,2.175028,0.139916,-0.197175,2.065211,0.036893,0.171610,2.161027,0.919528,0.214313,2.253356,0.529045,0.268581,2.353351,0.107964,0.166048,2.230410,0.017536,-0.800594,-1.261191,-0.169835
0.093641,2.185224,0.923109,0.097130,2.174449,1.018596,0.091569,2.152480,1.120688,0.091250,2.139962,1.215379,0.089871,2.127088,1.309904,0.078157,2.097277,1.442263,0.060588,2.068462,1.536636,0.058062,2.129640,1.386344,-0.055700,2.229117,1.376425,-0.052353,2.300654,1.106114,-0.065653,2.358669,0.874661,0.108748,2.091104,1.382151,0.234517,2.012099,1.352503,0.282575,2.052227,1.079966,0.301545,2.053882,0.841791,0.028112,2.229669,0.931156,-0.100369,2.106006,0.569089,-0.125357,2.110661,0.134953,-0.234544,1.989583,0.046685,0.159211,2.140640,0.916290,0.209119,2.243767,0.529432,0.267484,2.351419,0.110740,0.166025,2.230447,0.017366,-0.812791,-1.297887,-0.198702
0.080685,2.164127,0.919512,0.083849,2.153045,1.014976,0.077941,2.130774,1.116985,0.077321,2.117975,1.211638,0.075647,2.104830,1.306123,0.063463,2.074701,1.438370,0.046154,2.046426,1.532954,0.043695,2.107300,1.382519,-0.069505,2.207430,1.372692,-0.064837,2.279933,1.102656,-0.077701,2.336667,0.870861,0.094172,2.068489,1.378332,0.219401,1.988636,1.348682,0.268696,2.027001,1.076112,0.285276,2.021918,0.837761,0.015078,2.208471,0.927470,-0.108519,2.082373,0.564619,-0.157844,2.049301,0.132540,-0.267664,1.918698,0.058972,0.146329,2.119643,0.912780,0.202845,2.232555,0.529519,0.266337,2.348867,0.113997,0.165986,2.230480,0.017244,-0.830362,-1.333168,-0.222478
0.067100,2.142366,0.915491,0.069962,2.131055,1.010937,0.063793,2.108656,1.112905,0.062973,2.095777,1.207547,0.061130,2.082599,1.302026,0.048679,2.052523,1.434264,0.031598,2.024863,1.529070,0.029119,2.085156,1.378453,-0.083716,2.185683,1.368443,-0.077813,2.258820,1.098598,-0.090195,2.314242,0.866463,0.079386,2.046067,1.374300,0.203894,1.965104,1.344646,0.254349,2.002014,1.072081,0.268522,1.990850,0.833776,0.001379,2.186564,0.923333,-0.115183,2.059002,0.558746,-0.186853,1.990843,0.134282,-0.296091,1.852351,0.076199,0.132856,2.098029,0.908874,0.195330,2.219782,0.529238,0.265260,2.345935,0.117641,0.165983,2.230494,0.017195,-0.855374,-1.361012,-0.241529
0.053016,2.119979,0.911167,0.055581,2.108509,1.006603,0.049196,2.086118,1.108559,0.048231,2.073312,1.203210,0.046290,2.060279,1.297708,0.033690,2.030529,1.430007,0.016821,2.003559,1.525050,0.014270,2.063055,1.374202,-0.098303,2.163837,1.363809,-0.091314,2.237263,1.094072,-0.103216,2.291371,0.861603,0.064330,2.023690,1.370120,0.188027,1.941489,1.340475,0.239539,1.977091,1.067933,0.251416,1.960432,0.829859,-0.012836,2.164015,0.918860,-0.120978,2.035875,0.551886,-0.212409,1.935392,0.138573,-0.320270,1.790746,0.095921,0.118899,2.075805,0.904696,0.186735,2.205385,0.528656,0.264131,2.342384,0.121765,0.165966,2.230506,0.017194,-0.885761,-1.387441,-0.255489
0.038391,2.096541,0.906979,0.040768,2.085022,1.002414,0.034237,2.062811,1.104399,0.033173,2.050261,1.199081,0.031160,2.037581,1.293623,0.018440,2.008470,1.426047,0.001737,1.982238,1.521327,-0.000852,2.040786,1.370145,-0.113139,2.141819,1.359164,-0.105532,2.214997,1.089381,-0.117039,2.267946,0.856624,0.049020,2.001167,1.366227,0.172025,1.917888,1.336678,0.224356,1.951765,1.064081,0.234538,1.930629,0.826254,-0.027577,2.140430,0.914549,-0.127901,2.011456,0.545581,-0.231437,1.887273,0.140516,-0.339434,1.739257,0.109573,0.104388,2.052516,0.900630,0.176676,2.188334,0.527585,0.262542,2.337278,0.126758,0.165947,2.230520,0.017182,-0.915306,-1.421123,-0.258896
0.023128,2.071879,0.902914,0.025485,2.060373,0.998353,0.018910,2.038506,1.100411,0.017804,2.026408,1.195152,0.015750,2.014317,1.289770,0.002924,1.986215,1.422399,-0.013671,1.960767,1.517909,-0.016234,2.018229,1.366261,-0.128104,2.119639,1.354524,-0.120652,2.192024,1.084516,-0.131920,2.243973,0.851521,0.033470,1.978375,1.362627,0.155962,1.894273,1.333269,0.208834,1.925585,1.060482,0.218128,1.901221,0.822888,-0.042939,2.115624,0.910449,-0.136521,1.985117,0.540243,-0.241074,1.848510,0.138135,-0.352898,1.701318,0.114724,0.089225,2.027997,0.896599,0.165057,2.169048,0.526110,0.260686,2.331330,0.132879,0.165930,2.230541,0.017144,-0.947438,-1.472173,-0.253198
0.007324,2.046166,0.898984,0.009769,2.034783,0.994438,0.003220,2.013431,1.096609,0.002120,2.001969,1.191432,0.000051,1.990676,1.286150,-0.012853,1.963896,1.419049,-0.029384,1.939279,1.514788,-0.031888,1.995504,1.362571,-0.143318,2.097287,1.349873,-0.136490,2.168340,1.079487,-0.147603,2.219447,0.846298,0.017666,1.955437,1.359314,0.139764,1.870673,1.330234,0.192939,1.899000,1.057179,0.201947,1.872429,0.819834,-0.058828,2.089780,0.906510,-0.146268,1.957486,0.535461,-0.244184,1.817079,0.133405,-0.361346,1.673494,0.113806,0.073507,2.002412,0.892679,0.151976,2.147108,0.524145,0.258369,2.323828,0.139869,0.165913,2.230565,0.017095,-0.978728,-1.530476,-0.236946
-0.008774,2.019499,0.895669,-0.006209,2.008522,0.991162,-0.012725,1.987919,1.093485,-0.013824,1.977279,1.188400,-0.015922,1.966938,1.283225,-0.028931,1.941661,1.416406,-0.045433,1.917900,1.512366,-0.047855,1.972764,1.359513,-0.159019,2.074659,1.345535,-0.152685,2.143673,1.074622,-0.163601,2.194249,0.841307,0.001586,1.932526,1.356710,0.123434,1.847267,1.328039,0.176661,1.872896,1.054716,0.185848,1.844875,0.817562,-0.074975,2.063054,0.903084,-0.157433,1.928913,0.531538,-0.246285,1.791224,0.127348,-0.366070,1.650845,0.105546,0.057458,1.975807,0.889477,0.137337,2.120227,0.521244,0.254603,2.311707,0.147342,0.165898,2.230588,0.017014,-0.992677,-1.574351,-0.200335
-0.025205,1.991207,0.893050,-0.022553,1.981144,0.988634,-0.029066,1.961703,1.091174,-0.030195,1.952216,1.186202,-0.032355,1.943104,1.281141,-0.045501,1.919652,1.414630,-0.061987,1.896859,1.510824,-0.064338,1.950081,1.357179,-0.175488,2.051692,1.341311,-0.169260,2.117798,1.069679,-0.179912,2.168301,0.836335,-0.014960,1.909733,1.354955,0.106830,1.824205,1.326852,0.159878,1.847470,1.053279,0.169870,1.818728,0.816236,-0.091443,2.034761,0.900107,-0.170364,1.898639,0.528492,-0.249076,1.770962,0.119251,-0.365712,1.632113,0.084803,0.041066,1.947524,0.887225,0.120722,2.087081,0.516939,0.249018,2.293451,0.154878,0.166140,2.231093,0.015443,-0.980768,-1.597086,-0.124758
-0.041931,1.961962,0.891046,-0.039160,1.953097,0.986746,-0.045662,1.935050,1.089541,-0.046824,1.926900,1.184692,-0.049063,1.919173,1.279752,-0.062372,1.897727,1.413560,-0.078877,1.875927,1.509980,-0.081132,1.927382,1.355477,-0.192445,2.028448,1.337401,-0.186193,2.090938,1.064901,-0.196539,2.141682,0.831596,-0.031784,1.886968,1.353909,0.090094,1.801336,1.326505,0.142711,1.822524,1.052681,0.153976,1.793818,0.815692,-0.108168,2.005586,0.897642,-0.184711,1.867423,0.526305,-0.250858,1.756277,0.109827,-0.361628,1.618555,0.056718,0.024343,1.918220,0.885690,0.102550,2.048995,0.511698,0.241984,2.270575,0.162897,0.166386,2.231598,0.013841,-0.951517,-1.605395,-0.028820
-0.058591,1.933871,0.889885,-0.055547,1.925990,0.985670,-0.061978,1.909092,1.088674,-0.063147,1.902029,1.183922,-0.065476,1.895423,1.279074,-0.079008,1.875600,1.413124,-0.095630,1.854548,1.509694,-0.097660,1.904600,1.354574,-0.209283,2.005015,1.334730,-0.203057,2.063495,1.061343,-0.213006,2.114513,0.828080,-0.048335,1.864131,1.353570,0.073648,1.778397,1.326970,0.125513,1.798340,1.052908,0.137912,1.770261,0.815904,-0.124696,1.977730,0.896231,-0.199715,1.837884,0.525223,-0.252057,1.745361,0.102241,-0.359177,1.609006,0.035439,0.007553,1.889905,0.884785,0.083981,2.007655,0.506475,0.233626,2.244555,0.172271,0.165876,2.230649,0.016568,-0.913977,-1.597731,0.041468
-0.075273,1.908012,0.889563,-0.071695,1.900639,0.985373,-0.077974,1.884405,1.088498,-0.079113,1.877961,1.183795,-0.081566,1.872010,1.278993,-0.095454,1.853164,1.413155,-0.112328,1.832478,1.509763,-0.113895,1.881716,1.354451,-0.226019,1.981379,1.333607,-0.219750,2.035175,1.059294,-0.228917,2.086807,0.826127,-0.064635,1.841152,1.353855,0.057415,1.755197,1.328308,0.108015,1.775147,1.054011,0.121328,1.748375,0.816910,-0.140988,1.952425,0.896067,-0.216116,1.810187,0.525911,-0.252665,1.738500,0.097929,-0.360950,1.604194,0.027779,-0.009515,1.863502,0.884300,0.065681,1.962204,0.500893,0.224514,2.215310,0.183724,0.165257,2.230367,0.026997,-0.859340,-1.570587,0.052568
-0.091890,1.883307,0.890086,-0.087623,1.876229,0.985888,-0.093690,1.860411,1.089089,-0.094773,1.854337,1.184408,-0.097362,1.848778,1.279623,-0.111664,1.830527,1.413819,-0.128889,1.809960,1.510390,-0.129864,1.858749,1.355126,-0.242637,1.957553,1.333724,-0.236374,2.006271,1.058465,-0.244668,2.058550,0.825399,-0.080662,1.818102,1.354846,0.041473,1.731926,1.330457,0.090486,1.752715,1.055938,0.104575,1.727840,0.818673,-0.157082,1.928439,0.896958,-0.233174,1.784167,0.527704,-0.252690,1.735407,0.095455,-0.364355,1.603391,0.026925,-0.026649,1.838088,0.884444,0.046985,1.913498,0.495330,0.214078,2.182920,0.196532,0.163881,2.228632,0.041756,-0.796413,-1.527471,0.038019
-0.107822,1.858633,0.891695,-0.102899,1.851933,0.987492,-0.108713,1.836517,1.090765,-0.109706,1.830777,1.186104,-0.112377,1.825542,1.281332,-0.126968,1.807724,1.415552,-0.144600,1.787173,1.512051,-0.145059,1.835683,1.356819,-0.258481,1.933666,1.335082,-0.252808,1.978057,1.059045,-0.260968,2.029819,0.825877,-0.095813,1.795087,1.356788,0.026474,1.708891,1.333206,0.074086,1.730641,1.058512,0.088455,1.707809,0.821058,-0.172633,1.904281,0.898863,-0.247900,1.761950,0.528854,-0.252589,1.733418,0.093672,-0.366970,1.603243,0.026582,-0.042953,1.812906,0.885754,0.027049,1.865797,0.491872,0.200735,2.149105,0.209403,0.159053,2.217623,0.055089,-0.760663,-1.477370,0.052428
-0.122946,1.833112,0.894724,-0.117359,1.827136,0.990528,-0.122808,1.812268,1.093900,-0.123628,1.806953,1.189265,-0.126279,1.802050,1.284512,-0.140950,1.784561,1.418768,-0.159081,1.763965,1.515164,-0.159155,1.812350,1.359825,-0.273127,1.909669,1.337938,-0.269115,1.950821,1.061363,-0.278131,2.000540,0.827757,-0.109713,1.771993,1.359975,0.012722,1.685951,1.336559,0.059450,1.708613,1.061784,0.073205,1.688085,0.824097,-0.187664,1.878874,0.902009,-0.259087,1.744816,0.528378,-0.252425,1.732021,0.092175,-0.367738,1.602871,0.024645,-0.058160,1.787276,0.888669,0.004964,1.820452,0.491410,0.183467,2.114686,0.223163,0.150156,2.194564,0.065949,-0.782771,-1.416816,0.132314
-0.137384,1.807621,0.898840,-0.131168,1.802453,0.994653,-0.136211,1.788118,1.098121,-0.136823,1.783194,1.193508,-0.139399,1.778553,1.288770,-0.154026,1.761231,1.423052,-0.172712,1.740488,1.519310,-0.172478,1.788918,1.363848,-0.286998,1.885612,1.342035,-0.285231,1.924276,1.065090,-0.295843,1.970785,0.830843,-0.122736,1.748933,1.364113,-0.000086,1.663247,1.340512,0.045944,1.686943,1.065704,0.058587,1.668863,0.827758,-0.202152,1.853294,0.906170,-0.267943,1.731485,0.527260,-0.252136,1.731728,0.091370,-0.367716,1.603155,0.023219,-0.072536,1.761877,0.892751,-0.018359,1.776111,0.493055,0.163293,2.078842,0.236986,0.137806,2.162232,0.075384,-0.832056,-1.349276,0.241158
-0.150879,1.783675,0.903292,-0.144385,1.778904,0.999111,-0.149215,1.764828,1.102626,-0.149724,1.760111,1.198024,-0.152255,1.755615,1.293294,-0.166774,1.738348,1.427594,-0.185922,1.717372,1.523712,-0.185499,1.765876,1.368225,-0.300714,1.861778,1.346606,-0.300845,1.898827,1.069428,-0.313872,1.940858,0.834528,-0.135391,1.726360,1.368567,-0.012206,1.641508,1.344837,0.032829,1.666167,1.069952,0.044696,1.649882,0.831820,-0.215685,1.829287,0.910622,-0.275101,1.720246,0.526693,-0.251991,1.731411,0.091330,-0.367654,1.603387,0.022325,-0.085989,1.737992,0.897210,-0.041031,1.732982,0.496225,0.141686,2.040825,0.247097,0.121159,2.121140,0.080790,-0.851943,-1.294142,0.324011
-0.163229,1.762275,0.908004,-0.156995,1.757156,1.003820,-0.161923,1.742876,1.107302,-0.162502,1.738073,1.202696,-0.165046,1.733560,1.297965,-0.179393,1.716234,1.432276,-0.198861,1.694933,1.528258,-0.198390,1.743465,1.372907,-0.314562,1.838250,1.351552,-0.315873,1.874848,1.074306,-0.332445,1.910809,0.838712,-0.147826,1.704547,1.373293,-0.023551,1.621324,1.349622,0.019920,1.646689,1.074552,0.031752,1.630918,0.836374,-0.227993,1.807951,0.915320,-0.280335,1.711136,0.527175,-0.252095,1.730749,0.092237,-0.367775,1.603315,0.022167,-0.098386,1.716524,0.901933,-0.062367,1.691030,0.500980,0.119177,2.000471,0.252286,0.099855,2.069943,0.080261,-0.809547,-1.257617,0.361051
-0.174637,1.742419,0.913051,-0.169014,1.736541,1.008861,-0.174232,1.721784,1.112262,-0.174986,1.716712,1.207641,-0.177573,1.712065,1.302902,-0.191683,1.694567,1.437216,-0.211378,1.672854,1.533060,-0.210980,1.721444,1.377943,-0.328255,1.814945,1.356971,-0.330398,1.851966,1.079794,-0.351335,1.880586,0.843494,-0.159893,1.683220,1.378334,-0.034207,1.602105,1.354780,0.007402,1.628105,1.079480,0.019534,1.612194,0.841329,-0.239346,1.788187,0.920309,-0.283870,1.704117,0.528208,-0.252343,1.730064,0.093910,-0.367855,1.603191,0.022541,-0.109858,1.696570,0.907034,-0.083051,1.650290,0.507260,0.095236,1.957945,0.253764,0.074253,2.009986,0.075702,-0.737753,-1.233496,0.372100
-0.185453,1.722612,0.917915,-0.180553,1.716075,1.013724,-0.186128,1.700873,1.117043,-0.187096,1.695532,1.212405,-0.189742,1.690721,1.307656,-0.203628,1.672992,1.441963,-0.223447,1.650815,1.537674,-0.223228,1.699581,1.382813,-0.341540,1.791895,1.362394,-0.344366,1.829462,1.085303,-0.369627,1.850336,0.848577,-0.171662,1.662002,1.383187,-0.044697,1.582814,1.359819,-0.004902,1.609741,1.084340,0.007466,1.594116,0.846190,-0.250139,1.768442,0.924991,-0.287025,1.697370,0.529493,-0.252695,1.729197,0.095876,-0.367971,1.603066,0.022856,-0.120707,1.676696,0.912075,-0.103251,1.611064,0.514306,0.069747,1.912992,0.251387,0.044586,1.945827,0.070228,-0.678642,-1.222561,0.361670
-0.195602,1.702385,0.922573,-0.191532,1.695471,1.018391,-0.197534,1.679969,1.121640,-0.198762,1.674427,1.216987,-0.201495,1.669461,1.312228,-0.215200,1.651469,1.446519,-0.235004,1.628766,1.542109,-0.235105,1.677876,1.387504,-0.354333,1.769182,1.367907,-0.357500,1.807163,1.090873,-0.386810,1.820069,0.854078,-0.183138,1.640853,1.387850,-0.055159,1.563208,1.364822,-0.017175,1.591528,1.089233,-0.004620,1.576970,0.851022,-0.260328,1.748212,0.929259,-0.290121,1.690400,0.531015,-0.253164,1.728106,0.098057,-0.368163,1.602966,0.022941,-0.130826,1.656467,0.917116,-0.122961,1.573260,0.522329,0.042529,1.865866,0.244569,0.009813,1.878376,0.064645,-0.650706,-1.230544,0.322854
-0.205160,1.682206,0.927046,-0.202031,1.675016,1.022879,-0.208526,1.659246,1.126058,-0.210053,1.653503,1.221389,-0.212891,1.648353,1.316617,-0.226428,1.630038,1.450882,-0.246113,1.606757,1.546357,-0.246640,1.656330,1.392028,-0.366719,1.746723,1.373423,-0.370075,1.785243,1.096464,-0.403395,1.789774,0.859879,-0.194316,1.619812,1.392324,-0.065455,1.543530,1.369706,-0.029236,1.573534,1.094058,-0.016555,1.560469,0.855759,-0.269958,1.728000,0.933221,-0.292836,1.683701,0.532788,-0.253737,1.726834,0.100531,-0.368391,1.602863,0.022967,-0.140321,1.636319,0.922097,-0.142185,1.536971,0.531118,0.013763,1.816313,0.233895,-0.029024,1.806724,0.058146,-0.635453,-1.251712,0.262560
-0.214701,1.661985,0.930888,-0.212400,1.654586,1.026732,-0.219323,1.638554,1.129843,-0.221101,1.632582,1.225156,-0.224016,1.627193,1.320368,-0.237384,1.608464,1.454592,-0.256933,1.584618,1.549957,-0.257874,1.634709,1.395901,-0.378697,1.724300,1.378214,-0.382864,1.763497,1.101370,-0.420001,1.759567,0.865326,-0.205254,1.598618,1.396106,-0.075684,1.523469,1.373725,-0.040714,1.555291,1.098116,-0.028407,1.544163,0.859710,-0.279559,1.707755,0.936596,-0.295516,1.676940,0.534552,-0.254326,1.725353,0.103054,-0.368610,1.602727,0.022857,-0.149810,1.616120,0.926400,-0.161101,1.502782,0.539283,-0.016125,1.763324,0.220982,-0.068570,1.732700,0.051432,-0.619497,-1.269651,0.206017
-0.224367,1.641695,0.933995,-0.222673,1.634195,1.029846,-0.229892,1.617921,1.132900,-0.231835,1.611696,1.228194,-0.234781,1.606006,1.323388,-0.247980,1.586748,1.457554,-0.267390,1.562377,1.552814,-0.268713,1.613014,1.399017,-0.390146,1.701925,1.382067,-0.396183,1.742019,1.105397,-0.436830,1.729456,0.870263,-0.215868,1.577248,1.399082,-0.085811,1.502940,1.376681,-0.051237,1.536727,1.101255,-0.040293,1.528210,0.862701,-0.289272,1.687442,0.939337,-0.298168,1.670124,0.536288,-0.254894,1.723606,0.105576,-0.368761,1.602434,0.022505,-0.159434,1.595854,0.929872,-0.180034,1.470870,0.546668,-0.046994,1.706169,0.205181,-0.108152,1.656643,0.043874,-0.596061,-1.276973,0.163486
-0.234016,1.621363,0.936470,-0.232815,1.613827,1.032325,-0.240265,1.597319,1.135325,-0.242325,1.590813,1.230598,-0.245275,1.584766,1.325771,-0.258303,1.564889,1.459863,-0.277557,1.540006,1.555023,-0.279252,1.591245,1.401481,-0.401188,1.679586,1.385195,-0.409716,1.720717,1.108739,-0.453681,1.699434,0.874846,-0.226241,1.555724,1.401366,-0.095871,1.482029,1.378771,-0.061179,1.517914,1.103628,-0.052094,1.512451,0.864906,-0.298955,1.667096,0.941492,-0.300785,1.663245,0.538014,-0.255479,1.721650,0.108146,-0.368902,1.602107,0.022018,-0.169053,1.575538,0.932667,-0.198657,1.441058,0.553429,-0.078985,1.645578,0.187139,-0.148441,1.578216,0.036100,-0.571922,-1.281065,0.124706
-0.243799,1.600979,0.938169,-0.243077,1.593320,1.034017,-0.250752,1.576508,1.136951,-0.252915,1.569658,1.232197,-0.255851,1.563200,1.327342,-0.268695,1.542641,1.461349,-0.287820,1.517245,1.556399,-0.289819,1.569170,1.403124,-0.412187,1.657031,1.387501,-0.423280,1.699106,1.111274,-0.470565,1.669590,0.878885,-0.236677,1.533848,1.402797,-0.106072,1.460683,1.379849,-0.071285,1.498600,1.104989,-0.063532,1.495965,0.866149,-0.308715,1.646771,0.942930,-0.303702,1.655951,0.539521,-0.256104,1.719628,0.110671,-0.369171,1.602081,0.021630,-0.178864,1.555093,0.934627,-0.216170,1.413406,0.558642,-0.112089,1.582719,0.170420,-0.188094,1.498233,0.030695,-0.554014,-1.287677,0.084122
-0.253686,1.580557,0.939051,-0.253529,1.572597,1.034876,-0.261482,1.555353,1.137716,-0.263767,1.548059,1.232925,-0.266692,1.541111,1.328036,-0.279341,1.519793,1.461941,-0.298385,1.493873,1.556866,-0.300581,1.546616,1.403871,-0.423310,1.634090,1.388910,-0.436936,1.677036,1.112934,-0.487647,1.639859,0.882374,-0.247333,1.511455,1.403302,-0.116552,1.438779,1.379804,-0.081937,1.478750,1.105217,-0.074452,1.478361,0.866342,-0.318520,1.626490,0.943587,-0.306957,1.648222,0.540788,-0.256779,1.717614,0.113114,-0.369723,1.602623,0.021492,-0.188842,1.534524,0.935734,-0.232236,1.388122,0.562084,-0.146843,1.516914,0.155323,-0.226400,1.415118,0.027343,-0.541683,-1.295901,0.041346
-0.263707,1.560082,0.939157,-0.264101,1.551734,1.034948,-0.272326,1.533989,1.137681,-0.274718,1.526187,1.232847,-0.277614,1.518696,1.327918,-0.290056,1.496557,1.461710,-0.309047,1.470111,1.556500,-0.311372,1.523755,1.403797,-0.434390,1.610933,1.389497,-0.450624,1.654657,1.113786,-0.504762,1.610306,0.885320,-0.258051,1.488710,1.402954,-0.127173,1.416440,1.378746,-0.092753,1.458400,1.104433,-0.085008,1.460030,0.865573,-0.328402,1.606231,0.943528,-0.310511,1.640077,0.541836,-0.257495,1.715534,0.115513,-0.370402,1.603466,0.021455,-0.199013,1.513827,0.936005,-0.247192,1.364998,0.563979,-0.182711,1.448843,0.141549,-0.264069,1.330449,0.026360,-0.535583,-1.306645,-0.003235
-0.274099,1.539501,0.938464,-0.274840,1.530792,1.034223,-0.283212,1.512577,1.136863,-0.285618,1.504284,1.231988,-0.288424,1.496261,1.327018,-0.300616,1.473321,1.460699,-0.319567,1.446371,1.555355,-0.322024,1.500880,1.402955,-0.445296,1.587815,1.389403,-0.463979,1.631943,1.113907,-0.521438,1.581217,0.887551,-0.268660,1.465906,1.401817,-0.137728,1.393992,1.376858,-0.103342,1.437401,1.102760,-0.095376,1.441228,0.863943,-0.338558,1.585978,0.942807,-0.314574,1.631216,0.542526,-0.258248,1.713313,0.117886,-0.370873,1.604149,0.021302,-0.209647,1.492911,0.935340,-0.261234,1.343467,0.564073,-0.218077,1.381711,0.131763,-0.301895,1.249773,0.031281,-0.544611,-1.328378,-0.054019
-0.285012,1.519023,0.936910,-0.285804,1.510007,1.032641,-0.294169,1.491346,1.135202,-0.296487,1.482554,1.230285,-0.299161,1.473971,1.325270,-0.311117,1.450179,1.458823,-0.330076,1.422724,1.553332,-0.332611,1.478089,1.401276,-0.456141,1.564791,1.388630,-0.476871,1.608796,1.113251,-0.537577,1.552586,0.889025,-0.279244,1.443131,1.399821,-0.148255,1.371571,1.374143,-0.113535,1.415610,1.100183,-0.105582,1.422027,0.861426,-0.349089,1.566003,0.941423,-0.319081,1.621797,0.542868,-0.258916,1.710937,0.120156,-0.370959,1.604468,0.020942,-0.220945,1.471927,0.933615,-0.273764,1.323904,0.561920,-0.252920,1.314846,0.127579,-0.340749,1.173262,0.045053,-0.579842,-1.372220,-0.118303
-0.296297,1.498439,0.934557,-0.296936,1.489144,1.030262,-0.305169,1.470068,1.132758,-0.307304,1.460793,1.227799,-0.309784,1.451662,1.322739,-0.321465,1.427036,1.456166,-0.340445,1.399098,1.550529,-0.343058,1.455284,1.398830,-0.466813,1.541807,1.387176,-0.489431,1.585313,1.111865,-0.553276,1.524420,0.889785,-0.289720,1.420297,1.397035,-0.158716,1.349039,1.370598,-0.123500,1.393170,1.096717,-0.115600,1.402354,0.858047,-0.359895,1.546035,0.939379,-0.324098,1.611662,0.542852,-0.259621,1.708420,0.122401,-0.370836,1.604628,0.020466,-0.232706,1.450724,0.930954,-0.285381,1.305933,0.557965,-0.287261,1.248921,0.127384,-0.379758,1.100745,0.064728,-0.630201,-1.427052,-0.188789
-0.307735,1.477059,0.931570,-0.308107,1.467557,1.027255,-0.316053,1.448215,1.129723,-0.317857,1.438627,1.224740,-0.319983,1.429150,1.319653,-0.331149,1.404004,1.453027,-0.350052,1.375693,1.547295,-0.352979,1.432452,1.395878,-0.476839,1.518950,1.385174,-0.501689,1.561766,1.109958,-0.568347,1.497014,0.889788,-0.299671,1.397440,1.393734,-0.168785,1.326311,1.366395,-0.133355,1.370365,1.092532,-0.125533,1.382253,0.853973,-0.370869,1.525238,0.936734,-0.330031,1.600038,0.542300,-0.260729,1.705731,0.124866,-0.370697,1.604781,0.019940,-0.244603,1.428762,0.927625,-0.298086,1.287858,0.553295,-0.319543,1.189165,0.129010,-0.417096,1.037258,0.084996,-0.671364,-1.467985,-0.247985
-0.319050,1.454761,0.927720,-0.319066,1.445104,1.023391,-0.326555,1.425680,1.125879,-0.327846,1.416009,1.220896,-0.329413,1.406470,1.315816,-0.339746,1.381262,1.449246,-0.358455,1.352718,1.543484,-0.362033,1.409706,1.392250,-0.485792,1.496455,1.382464,-0.513711,1.538294,1.107414,-0.582776,1.470435,0.888896,-0.308752,1.374678,1.389754,-0.178229,1.303329,1.361307,-0.142926,1.347259,1.087405,-0.135336,1.361779,0.848987,-0.381766,1.503443,0.933250,-0.336491,1.587188,0.541112,-0.262059,1.703273,0.127296,-0.370596,1.604991,0.019353,-0.256328,1.405960,0.923409,-0.312833,1.270185,0.547704,-0.349962,1.136249,0.133684,-0.453421,0.984397,0.107452,-0.693283,-1.474457,-0.292388
-0.330520,1.431667,0.923236,-0.330065,1.421929,1.018899,-0.336942,1.402570,1.121444,-0.337571,1.392986,1.216479,-0.338417,1.383586,1.311423,-0.347680,1.358632,1.444983,-0.366098,1.329963,1.539241,-0.370560,1.386934,1.388115,-0.494100,1.474088,1.379207,-0.525431,1.514757,1.104349,-0.596576,1.444617,0.887247,-0.317309,1.351892,1.385260,-0.187282,1.280150,1.355563,-0.152387,1.323786,1.081559,-0.145054,1.340877,0.843308,-0.392832,1.480819,0.929166,-0.343867,1.572850,0.539387,-0.263792,1.700643,0.129947,-0.370479,1.605196,0.018714,-0.268188,1.382399,0.918526,-0.328667,1.252408,0.541397,-0.378323,1.089502,0.140180,-0.488073,0.940566,0.130501,-0.706007,-1.467031,-0.325499
-0.342756,1.407467,0.918969,-0.341730,1.397820,1.014635,-0.347864,1.378685,1.117266,-0.347712,1.369331,1.212323,-0.347713,1.360205,1.307295,-0.355711,1.335680,1.441011,-0.373687,1.307000,1.535348,-0.379201,1.363780,1.384249,-0.502577,1.451234,1.376007,-0.536685,1.491011,1.101326,-0.609601,1.419663,0.885213,-0.325961,1.328759,1.381009,-0.196326,1.256853,1.350022,-0.162378,1.300033,1.075835,-0.154923,1.319422,0.837759,-0.404702,1.457039,0.925264,-0.353744,1.555462,0.537252,-0.266839,1.696599,0.133829,-0.370379,1.605361,0.018115,-0.280780,1.357781,0.913895,-0.344734,1.231315,0.536072,-0.402475,1.052147,0.142647,-0.517249,0.906015,0.144046,-0.715351,-1.482502,-0.340328
-0.356210,1.382048,0.915004,-0.354536,1.372642,1.010689,-0.359785,1.353859,1.113434,-0.358714,1.344856,1.208518,-0.357714,1.336118,1.303519,-0.364193,1.312164,1.437414,-0.381500,1.283595,1.531907,-0.388271,1.340029,1.380743,-0.511632,1.427540,1.372894,-0.547543,1.467006,1.098387,-0.622048,1.395537,0.882821,-0.335005,1.305100,1.377068,-0.205510,1.233527,1.344763,-0.173187,1.276026,1.070276,-0.164951,1.297157,0.832365,-0.417859,1.431952,0.921626,-0.366079,1.534413,0.534601,-0.270776,1.691719,0.139499,-0.370297,1.605460,0.017586,-0.294526,1.332030,0.909606,-0.360630,1.204843,0.532372,-0.420901,1.027824,0.137658,-0.538673,0.883150,0.143156,-0.723727,-1.551152,-0.338492
-0.370430,1.355523,0.911256,-0.368008,1.346529,1.006971,-0.372241,1.328257,1.109860,-0.370132,1.319748,1.204976,-0.368007,1.311533,1.300007,-0.372772,1.288327,1.434109,-0.389261,1.259982,1.528816,-0.397455,1.315897,1.377505,-0.520857,1.403360,1.369839,-0.557935,1.442792,1.095489,-0.633718,1.372275,0.880043,-0.344144,1.281094,1.373371,-0.214686,1.210083,1.339709,-0.184526,1.251738,1.064839,-0.175130,1.274340,0.827103,-0.431820,1.405709,0.918169,-0.380915,1.510315,0.531539,-0.276027,1.685424,0.146399,-0.370233,1.605521,0.017096,-0.309004,1.305224,0.905570,-0.376758,1.175056,0.529656,-0.435120,1.012892,0.128640,-0.554619,0.869565,0.132762,-0.728724,-1.642701,-0.318373
-0.384675,1.327916,0.908317,-0.381348,1.319682,1.004063,-0.384492,1.302179,1.107119,-0.381310,1.294347,1.202261,-0.378056,1.286786,1.297315,-0.381147,1.264468,1.431620,-0.396845,1.236433,1.526556,-0.406439,1.291684,1.375034,-0.529844,1.379137,1.367364,-0.567484,1.418363,1.093068,-0.643869,1.350086,0.877164,-0.353116,1.256952,1.370484,-0.223794,1.186340,1.335483,-0.196168,1.227170,1.060224,-0.185675,1.251620,0.822727,-0.445767,1.378438,0.915426,-0.399953,1.483447,0.528512,-0.284778,1.674740,0.153872,-0.370219,1.605596,0.016642,-0.323541,1.277289,0.902440,-0.393473,1.144934,0.527696,-0.447535,0.999659,0.120025,-0.568111,0.858290,0.117571,-0.728927,-1.703096,-0.268131
-0.399076,1.298491,0.906430,-0.394448,1.291588,1.002202,-0.396303,1.275286,1.105468,-0.391938,1.268435,1.200627,-0.387529,1.261746,1.295692,-0.389010,1.240543,1.430198,-0.403971,1.212964,1.525383,-0.414946,1.267299,1.373524,-0.538296,1.354797,1.365506,-0.575914,1.393766,1.091155,-0.652281,1.329117,0.874108,-0.361666,1.232548,1.368625,-0.232655,1.162055,1.332260,-0.208084,1.202235,1.056626,-0.196755,1.229382,0.819475,-0.459760,1.349481,0.913669,-0.425161,1.453272,0.525444,-0.298905,1.657554,0.161270,-0.370008,1.606316,0.014704,-0.338336,1.247412,0.900431,-0.411686,1.114525,0.526539,-0.459177,0.984968,0.113011,-0.580378,0.846942,0.095797,-0.725103,-1.710959,-0.161104
-0.413501,1.267986,0.905353,-0.407416,1.262759,1.001149,-0.407909,1.247917,1.104651,-0.402325,1.242229,1.199821,-0.396759,1.236544,1.294889,-0.396669,1.216596,1.429593,-0.410921,1.189559,1.525041,-0.423254,1.242834,1.372781,-0.546509,1.330414,1.364229,-0.583500,1.368955,1.089720,-0.659172,1.309222,0.870952,-0.370050,1.208009,1.367577,-0.241449,1.137470,1.329866,-0.220304,1.177021,1.053851,-0.208201,1.207241,0.817108,-0.473738,1.319496,0.912626,-0.454571,1.420327,0.522410,-0.316533,1.635980,0.169241,-0.369848,1.607051,0.012802,-0.353190,1.216408,0.899329,-0.430485,1.083782,0.526140,-0.469015,0.971976,0.106401,-0.590190,0.837905,0.069227,-0.716487,-1.687670,-0.023955
-0.426811,1.238633,0.904949,-0.419783,1.234927,1.000777,-0.419281,1.221385,1.104475,-0.412743,1.216722,1.199653,-0.406212,1.211912,1.294717,-0.404748,1.193056,1.429579,-0.418417,1.166444,1.525236,-0.431884,1.218860,1.372721,-0.554971,1.306657,1.363949,-0.590692,1.343792,1.089104,-0.664459,1.290173,0.868209,-0.378773,1.183930,1.367247,-0.250646,1.113136,1.328401,-0.232696,1.151790,1.052021,-0.219714,1.184697,0.815666,-0.486700,1.290574,0.912004,-0.483984,1.386506,0.520078,-0.334219,1.613387,0.179067,-0.370519,1.605958,0.015497,-0.366836,1.186643,0.899148,-0.447493,1.055550,0.526136,-0.476366,0.962452,0.101032,-0.596882,0.831361,0.047919,-0.699364,-1.643311,0.075178
-0.438307,1.211218,0.905145,-0.431305,1.208698,1.001020,-0.430449,1.196144,1.104848,-0.423399,1.192258,1.200032,-0.416186,1.188109,1.295083,-0.413584,1.170084,1.430045,-0.426841,1.143717,1.525830,-0.441145,1.195580,1.373340,-0.563996,1.283753,1.364983,-0.597337,1.317722,1.089485,-0.667427,1.271745,0.865843,-0.388123,1.160539,1.367626,-0.260550,1.089221,1.327915,-0.245511,1.126481,1.051176,-0.231323,1.161717,0.815225,-0.498070,1.263386,0.911535,-0.512427,1.352150,0.518385,-0.350693,1.591411,0.192049,-0.370887,1.604133,0.026398,-0.378458,1.159016,0.900005,-0.462116,1.030599,0.526666,-0.480329,0.957970,0.097392,-0.599186,0.828044,0.036403,-0.669225,-1.566973,0.093876
-0.448688,1.184956,0.906015,-0.442227,1.183466,1.001944,-0.441381,1.171740,1.105863,-0.434087,1.168492,1.201048,-0.426382,1.164876,1.296078,-0.422841,1.147519,1.431103,-0.435811,1.121280,1.526961,-0.450729,1.172791,1.374642,-0.573269,1.261475,1.367013,-0.603587,1.291300,1.090685,-0.668790,1.254162,0.863890,-0.397812,1.137609,1.368723,-0.270857,1.065557,1.328358,-0.258499,1.101157,1.051276,-0.242999,1.138334,0.815709,-0.508424,1.237261,0.911488,-0.540872,1.316917,0.517393,-0.367226,1.568417,0.206887,-0.372085,1.600480,0.041897,-0.388873,1.132628,0.901784,-0.474946,1.008159,0.527591,-0.481805,0.956957,0.094993,-0.598370,0.827220,0.030150,-0.630580,-1.469565,0.074557
-0.458915,1.159729,0.907648,-0.452808,1.159140,1.003609,-0.451960,1.148121,1.107603,-0.444460,1.145383,1.202785,-0.436371,1.142167,1.297796,-0.432136,1.125299,1.432863,-0.444903,1.099070,1.528750,-0.460238,1.150457,1.376561,-0.582330,1.239809,1.369503,-0.610350,1.266057,1.092515,-0.670606,1.237872,0.862980,-0.407488,1.115047,1.370479,-0.281130,1.042189,1.329686,-0.270779,1.076269,1.052320,-0.254363,1.114144,0.816927,-0.518498,1.212285,0.912381,-0.568034,1.281686,0.517958,-0.384185,1.542862,0.220965,-0.378290,1.589870,0.055727,-0.399257,1.107159,0.904153,-0.485381,0.988770,0.528132,-0.482816,0.956462,0.093208,-0.597579,0.826872,0.025639,-0.593245,-1.393898,0.076340
-0.469358,1.135514,0.910291,-0.463096,1.135763,1.006244,-0.462074,1.125354,1.110300,-0.454317,1.122985,1.205473,-0.445930,1.119996,1.300468,-0.441302,1.103354,1.435554,-0.453934,1.076957,1.531412,-0.469487,1.128545,1.379230,-0.590963,1.218748,1.372436,-0.618172,1.242651,1.095130,-0.673348,1.223365,0.863476,-0.416996,1.092783,1.373021,-0.291169,1.019105,1.332053,-0.281935,1.051990,1.054494,-0.265128,1.088785,0.818952,-0.528471,1.188628,0.914622,-0.593358,1.246569,0.520588,-0.401590,1.514325,0.234275,-0.391049,1.570725,0.066192,-0.410169,1.082399,0.907203,-0.492664,0.973178,0.527789,-0.483955,0.955705,0.091835,-0.597890,0.826496,0.022032,-0.552871,-1.365274,0.133798
-0.479648,1.112333,0.913698,-0.473045,1.113293,1.009622,-0.471834,1.103372,1.113722,-0.463859,1.101243,1.208882,-0.455283,1.098349,1.303862,-0.450507,1.081753,1.438947,-0.463086,1.055070,1.534733,-0.478661,1.107088,1.382516,-0.599385,1.198299,1.375829,-0.626507,1.220423,1.098375,-0.676544,1.210151,0.865014,-0.426489,1.070887,1.376221,-0.301174,0.996316,1.335305,-0.292384,1.028149,1.057612,-0.275580,1.062619,0.821711,-0.538162,1.166120,0.917803,-0.617398,1.211452,0.524774,-0.419422,1.483226,0.246825,-0.408815,1.544623,0.074990,-0.421051,1.058558,0.910843,-0.497552,0.960636,0.527062,-0.484629,0.955466,0.091075,-0.598227,0.826596,0.020168,-0.513807,-1.358390,0.212357
-0.489633,1.090134,0.917218,-0.482779,1.091516,1.013121,-0.481451,1.081916,1.117250,-0.473342,1.079951,1.212401,-0.464662,1.077140,1.307374,-0.459872,1.060644,1.442468,-0.472482,1.033728,1.538185,-0.487916,1.086146,1.385943,-0.607785,1.178466,1.379197,-0.634623,1.198927,1.101598,-0.680837,1.197200,0.867131,-0.436077,1.049482,1.379628,-0.311297,0.973910,1.338930,-0.302494,1.004679,1.061124,-0.286196,1.036335,0.824806,-0.547770,1.144342,0.921219,-0.640536,1.176877,0.529850,-0.437989,1.449291,0.256021,-0.431123,1.511177,0.080942,-0.431410,1.035944,0.914472,-0.501703,0.949447,0.526668,-0.485086,0.955133,0.090907,-0.598500,0.826674,0.019037,-0.498909,-1.340152,0.267413
-0.499185,1.069116,0.920790,-0.492322,1.070475,1.016693,-0.491010,1.060952,1.120831,-0.482884,1.059060,1.215982,-0.474188,1.056348,1.310956,-0.469486,1.040098,1.446084,-0.482208,1.013069,1.541754,-0.497344,1.065793,1.389521,-0.616217,1.159359,1.382465,-0.642172,1.177981,1.104656,-0.686658,1.184292,0.869895,-0.445850,1.028638,1.383263,-0.321692,0.951873,1.342913,-0.312300,0.981591,1.065013,-0.297154,1.010097,0.828232,-0.557325,1.123323,0.924814,-0.662971,1.143157,0.535866,-0.456905,1.412110,0.260944,-0.458842,1.468613,0.083401,-0.440959,1.014926,0.918018,-0.505579,0.939322,0.526964,-0.485333,0.954484,0.091500,-0.598667,0.826557,0.018554,-0.524765,-1.291659,0.281115
-0.508432,1.049080,0.924475,-0.501649,1.050128,1.020387,-0.500426,1.040515,1.124516,-0.492365,1.038619,1.219673,-0.483740,1.035994,1.314657,-0.479262,1.020044,1.449828,-0.492178,0.992955,1.545456,-0.506853,1.045955,1.393242,-0.624628,1.140868,1.385708,-0.649502,1.157766,1.107691,-0.693576,1.171647,0.873236,-0.455717,1.008284,1.387105,-0.332206,0.930218,1.347269,-0.321767,0.958875,1.069295,-0.308276,0.983740,0.831993,-0.566795,1.103034,0.928645,-0.684503,1.109979,0.542771,-0.476557,1.372093,0.262512,-0.491103,1.418705,0.083016,-0.449985,0.995137,0.921554,-0.508719,0.930549,0.527592,-0.485363,0.953741,0.092685,-0.598771,0.826418,0.018803,-0.574787,-1.231812,0.271313
-0.517609,1.029370,0.927809,-0.510814,1.030131,1.023722,-0.509656,1.020443,1.127845,-0.501687,1.018565,1.223010,-0.493196,1.016047,1.318008,-0.489055,1.000416,1.453226,-0.502259,0.973299,1.548806,-0.516328,1.026475,1.396606,-0.633046,1.122663,1.388656,-0.656930,1.138385,1.110478,-0.700949,1.158900,0.876479,-0.465513,0.988340,1.390645,-0.342538,0.909065,1.351536,-0.331163,0.936438,1.073471,-0.319500,0.957450,0.835699,-0.576279,1.082969,0.932174,-0.704914,1.076941,0.549751,-0.498412,1.330185,0.260892,-0.524832,1.366389,0.080556,-0.458855,0.975776,0.924689,-0.511394,0.922295,0.528199,-0.485401,0.952954,0.093926,-0.598847,0.826266,0.019027,-0.622070,-1.184224,0.246956
-0.526663,1.009841,0.930728,-0.519689,1.010435,1.026629,-0.518553,1.000746,1.130753,-0.510702,0.998941,1.225929,-0.502427,0.996565,1.320949,-0.498789,0.981274,1.456219,-0.512425,0.954167,1.551740,-0.525659,1.007375,1.399546,-0.641327,1.104797,1.391348,-0.664438,1.119938,1.113064,-0.708721,1.145950,0.879622,-0.475120,0.968836,1.393835,-0.352531,0.888466,1.355775,-0.340617,0.914320,1.077585,-0.330877,0.931386,0.839414,-0.585699,1.063012,0.935327,-0.724273,1.043821,0.556847,-0.523078,1.286672,0.255710,-0.558810,1.313783,0.075646,-0.467541,0.956674,0.927370,-0.513428,0.914427,0.528721,-0.485501,0.952110,0.095083,-0.598935,0.826101,0.018979,-0.661478,-1.160117,0.204533
-0.535647,0.990639,0.933296,-0.528401,0.991089,1.029178,-0.527263,0.981414,1.133303,-0.519558,0.979705,1.228493,-0.511561,0.977491,1.323541,-0.508540,0.962558,1.458866,-0.522702,0.935493,1.554323,-0.534955,0.988633,1.402130,-0.649615,1.087218,1.393746,-0.672043,1.102325,1.115401,-0.716947,1.132898,0.882667,-0.484656,0.949740,1.396722,-0.362343,0.868368,1.359925,-0.349999,0.892482,1.081593,-0.342358,0.905390,0.843074,-0.595133,1.043281,0.938177,-0.742510,1.010841,0.564016,-0.549947,1.241269,0.247340,-0.594257,1.258769,0.068661,-0.476071,0.938001,0.929651,-0.514998,0.907076,0.529221,-0.485609,0.951222,0.096297,-0.598995,0.825924,0.018906,-0.698148,-1.148268,0.147555
-0.544950,0.971544,0.935242,-0.537379,0.971906,1.031099,-0.536189,0.962266,1.135227,-0.528595,0.960667,1.230427,-0.520850,0.958620,1.325500,-0.518392,0.944024,1.460875,-0.533041,0.916998,1.556270,-0.544433,0.970027,1.404067,-0.658365,1.069440,1.395465,-0.680116,1.085337,1.117122,-0.725147,1.119674,0.884942,-0.494303,0.930878,1.398944,-0.372143,0.848741,1.363333,-0.359191,0.870715,1.084862,-0.353728,0.879173,0.846092,-0.604908,1.023620,0.940414,-0.759192,0.978275,0.570316,-0.578663,1.194065,0.237062,-0.631761,1.199928,0.061498,-0.484897,0.919473,0.931302,-0.516910,0.899806,0.529528,-0.485790,0.950392,0.097450,-0.598950,0.825743,0.018793,-0.720583,-1.138621,0.095503
-0.554800,0.952494,0.936519,-0.546806,0.952860,1.032341,-0.545463,0.943295,1.136473,-0.537910,0.941835,1.231680,-0.530351,0.939966,1.326771,-0.528341,0.925684,1.462187,-0.543397,0.898690,1.557528,-0.554154,0.951550,1.405296,-0.667789,1.051283,1.396410,-0.688842,1.069163,1.118147,-0.733070,1.106341,0.886227,-0.504096,0.912279,1.400418,-0.381920,0.829711,1.365860,-0.368036,0.848934,1.087242,-0.364913,0.852570,0.848324,-0.615252,1.003964,0.942003,-0.774134,0.945939,0.575603,-0.609353,1.144834,0.224594,-0.671854,1.135525,0.054225,-0.494248,0.901031,0.932266,-0.519432,0.892590,0.529625,-0.486066,0.949639,0.098507,-0.598725,0.825531,0.018631,-0.720794,-1.127834,0.057402
-0.564970,0.933552,0.937175,-0.556500,0.933976,1.032955,-0.554953,0.924508,1.137093,-0.547407,0.923201,1.232302,-0.540008,0.921515,1.327410,-0.538391,0.907525,1.462861,-0.553815,0.880561,1.558151,-0.564058,0.933210,1.405879,-0.677676,1.032927,1.396676,-0.698036,1.053615,1.118555,-0.740967,1.092837,0.886744,-0.513999,0.893914,1.401226,-0.391687,0.811151,1.367646,-0.376691,0.827224,1.088883,-0.375989,0.825745,0.849915,-0.625936,0.984379,0.942979,-0.787521,0.914016,0.580021,-0.641891,1.093802,0.210218,-0.714005,1.067296,0.046773,-0.503896,0.882734,0.932600,-0.522297,0.885455,0.529528,-0.486415,0.948944,0.099502,-0.598396,0.825317,0.018429,-0.706770,-1.119248,0.024228
-0.575161,0.914692,0.937074,-0.566344,0.915146,1.032824,-0.564656,0.905740,1.136966,-0.557145,0.904555,1.232179,-0.549899,0.903018,1.327301,-0.548628,0.889269,1.462781,-0.564385,0.862297,1.558015,-0.574175,0.914808,1.405707,-0.687844,1.014432,1.396173,-0.707520,1.037923,1.118218,-0.749112,1.078905,0.886477,-0.524098,0.875516,1.401251,-0.401641,0.792648,1.368464,-0.385506,0.805627,1.089594,-0.386971,0.798901,0.850711,-0.636607,0.964916,0.943128,-0.799466,0.883326,0.583056,-0.675542,1.041741,0.196063,-0.757212,0.999020,0.040830,-0.513603,0.864479,0.932248,-0.525508,0.878033,0.529121,-0.486832,0.948349,0.100423,-0.598110,0.825185,0.018199,-0.690985,-1.112828,-0.011606
-0.585298,0.895946,0.936122,-0.576323,0.896348,1.031859,-0.574593,0.886942,1.136000,-0.567153,0.885825,1.231220,-0.560052,0.884395,1.326354,-0.559058,0.870835,1.461856,-0.575101,0.843809,1.557027,-0.584512,0.896297,1.404688,-0.698286,0.995765,1.394784,-0.717216,1.021952,1.117026,-0.757547,1.064490,0.885339,-0.534404,0.857025,1.400391,-0.411824,0.774129,1.368137,-0.394525,0.784151,1.089219,-0.397812,0.771924,0.850592,-0.647156,0.945643,0.942344,-0.809998,0.854075,0.584607,-0.710422,0.988911,0.182231,-0.801894,0.931743,0.036478,-0.523324,0.846259,0.931128,-0.529050,0.870339,0.528359,-0.487329,0.947925,0.101201,-0.597924,0.825197,0.017928,-0.675367,-1.106598,-0.054736
-0.595456,0.877283,0.934414,-0.586452,0.877603,1.030148,-0.584744,0.868163,1.134287,-0.577402,0.867082,1.229515,-0.570440,0.865726,1.324661,-0.569675,0.852303,1.460177,-0.585968,0.825188,1.555280,-0.595063,0.877724,1.402916,-0.709008,0.976957,1.392625,-0.727201,1.005838,1.115089,-0.766230,1.049646,0.883418,-0.544905,0.838502,1.398748,-0.422195,0.755666,1.366842,-0.403704,0.762788,1.087915,-0.408560,0.744927,0.849679,-0.657691,0.926492,0.940734,-0.819088,0.826058,0.584776,-0.746416,0.935052,0.168619,-0.847631,0.864421,0.033634,-0.533105,0.828081,0.929323,-0.532939,0.862359,0.527287,-0.487894,0.947601,0.101904,-0.597782,0.825292,0.017629,-0.657986,-1.102533,-0.100526
-0.605568,0.858574,0.932101,-0.596655,0.858864,1.027843,-0.595049,0.849393,1.131980,-0.587856,0.848327,1.227219,-0.581062,0.847002,1.322378,-0.580549,0.833632,1.457901,-0.597089,0.806394,1.552926,-0.605844,0.859043,1.400555,-0.719857,0.958167,1.389949,-0.737529,0.989221,1.112603,-0.775299,1.034274,0.880965,-0.555643,0.819863,1.396500,-0.432836,0.737063,1.364881,-0.413265,0.741561,1.085967,-0.419377,0.718452,0.848184,-0.668183,0.907296,0.938413,-0.826764,0.799477,0.583358,-0.782443,0.880161,0.157043,-0.892167,0.797701,0.033729,-0.542839,0.809856,0.927018,-0.537226,0.853686,0.525919,-0.488492,0.947208,0.102721,-0.597662,0.825373,0.017348,-0.645529,-1.106523,-0.142651
-0.615584,0.839846,0.929116,-0.606905,0.840203,1.024879,-0.605501,0.830705,1.129016,-0.598524,0.829615,1.224271,-0.591942,0.828239,1.319444,-0.591729,0.814770,1.454957,-0.608526,0.787350,1.549885,-0.616865,0.840232,1.397550,-0.730705,0.939537,1.386771,-0.748223,0.971986,1.109567,-0.784673,1.018406,0.877990,-0.566650,0.801059,1.393580,-0.443824,0.718198,1.362186,-0.423371,0.720471,1.083303,-0.430414,0.692598,0.846049,-0.678588,0.888083,0.935277,-0.832719,0.774400,0.580064,-0.819048,0.823360,0.147701,-0.935904,0.731400,0.037034,-0.552471,0.791613,0.924185,-0.541871,0.844226,0.524219,-0.489122,0.946806,0.103625,-0.597553,0.825403,0.017094,-0.639326,-1.123313,-0.179968
-0.625554,0.821072,0.925525,-0.617228,0.821547,1.021320,-0.616107,0.812026,1.125459,-0.609396,0.810890,1.220733,-0.603058,0.809421,1.315920,-0.603166,0.795769,1.451416,-0.620216,0.768134,1.546235,-0.628115,0.821314,1.393958,-0.741679,0.920924,1.383077,-0.759261,0.954247,1.105983,-0.794434,1.002010,0.874483,-0.577893,0.782138,1.390055,-0.455082,0.699191,1.358825,-0.433859,0.699516,1.079994,-0.441520,0.667266,0.843333,-0.688949,0.868827,0.931431,-0.837259,0.750760,0.575182,-0.855686,0.765526,0.140396,-0.978438,0.665702,0.043279,-0.562057,0.773325,0.920852,-0.546915,0.834074,0.522223,-0.489785,0.946336,0.104643,-0.597466,0.825418,0.016858,-0.638047,-1.148157,-0.213620
-0.635562,0.802046,0.921682,-0.627637,0.802640,1.017510,-0.626831,0.793125,1.121653,-0.620414,0.791989,1.216947,-0.614341,0.790486,1.312151,-0.614790,0.776744,1.447637,-0.632068,0.748938,1.542366,-0.639575,0.802307,1.390111,-0.753001,0.902059,1.379073,-0.770625,0.935994,1.102059,-0.804959,0.984889,0.870663,-0.589323,0.763160,1.386314,-0.466459,0.680209,1.355304,-0.444467,0.678714,1.076537,-0.452408,0.642693,0.840419,-0.699368,0.849283,0.927298,-0.841329,0.728561,0.569375,-0.889635,0.709283,0.136347,-1.016306,0.601804,0.053087,-0.571660,0.754817,0.917299,-0.552527,0.823107,0.520054,-0.490451,0.945449,0.106052,-0.597411,0.825433,0.016661,-0.644378,-1.172710,-0.240719
-0.645418,0.782755,0.917580,-0.638001,0.783456,1.013446,-0.637580,0.773981,1.117594,-0.631517,0.772901,1.212911,-0.625753,0.771440,1.308135,-0.626581,0.757733,1.443623,-0.644063,0.729815,1.538281,-0.651239,0.783231,1.386009,-0.764743,0.882874,1.374762,-0.782284,0.917172,1.097785,-0.816403,0.967018,0.866556,-0.600926,0.744147,1.382371,-0.477926,0.661279,1.351677,-0.455160,0.657995,1.072988,-0.462979,0.618885,0.837343,-0.709682,0.829403,0.922838,-0.844637,0.708900,0.562189,-0.921030,0.654112,0.137357,-1.049170,0.538517,0.068740,-0.581063,0.736119,0.913555,-0.558660,0.811410,0.517729,-0.491038,0.944167,0.107836,-0.597400,0.825448,0.016527,-0.660580,-1.194081,-0.262340
-0.655311,0.763212,0.913224,-0.648450,0.764019,1.009131,-0.648446,0.754616,1.113286,-0.642765,0.753638,1.208628,-0.637332,0.752278,1.303873,-0.638558,0.738698,1.439371,-0.656221,0.710713,1.533977,-0.663113,0.764068,1.381653,-0.776834,0.863437,1.370142,-0.794270,0.897835,1.093171,-0.828612,0.948422,0.862136,-0.612715,0.725076,1.378211,-0.489511,0.642372,1.347889,-0.465972,0.637427,1.069291,-0.473333,0.595838,0.834070,-0.720055,0.809237,0.918092,-0.847475,0.690679,0.554078,-0.949738,0.600533,0.141624,-1.077368,0.477031,0.087956,-0.590483,0.717202,0.909592,-0.565361,0.798899,0.515232,-0.491627,0.942469,0.110011,-0.597422,0.825462,0.016432,-0.684394,-1.215161,-0.277407
-0.665896,0.743242,0.908988,-0.659385,0.744142,1.004919,-0.659666,0.734865,1.109086,-0.654281,0.734068,1.204447,-0.649129,0.732918,1.299711,-0.650707,0.719642,1.435235,-0.668502,0.691665,1.529817,-0.675198,0.744784,1.377383,-0.789273,0.843685,1.365414,-0.806655,0.878134,1.088447,-0.841505,0.928982,0.857550,-0.624673,0.705938,1.374174,-0.501146,0.623567,1.344277,-0.476746,0.617236,1.065780,-0.483481,0.573776,0.830881,-0.731068,0.788689,0.913607,-0.851655,0.670610,0.547066,-0.972629,0.552731,0.144961,-1.098446,0.422103,0.104512,-0.600642,0.697811,0.905604,-0.572943,0.785200,0.512638,-0.492432,0.939941,0.112907,-0.597448,0.825481,0.016329,-0.711724,-1.236278,-0.279806
-0.677436,0.722957,0.904955,-0.670949,0.723865,1.000891,-0.671298,0.714739,1.105072,-0.666069,0.714194,1.200445,-0.661114,0.713374,1.295722,-0.662965,0.700612,1.431292,-0.680830,0.672723,1.525888,-0.687455,0.725402,1.373271,-0.802098,0.823532,1.360526,-0.819515,0.858158,1.083584,-0.855219,0.908665,0.852743,-0.636752,0.686767,1.370333,-0.512759,0.604932,1.340890,-0.487430,0.597495,1.062500,-0.493441,0.552793,0.827804,-0.742974,0.767881,0.909586,-0.857675,0.647452,0.541909,-0.988090,0.512020,0.146721,-1.110707,0.375090,0.118698,-0.611816,0.678052,0.901562,-0.581427,0.770816,0.510029,-0.493274,0.936823,0.116451,-0.597476,0.825514,0.016179,-0.747567,-1.257487,-0.261181
-0.689668,0.702245,0.901042,-0.682999,0.703148,0.996966,-0.683283,0.694227,1.101166,-0.678125,0.694015,1.196544,-0.673317,0.693633,1.291834,-0.675395,0.681561,1.427465,-0.693282,0.653836,1.522105,-0.699922,0.705898,1.369246,-0.815273,0.803063,1.355530,-0.832775,0.837817,1.078610,-0.869617,0.887503,0.847768,-0.649000,0.667529,1.366615,-0.524423,0.586397,1.337680,-0.498075,0.578131,1.059407,-0.503196,0.532796,0.824812,-0.755521,0.746691,0.905826,-0.865036,0.622445,0.537851,-0.997735,0.477088,0.147551,-1.115848,0.334635,0.130224,-0.623728,0.657818,0.897496,-0.590791,0.755245,0.507322,-0.494332,0.932876,0.120715,-0.597508,0.825553,0.016021,-0.786927,-1.278733,-0.229887
-0.702451,0.680592,0.897363,-0.695509,0.681676,0.993263,-0.695676,0.673133,1.097492,-0.690555,0.673392,1.192871,-0.685877,0.673572,1.288166,-0.688168,0.662345,1.423865,-0.706052,0.634884,1.518581,-0.712720,0.686169,1.365432,-0.828686,0.782472,1.350792,-0.846277,0.816995,1.073851,-0.884211,0.865478,0.842933,-0.661552,0.648107,1.363148,-0.536285,0.567830,1.334832,-0.508687,0.559138,1.056695,-0.512706,0.513734,0.822101,-0.768545,0.724669,0.902273,-0.874064,0.596015,0.534643,-1.003278,0.448176,0.145199,-1.116510,0.301431,0.132003,-0.636267,0.636535,0.893690,-0.601288,0.736608,0.504350,-0.496357,0.926977,0.126252,-0.597523,0.825576,0.015918,-0.810717,-1.300172,-0.204868
-0.715965,0.657557,0.893805,-0.708703,0.659081,0.989676,-0.708720,0.651152,1.093953,-0.703599,0.652068,1.189326,-0.699019,0.652974,1.284620,-0.701472,0.642797,1.420396,-0.719330,0.615755,1.515237,-0.726011,0.666053,1.361740,-0.842273,0.761923,1.346436,-0.859949,0.795753,1.069414,-0.898915,0.842607,0.838337,-0.674574,0.628338,1.359842,-0.548502,0.549056,1.332316,-0.519304,0.540412,1.054343,-0.522003,0.495494,0.819633,-0.782180,0.701453,0.898746,-0.885226,0.567410,0.532369,-1.003194,0.426488,0.137420,-1.110569,0.276641,0.117553,-0.649659,0.613685,0.890102,-0.613123,0.714826,0.501034,-0.499221,0.919890,0.133670,-0.597513,0.825578,0.015859,-0.808276,-1.326874,-0.204910
-0.730030,0.633581,0.890481,-0.722357,0.635732,0.986311,-0.722173,0.628588,1.090647,-0.717017,0.630301,1.186009,-0.712518,0.632057,1.281295,-0.715119,0.623084,1.417155,-0.732926,0.596561,1.512152,-0.739634,0.645711,1.358259,-0.856097,0.741250,1.342337,-0.873864,0.774030,1.065191,-0.913815,0.818872,0.833880,-0.687899,0.608384,1.356788,-0.560917,0.530250,1.330162,-0.529887,0.522058,1.052374,-0.531054,0.478190,0.817445,-0.796291,0.677404,0.895425,-0.898054,0.537382,0.530945,-0.999008,0.410820,0.126459,-1.100149,0.259102,0.093356,-0.663678,0.589785,0.886774,-0.626090,0.689978,0.497451,-0.503052,0.910851,0.142361,-0.597486,0.825565,0.015855,-0.790264,-1.353770,-0.211228
-0.743976,0.609463,0.887843,-0.735778,0.612418,0.983604,-0.735362,0.606157,1.087995,-0.730196,0.608722,1.183337,-0.725842,0.611348,1.278611,-0.728721,0.603564,1.414540,-0.746463,0.577518,1.509682,-0.753216,0.625526,1.355388,-0.870246,0.720158,1.338486,-0.888085,0.751516,1.061183,-0.928682,0.794200,0.829574,-0.701167,0.588625,1.354384,-0.573209,0.511799,1.328649,-0.540321,0.504389,1.051053,-0.539733,0.462106,0.815844,-0.810322,0.653150,0.892802,-0.911472,0.508614,0.529871,-0.997013,0.397817,0.116799,-1.094261,0.246013,0.071765,-0.677534,0.565811,0.884119,-0.639818,0.660417,0.493666,-0.508986,0.896446,0.151050,-0.597440,0.825529,0.016000,-0.769583,-1.365814,-0.186410
-0.757768,0.584991,0.885954,-0.748883,0.589041,0.981603,-0.748199,0.583851,1.086046,-0.743060,0.587397,1.181354,-0.738956,0.590969,1.276604,-0.742325,0.584430,1.412583,-0.759960,0.558838,1.507869,-0.766823,0.605645,1.353132,-0.885044,0.698403,1.334525,-0.902906,0.728144,1.057036,-0.943665,0.768559,0.825051,-0.714454,0.569194,1.352679,-0.585438,0.493898,1.327755,-0.550357,0.487587,1.050407,-0.547692,0.447339,0.814855,-0.824273,0.628430,0.890927,-0.925731,0.481444,0.529030,-1.000440,0.386433,0.109994,-1.097927,0.237453,0.056668,-0.691155,0.541600,0.882214,-0.654436,0.623962,0.489143,-0.517881,0.873892,0.158758,-0.596706,0.826612,0.014997,-0.753545,-1.357696,-0.100637
-0.771439,0.560378,0.884750,-0.761755,0.565700,0.980260,-0.760773,0.561679,1.084751,-0.755685,0.566260,1.180017,-0.751894,0.570798,1.275238,-0.755883,0.565490,1.411253,-0.773399,0.540309,1.506670,-0.780389,0.585920,1.351485,-0.900165,0.676227,1.330813,-0.918034,0.703981,1.053105,-0.958615,0.741982,0.820679,-0.727683,0.549957,1.351625,-0.597545,0.476352,1.327501,-0.560244,0.471469,1.050411,-0.555278,0.433793,0.814452,-0.838142,0.603504,0.889750,-0.940580,0.455535,0.528539,-1.006058,0.377713,0.104489,-1.106126,0.233343,0.044178,-0.704613,0.517314,0.880981,-0.669814,0.582795,0.484418,-0.528880,0.845972,0.166464,-0.595952,0.827672,0.014143,-0.734836,-1.334727,0.016271
-0.784422,0.537067,0.884493,-0.773954,0.543476,0.979863,-0.772687,0.540373,1.084389,-0.767679,0.545751,1.179622,-0.764234,0.550998,1.274825,-0.768876,0.546524,1.410854,-0.786351,0.521504,1.506321,-0.793355,0.566286,1.350830,-0.914718,0.654064,1.328405,-0.932653,0.678917,1.050452,-0.972844,0.714488,0.817575,-0.740266,0.530895,1.351477,-0.609032,0.458970,1.328222,-0.570615,0.455800,1.051256,-0.563405,0.421466,0.814864,-0.851371,0.579790,0.889616,-0.954190,0.432558,0.528253,-1.010472,0.371434,0.100103,-1.112797,0.230657,0.034980,-0.717337,0.494420,0.880599,-0.685201,0.541817,0.481157,-0.540546,0.817615,0.175834,-0.597177,0.825279,0.017427,-0.704414,-1.297788,0.112269
-0.796716,0.515734,0.885340,-0.785406,0.522925,0.980559,-0.783820,0.520344,1.085098,-0.778888,0.526141,1.180314,-0.775803,0.531695,1.275515,-0.781119,0.527445,1.411529,-0.798705,0.502209,1.506919,-0.805485,0.546741,1.351354,-0.928347,0.632094,1.327720,-0.946504,0.652492,1.049464,-0.985949,0.685962,0.816129,-0.751965,0.511998,1.352364,-0.619750,0.441518,1.330173,-0.582248,0.440512,1.053078,-0.572799,0.410774,0.816196,-0.863967,0.557943,0.890798,-0.966307,0.413278,0.528236,-1.012295,0.368227,0.096970,-1.115597,0.228770,0.030230,-0.729320,0.473614,0.881108,-0.700401,0.502273,0.479812,-0.552254,0.790692,0.188370,-0.600924,0.820092,0.028512,-0.653488,-1.242489,0.163787
-0.808321,0.495703,0.887133,-0.796186,0.503492,0.982201,-0.794293,0.501183,1.086739,-0.789465,0.507159,1.181949,-0.786773,0.512763,1.277158,-0.792797,0.508340,1.413136,-0.810572,0.482638,1.508366,-0.817013,0.527287,1.352870,-0.941408,0.610136,1.328340,-0.959847,0.625166,1.049756,-0.998333,0.656519,0.815951,-0.763018,0.493276,1.354157,-0.629849,0.424228,1.333098,-0.594364,0.425672,1.055741,-0.582734,0.401301,0.818343,-0.875923,0.537308,0.893022,-0.977185,0.396930,0.528423,-1.012914,0.367462,0.094956,-1.116869,0.228305,0.028772,-0.740569,0.454200,0.882468,-0.715610,0.462919,0.479932,-0.564629,0.763333,0.202570,-0.606649,0.811452,0.043735,-0.590848,-1.173221,0.194395
-0.818670,0.476390,0.889663,-0.806073,0.484589,0.984638,-0.804079,0.482394,1.089175,-0.799482,0.488431,1.184390,-0.797237,0.493987,1.279611,-0.803930,0.489253,1.415546,-0.821855,0.463007,1.510598,-0.828080,0.507865,1.355195,-0.954064,0.588085,1.330073,-0.972651,0.598211,1.051235,-1.010526,0.626527,0.816977,-0.773546,0.474737,1.356729,-0.639281,0.407602,1.336567,-0.605254,0.411254,1.059031,-0.591948,0.391796,0.821214,-0.886658,0.517332,0.895812,-0.985750,0.382894,0.528475,-1.013091,0.367024,0.093486,-1.117589,0.228106,0.027823,-0.750528,0.435558,0.884735,-0.730651,0.424916,0.481833,-0.578113,0.734862,0.215593,-0.614725,0.793962,0.056095,-0.533817,-1.104033,0.222753
-0.827367,0.457505,0.893045,-0.814848,0.465934,0.988015,-0.813073,0.463732,1.092556,-0.808917,0.469760,1.187791,-0.807224,0.475225,1.283028,-0.814578,0.470125,1.418915,-0.832630,0.443308,1.513784,-0.838795,0.488379,1.358450,-0.966486,0.565736,1.333034,-0.984896,0.571865,1.054058,-1.022652,0.595947,0.819304,-0.783625,0.456350,1.360239,-0.647998,0.391897,1.340606,-0.614051,0.397125,1.063073,-0.599874,0.381916,0.824988,-0.895787,0.497713,0.899159,-0.991072,0.371253,0.528115,-1.012862,0.366311,0.092385,-1.117882,0.227879,0.026524,-0.758791,0.417407,0.888152,-0.745655,0.388621,0.485868,-0.592729,0.705248,0.227365,-0.625174,0.764364,0.063053,-0.490562,-1.033667,0.258699
-0.834807,0.439338,0.897163,-0.822730,0.447811,0.992186,-0.821379,0.445443,1.096732,-0.817792,0.451344,1.191998,-0.816704,0.456618,1.287255,-0.824681,0.451015,1.423088,-0.842822,0.423548,1.517756,-0.849047,0.468924,1.362514,-0.978503,0.543294,1.337109,-0.996602,0.545890,1.058069,-1.034588,0.564818,0.822835,-0.793180,0.438146,1.364528,-0.656047,0.376855,1.345189,-0.621622,0.383418,1.067742,-0.607078,0.372003,0.829486,-0.903696,0.478753,0.903073,-0.994081,0.361923,0.527620,-1.012192,0.365926,0.091829,-1.117621,0.227918,0.025734,-0.765764,0.400028,0.892476,-0.760492,0.353678,0.491684,-0.608454,0.674523,0.237959,-0.637974,0.725915,0.067146,-0.452917,-0.963382,0.292394
-0.841615,0.422179,0.901458,-0.830162,0.430477,0.996569,-0.829283,0.427768,1.101110,-0.826243,0.433405,1.196411,-0.825677,0.438377,1.291689,-0.834086,0.432143,1.427468,-0.852111,0.403962,1.521947,-0.858651,0.449733,1.366844,-0.989769,0.521271,1.341762,-1.007801,0.520837,1.062704,-1.046496,0.533620,0.827220,-0.802103,0.420230,1.368992,-0.663528,0.362206,1.349807,-0.628851,0.370498,1.072450,-0.614004,0.361834,0.834085,-0.910959,0.460816,0.907102,-0.996496,0.354032,0.527480,-1.011737,0.365563,0.091762,-1.117408,0.227945,0.025244,-0.772120,0.383643,0.897038,-0.774599,0.320189,0.498538,-0.625658,0.642105,0.244762,-0.653433,0.682992,0.068993,-0.413698,-0.911011,0.312988
-0.847825,0.406362,0.905923,-0.837218,0.414181,1.001165,-0.836849,0.410897,1.105689,-0.834306,0.416087,1.201029,-0.834130,0.420614,1.296331,-0.842690,0.413598,1.432062,-0.860312,0.384622,1.526374,-0.867499,0.430894,1.371468,-1.000100,0.499931,1.347142,-1.018507,0.496944,1.068116,-1.058598,0.502424,0.832630,-0.810308,0.402669,1.373619,-0.670410,0.347942,1.354426,-0.636010,0.358684,1.077126,-0.620684,0.351208,0.838732,-0.917601,0.444259,0.911236,-0.998773,0.347727,0.527958,-1.011786,0.365143,0.092295,-1.117456,0.227867,0.025073,-0.777909,0.368560,0.901836,-0.787892,0.288156,0.506585,-0.644612,0.607899,0.246665,-0.671836,0.636350,0.068514,-0.364776,-0.887183,0.316845
-0.853401,0.391554,0.910566,-0.843824,0.398675,1.005972,-0.844012,0.394640,1.110471,-0.841947,0.399247,1.205853,-0.842077,0.403216,1.301179,-0.850596,0.395291,1.436863,-0.867611,0.365455,1.531020,-0.875698,0.412318,1.376358,-1.009679,0.479011,1.353100,-1.028705,0.473974,1.074152,-1.070671,0.471160,0.838893,-0.817883,0.385397,1.378422,-0.676722,0.334070,1.359080,-0.642827,0.347658,1.081841,-0.627086,0.340326,0.843480,-0.923598,0.428723,0.915485,-1.000456,0.342860,0.528791,-1.012050,0.364745,0.093317,-1.117551,0.227778,0.025203,-0.783080,0.354471,0.906873,-0.800454,0.257577,0.515670,-0.665046,0.572001,0.244776,-0.692899,0.585234,0.065789,-0.314281,-0.881269,0.307600
-0.858859,0.377049,0.914846,-0.850205,0.383473,1.010396,-0.850856,0.378671,1.114864,-0.849190,0.382668,1.210282,-0.849557,0.386048,1.305631,-0.857953,0.377171,1.441263,-0.874252,0.346474,1.535270,-0.883377,0.393974,1.380884,-1.018710,0.458229,1.358662,-1.038382,0.451768,1.079788,-1.082217,0.440094,0.845149,-0.824983,0.368321,1.382827,-0.682657,0.320345,1.363369,-0.649371,0.336832,1.086212,-0.633557,0.329556,0.847866,-0.929460,0.413495,0.919434,-1.001894,0.338116,0.529680,-1.012328,0.364303,0.094445,-1.117646,0.227677,0.025371,-0.788148,0.340680,0.911483,-0.811966,0.228550,0.524584,-0.686518,0.534123,0.239797,-0.716080,0.531742,0.061662,-0.279418,-0.879215,0.285309
-0.864364,0.362748,0.918662,-0.856436,0.368508,1.014318,-0.857414,0.362947,1.118744,-0.856047,0.366326,1.214191,-0.856582,0.369098,1.309559,-0.864804,0.359246,1.445134,-0.880272,0.327700,1.538997,-0.890579,0.375891,1.384930,-1.027272,0.437513,1.363618,-1.047389,0.430417,1.084784,-1.092997,0.409274,0.851207,-0.831662,0.351450,1.386734,-0.688267,0.306774,1.367294,-0.655636,0.326165,1.090252,-0.640216,0.319014,0.851874,-0.935347,0.398472,0.923029,-1.003093,0.333096,0.530615,-1.012546,0.363768,0.095640,-1.117723,0.227556,0.025546,-0.793279,0.327094,0.915519,-0.822311,0.201120,0.533210,-0.709220,0.494382,0.231276,-0.742109,0.476996,0.055742,-0.271604,-0.877250,0.244271
-0.869750,0.348751,0.922116,-0.862443,0.353846,1.017857,-0.863652,0.347512,1.122236,-0.862507,0.350247,1.217706,-0.863140,0.352377,1.313089,-0.871106,0.341508,1.448603,-0.885635,0.309113,1.542327,-0.897262,0.358041,1.388614,-1.035286,0.416936,1.368178,-1.055875,0.409830,1.089380,-1.103248,0.378652,0.857257,-0.837866,0.334776,1.390245,-0.693498,0.293350,1.370855,-0.661628,0.315698,1.093947,-0.646944,0.308585,0.855519,-0.941099,0.383756,0.926324,-1.004048,0.328199,0.531607,-1.012777,0.363189,0.096940,-1.117800,0.227422,0.025759,-0.798307,0.313805,0.919128,-0.831605,0.175241,0.541666,-0.732962,0.452660,0.219665,-0.770256,0.419874,0.048421,-0.279422,-0.879145,0.190186
-0.875040,0.334646,0.924974,-0.868221,0.339202,1.020781,-0.869565,0.332165,1.125114,-0.868564,0.334287,1.220602,-0.869234,0.335781,1.315997,-0.876883,0.323883,1.451443,-0.890466,0.290663,1.545023,-0.903429,0.340311,1.391659,-1.042717,0.396436,1.371988,-1.064263,0.389581,1.093267,-1.113185,0.348344,0.863010,-0.843598,0.318174,1.393097,-0.698386,0.279804,1.373647,-0.667438,0.304962,1.096872,-0.653721,0.298292,0.858379,-0.946738,0.368946,0.929069,-1.005096,0.323311,0.532383,-1.013030,0.362649,0.098074,-1.117883,0.227304,0.025843,-0.803254,0.300400,0.922097,-0.839881,0.150870,0.549096,-0.756726,0.408321,0.207016,-0.797798,0.359120,0.041721,-0.285816,-0.882150,0.140209
-0.880220,0.320304,0.927137,-0.873743,0.324517,1.022985,-0.875127,0.316890,1.127278,-0.874204,0.318459,1.222778,-0.874868,0.319332,1.318182,-0.882170,0.306392,1.453551,-0.894825,0.272386,1.546978,-0.909115,0.322698,1.393942,-1.049598,0.375948,1.374843,-1.072765,0.369713,1.096240,-1.122879,0.318302,0.868359,-0.848886,0.301652,1.395183,-0.702973,0.266112,1.375561,-0.673032,0.293854,1.098917,-0.660540,0.288258,0.860333,-0.952251,0.353913,0.931152,-1.006293,0.318564,0.532825,-1.013326,0.362207,0.098903,-1.117971,0.227209,0.025723,-0.808103,0.286746,0.924339,-0.847182,0.127742,0.555456,-0.780501,0.360941,0.193366,-0.824768,0.293323,0.036032,-0.284650,-0.883766,0.099905
-0.885303,0.305855,0.928704,-0.879036,0.309849,1.024575,-0.880363,0.301703,1.128829,-0.879441,0.302750,1.224336,-0.880036,0.303007,1.319744,-0.886933,0.289014,1.455030,-0.898654,0.254247,1.548298,-0.914285,0.305206,1.395588,-1.055898,0.355537,1.376948,-1.081170,0.350183,1.098505,-1.132258,0.288574,0.873411,-0.853701,0.285202,1.396610,-0.707217,0.252298,1.376706,-0.678444,0.282478,1.100192,-0.667408,0.278361,0.861502,-0.957650,0.338785,0.932685,-1.007583,0.313827,0.533052,-1.013643,0.361803,0.099566,-1.118065,0.227130,0.025475,-0.812871,0.272976,0.925942,-0.853464,0.106123,0.560790,-0.804299,0.310943,0.178678,-0.851132,0.223893,0.030965,-0.282060,-0.886493,0.063710
-0.890356,0.291282,0.929746,-0.884185,0.295090,1.025629,-0.885342,0.286450,1.129844,-0.884311,0.286987,1.225353,-0.884730,0.286634,1.320761,-0.891089,0.271599,1.455961,-0.901898,0.236096,1.549063,-0.918847,0.287730,1.396693,-1.061478,0.335330,1.378569,-1.089270,0.330429,1.100364,-1.141325,0.259429,0.878190,-0.857952,0.268679,1.397438,-0.711022,0.238163,1.377010,-0.683865,0.270678,1.100604,-0.674328,0.268263,0.861826,-0.963002,0.323543,0.933763,-1.009137,0.308588,0.533143,-1.013930,0.361345,0.100214,-1.118167,0.227070,0.025149,-0.817625,0.259069,0.926947,-0.858628,0.086771,0.564365,-0.827136,0.258961,0.164895,-0.874068,0.153807,0.027372,-0.279408,-0.895075,0.032089
-0.895511,0.276643,0.930258,-0.889321,0.280279,1.026147,-0.890185,0.271143,1.130323,-0.888916,0.271157,1.225831,-0.889026,0.270175,1.321234,-0.894678,0.254077,1.456341,-0.904609,0.217847,1.549261,-0.922807,0.270240,1.397257,-1.066325,0.315331,1.379704,-1.097211,0.310271,1.101839,-1.150245,0.230821,0.882765,-0.861652,0.252022,1.397643,-0.714412,0.223612,1.376381,-0.689479,0.258424,1.100050,-0.681380,0.257896,0.861208,-0.968429,0.308273,0.934391,-1.011086,0.302775,0.533132,-1.014187,0.360828,0.100867,-1.118286,0.227046,0.024738,-0.822511,0.245060,0.927345,-0.861761,0.070002,0.565802,-0.849134,0.204150,0.151939,-0.892186,0.082656,0.024882,-0.278309,-0.912956,0.007484
-0.900635,0.261880,0.930244,-0.894312,0.265378,1.026130,-0.894770,0.255770,1.130267,-0.893155,0.255273,1.225768,-0.892846,0.253667,1.321163,-0.897661,0.236519,1.456173,-0.906735,0.199586,1.548902,-0.926160,0.252768,1.397280,-1.070453,0.295536,1.380356,-1.104847,0.289889,1.102909,-1.158853,0.202796,0.887067,-0.864789,0.235290,1.397248,-0.717363,0.208740,1.374911,-0.695102,0.245746,1.098632,-0.688484,0.247327,0.859745,-0.973808,0.292889,0.934565,-1.013298,0.296460,0.532986,-1.014414,0.360256,0.101505,-1.118414,0.227041,0.024250,-0.827383,0.230916,0.927146,-0.863775,0.055500,0.565480,-0.870171,0.147355,0.139886,-0.906874,0.010849,0.023867,-0.277147,-0.936694,-0.012547
-0.905394,0.246793,0.929782,-0.898842,0.250165,1.025656,-0.898797,0.240141,1.129754,-0.896752,0.239198,1.225243,-0.895949,0.237051,1.320626,-0.899840,0.218995,1.455549,-0.908071,0.181413,1.548097,-0.928793,0.235305,1.396860,-1.073765,0.276066,1.380800,-1.111538,0.269271,1.103814,-1.166647,0.175758,0.890907,-0.867232,0.218517,1.396385,-0.719708,0.193642,1.372805,-0.700377,0.232576,1.096568,-0.695403,0.236415,0.857670,-0.978837,0.277111,0.934365,-1.015549,0.289349,0.532686,-1.014553,0.359551,0.102222,-1.118523,0.227018,0.023769,-0.831872,0.216519,0.926423,-0.867309,0.043084,0.563796,-0.888896,0.091741,0.130918,-0.919478,-0.057421,0.026293,-0.272429,-0.960704,-0.034858
-0.909488,0.231285,0.928828,-0.902613,0.234559,1.024683,-0.901982,0.224188,1.128746,-0.899440,0.222878,1.224220,-0.898084,0.220287,1.319585,-0.900997,0.201483,1.454433,-0.908438,0.163295,1.546801,-0.930538,0.217848,1.395959,-1.076066,0.257113,1.381159,-1.116940,0.248310,1.104681,-1.173358,0.149809,0.894319,-0.868815,0.201669,1.395033,-0.721295,0.178199,1.370017,-0.705194,0.218824,1.093824,-0.702131,0.225138,0.854955,-0.983220,0.260846,0.933742,-1.017623,0.281460,0.532200,-1.014420,0.358684,0.102947,-1.118518,0.226908,0.023320,-0.835670,0.201765,0.925140,-0.873740,0.033622,0.560416,-0.904866,0.037022,0.126172,-0.929818,-0.121908,0.033872,-0.260756,-0.985640,-0.064940
-0.913218,0.215453,0.927426,-0.905922,0.218642,1.023253,-0.904609,0.207978,1.127281,-0.901487,0.206368,1.222734,-0.899502,0.203415,1.318079,-0.901349,0.184005,1.452860,-0.908015,0.145266,1.545058,-0.931564,0.200401,1.394614,-1.077550,0.238485,1.381309,-1.121396,0.227112,1.105382,-1.179255,0.124848,0.897268,-0.869705,0.184779,1.393212,-0.722276,0.162529,1.366593,-0.709662,0.204580,1.090433,-0.708673,0.213517,0.851629,-0.987252,0.244187,0.932745,-1.019736,0.272774,0.531560,-1.014200,0.357684,0.103751,-1.118495,0.226780,0.022877,-0.839085,0.186759,0.923333,-0.881690,0.026244,0.555675,-0.918524,-0.016515,0.124510,-0.938074,-0.182856,0.044891,-0.245528,-1.010849,-0.097303
-0.917155,0.199395,0.925777,-0.909343,0.202439,1.021568,-0.907222,0.191519,1.125554,-0.903423,0.189689,1.220977,-0.900715,0.186498,1.316295,-0.901352,0.166698,1.451028,-0.907125,0.127527,1.543102,-0.932266,0.182974,1.393034,-1.078710,0.219737,1.381158,-1.125294,0.205985,1.105773,-1.184648,0.100974,0.899467,-0.870269,0.167977,1.391122,-0.722952,0.147075,1.362876,-0.713755,0.190049,1.086714,-0.714812,0.201476,0.848008,-0.991522,0.227132,0.931600,-1.022306,0.262935,0.530843,-1.014385,0.356557,0.104940,-1.118718,0.226793,0.022444,-0.842677,0.171694,0.921181,-0.889675,0.018161,0.550975,-0.929841,-0.064843,0.124695,-0.946117,-0.236804,0.056182,-0.233443,-1.028797,-0.122327
-0.921631,0.183234,0.923867,-0.913202,0.186015,1.019612,-0.910108,0.174862,1.123546,-0.905501,0.172906,1.218930,-0.901933,0.169635,1.314215,-0.901140,0.149739,1.448930,-0.905853,0.110281,1.540941,-0.932781,0.165672,1.391224,-1.079712,0.200859,1.380631,-1.128739,0.185027,1.105780,-1.189659,0.078254,0.900807,-0.870634,0.151399,1.388746,-0.723433,0.132027,1.358850,-0.717461,0.175237,1.082632,-0.720495,0.188959,0.844064,-0.996396,0.209700,0.930319,-1.025292,0.252172,0.530068,-1.015036,0.355485,0.106440,-1.119454,0.227091,0.022053,-0.846746,0.156803,0.918641,-0.897429,0.008959,0.546607,-0.937935,-0.106982,0.127541,-0.954368,-0.282642,0.068203,-0.230596,-1.032552,-0.134919
-0.926314,0.166846,0.921710,-0.917172,0.169305,1.017400,-0.912982,0.157957,1.121276,-0.907469,0.155954,1.216611,-0.902947,0.152727,1.311858,-0.900579,0.132951,1.446573,-0.904115,0.093325,1.538566,-0.932972,0.148390,1.389180,-1.080389,0.181861,1.379801,-1.131627,0.164139,1.105477,-1.194165,0.056621,0.901397,-0.870673,0.134908,1.386101,-0.723609,0.117196,1.354531,-0.720791,0.160136,1.078222,-0.725774,0.176023,0.839824,-1.001508,0.191873,0.928889,-1.028734,0.240256,0.529217,-1.016092,0.354286,0.108325,-1.120435,0.227530,0.021671,-0.850992,0.141853,0.915757,-0.905216,-0.000948,0.542279,-0.943689,-0.143910,0.132234,-0.962406,-0.321480,0.080495,-0.230894,-1.029047,-0.140172
-0.930774,0.149949,0.919558,-0.920850,0.152144,1.015176,-0.915532,0.140664,1.118987,-0.909106,0.138669,1.214266,-0.903640,0.135537,1.309468,-0.899709,0.115949,1.444176,-0.901983,0.076260,1.536180,-0.932825,0.130822,1.387096,-1.080733,0.162322,1.378790,-1.134025,0.143329,1.104940,-1.198108,0.035971,0.901276,-0.870376,0.118222,1.383436,-0.723440,0.102454,1.350301,-0.723748,0.144933,1.073909,-0.730588,0.162761,0.835691,-1.006345,0.173602,0.927499,-1.033172,0.226141,0.528307,-1.017860,0.352423,0.111127,-1.121120,0.227835,0.021202,-0.855068,0.126329,0.912840,-0.912351,-0.013110,0.538526,-0.949727,-0.174535,0.135087,-0.970855,-0.353180,0.088513,-0.222746,-1.031543,-0.143750
-0.935002,0.132603,0.917482,-0.924254,0.134578,1.013017,-0.917808,0.122989,1.116753,-0.910486,0.121006,1.211968,-0.904107,0.117961,1.307116,-0.898639,0.098529,1.441792,-0.899526,0.058866,1.533828,-0.932421,0.112791,1.385045,-1.080841,0.141995,1.377625,-1.136087,0.122671,1.104181,-1.201609,0.016325,0.900428,-0.869818,0.101209,1.380828,-0.722994,0.087833,1.346239,-0.726443,0.129649,1.069770,-0.734807,0.149034,0.831706,-1.010876,0.154983,0.926192,-1.038119,0.209640,0.527179,-1.019847,0.350121,0.114752,-1.121244,0.227856,0.020635,-0.858985,0.110253,0.909994,-0.918599,-0.028277,0.535674,-0.956517,-0.197623,0.134715,-0.980046,-0.376650,0.090301,-0.201999,-1.046469,-0.147402
-0.939007,0.114747,0.915410,-0.927366,0.116560,1.010847,-0.919761,0.104926,1.114500,-0.911535,0.103010,1.209643,-0.904254,0.100102,1.304731,-0.897262,0.080895,1.439369,-0.896675,0.041362,1.531464,-0.931680,0.094474,1.382954,-1.080617,0.121127,1.376279,-1.137659,0.102092,1.103189,-1.204546,-0.002337,0.898869,-0.868923,0.084000,1.378200,-0.722203,0.073302,1.342266,-0.728765,0.114263,1.065729,-0.738561,0.134981,0.827827,-1.015132,0.135920,0.924924,-1.044061,0.190941,0.525993,-1.022546,0.347155,0.119292,-1.121071,0.227742,0.019980,-0.862732,0.093603,0.907115,-0.924194,-0.045698,0.533395,-0.963590,-0.214407,0.132504,-0.989647,-0.392984,0.087815,-0.172807,-1.067397,-0.149377
-0.942388,0.095922,0.913375,-0.929725,0.097789,1.008676,-0.920938,0.086321,1.112253,-0.911818,0.084647,1.207318,-0.903687,0.082034,1.302345,-0.895290,0.063262,1.436965,-0.893292,0.023997,1.529158,-0.930342,0.076104,1.380805,-1.079764,0.100048,1.374794,-1.138347,0.081375,1.102005,-1.206493,-0.020184,0.896693,-0.867450,0.066712,1.375571,-0.720822,0.058647,1.338540,-0.730384,0.098888,1.061981,-0.742178,0.121115,0.824328,-1.018685,0.116066,0.923753,-1.053011,0.169566,0.525253,-1.027746,0.342305,0.125561,-1.120858,0.227672,0.019173,-0.865931,0.075807,0.904214,-0.929151,-0.064663,0.531243,-0.972164,-0.227486,0.128926,-0.999279,-0.405329,0.082381,-0.136049,-1.088300,-0.150095
-0.945051,0.075532,0.911434,-0.931047,0.077786,1.006527,-0.920994,0.066802,1.110035,-0.910971,0.065627,1.205015,-0.902071,0.063538,1.299985,-0.892495,0.045499,1.434629,-0.889214,0.006677,1.526974,-0.928201,0.057536,1.378561,-1.078075,0.078601,1.373195,-1.137774,0.060549,1.100598,-1.207131,-0.037166,0.893834,-0.865194,0.049155,1.372952,-0.718615,0.043726,1.335269,-0.731176,0.083592,1.058777,-0.745730,0.107515,0.821434,-1.021375,0.095009,0.922857,-1.066504,0.144912,0.525128,-1.036380,0.335190,0.134049,-1.120858,0.227105,0.017572,-0.868546,0.056089,0.901228,-0.933314,-0.086401,0.529281,-0.983409,-0.236689,0.123501,-1.009156,-0.413686,0.073349,-0.088097,-1.114062,-0.149363
-0.947090,0.054174,0.909529,-0.931616,0.057030,1.004377,-0.920275,0.046741,1.107823,-0.909359,0.046240,1.202710,-0.899740,0.044834,1.297624,-0.889107,0.027737,1.432313,-0.884605,-0.010505,1.524848,-0.925463,0.038915,1.376258,-1.075758,0.056942,1.371457,-1.136317,0.039586,1.098999,-1.206778,-0.053332,0.890358,-0.862360,0.031519,1.370332,-0.715817,0.028681,1.332243,-0.731265,0.068308,1.055867,-0.749144,0.094102,0.818921,-1.023361,0.073161,0.922058,-1.083003,0.117583,0.525449,-1.047515,0.326192,0.144264,-1.120819,0.226582,0.015819,-0.870613,0.035225,0.898221,-0.936839,-0.109683,0.527446,-0.996154,-0.242186,0.116709,-1.019063,-0.418055,0.061370,-0.032579,-1.139799,-0.147374
-0.948392,0.033171,0.907524,-0.931821,0.036659,1.002178,-0.919363,0.027103,1.105572,-0.907641,0.027320,1.200366,-0.897307,0.026652,1.295212,-0.885527,0.010595,1.429930,-0.879812,-0.027013,1.522656,-0.922490,0.020903,1.373989,-1.073138,0.035875,1.369551,-1.134709,0.018185,1.097355,-1.205970,-0.069003,0.886566,-0.859314,0.014482,1.367693,-0.712895,0.013730,1.328994,-0.730693,0.052947,1.052692,-0.752532,0.081144,0.816386,-1.024697,0.051420,0.920878,-1.099905,0.088909,0.526214,-1.060146,0.315239,0.155545,-1.120235,0.227898,0.015774,-0.871863,0.014965,0.895389,-0.940208,-0.130121,0.525096,-1.008105,-0.247090,0.110454,-1.027982,-0.421578,0.049720,0.018739,-1.144833,-0.145120
-0.948851,0.012674,0.905048,-0.931742,0.016743,0.999591,-0.918389,0.007926,1.102941,-0.905950,0.008904,1.197637,-0.894851,0.009055,1.292395,-0.881710,-0.005793,1.427117,-0.874794,-0.042699,1.520043,-0.919210,0.003669,1.371529,-1.070132,0.015687,1.367122,-1.133332,-0.004001,1.095455,-1.205012,-0.084361,0.882168,-0.855990,-0.001815,1.364747,-0.709822,-0.001453,1.325028,-0.729029,0.037122,1.048717,-0.756172,0.068774,0.813509,-1.025351,0.029755,0.918819,-1.117708,0.059199,0.527417,-1.074787,0.302402,0.167998,-1.117750,0.233926,0.017890,-0.872125,-0.004363,0.892489,-0.944137,-0.145768,0.521531,-1.019194,-0.252793,0.105241,-1.035974,-0.425338,0.038650,0.063788,-1.117281,-0.150391
-0.948572,-0.007466,0.902471,-0.931299,-0.002789,0.996955,-0.917221,-0.010827,1.100270,-0.904154,-0.009045,1.194868,-0.892292,-0.008018,1.289527,-0.877703,-0.021561,1.424237,-0.869593,-0.057711,1.517364,-0.915694,-0.012955,1.369103,-1.066824,-0.003910,1.364524,-1.131804,-0.026625,1.093510,-1.203599,-0.099223,0.877453,-0.852455,-0.017511,1.361783,-0.706624,-0.016543,1.320839,-0.726703,0.021220,1.044478,-0.759784,0.056860,0.810611,-1.025355,0.008198,0.916380,-1.135913,0.028144,0.529063,-1.090924,0.287610,0.181516,-1.114722,0.241794,0.021713,-0.871570,-0.023086,0.889766,-0.947910,-0.158572,0.517452,-1.029488,-0.257903,0.100566,-1.042977,-0.428252,0.027910,0.104638,-1.069025,-0.155398
-0.947759,-0.026374,0.900766,-0.930639,-0.021008,0.995234,-0.916049,-0.028304,1.098533,-0.902515,-0.025799,1.193053,-0.890000,-0.024027,1.287621,-0.874050,-0.036494,1.422290,-0.864681,-0.071961,1.515561,-0.912522,-0.028802,1.367481,-1.063792,-0.022972,1.362797,-1.129711,-0.048945,1.092291,-1.201345,-0.113355,0.873589,-0.849279,-0.032346,1.359653,-0.703836,-0.030350,1.317435,-0.725046,0.006319,1.041022,-0.762638,0.045273,0.808250,-1.024857,-0.012261,0.914574,-1.150417,-0.003842,0.531167,-1.105998,0.270586,0.195109,-1.114718,0.244687,0.027740,-0.870450,-0.040437,0.888157,-0.949861,-0.169983,0.514315,-1.036893,-0.261363,0.096815,-1.047795,-0.430226,0.020029,0.135729,-1.015037,-0.137768
-0.946340,-0.043744,0.900354,-0.929819,-0.037474,0.994863,-0.915030,-0.044029,1.098185,-0.901250,-0.040903,1.192652,-0.888232,-0.038579,1.287144,-0.871045,-0.050345,1.421727,-0.860315,-0.085244,1.515064,-0.910015,-0.043666,1.366973,-1.061381,-0.041342,1.362315,-1.126967,-0.070768,1.092088,-1.198041,-0.126356,0.870887,-0.846772,-0.046144,1.358676,-0.701765,-0.042534,1.315044,-0.724642,-0.007298,1.038578,-0.764314,0.033914,0.806482,-1.023797,-0.031203,0.913707,-1.159648,-0.037173,0.533761,-1.118821,0.251063,0.208936,-1.118746,0.241309,0.037370,-0.868681,-0.056216,0.888211,-0.948835,-0.180308,0.512701,-1.039924,-0.262238,0.094140,-1.049316,-0.430919,0.016579,0.151815,-0.957345,-0.078307
-0.944387,-0.059881,0.900813,-0.928781,-0.052628,0.995407,-0.914007,-0.058477,1.098772,-0.900141,-0.054811,1.193205,-0.886731,-0.052066,1.287628,-0.868395,-0.063360,1.422096,-0.856237,-0.097765,1.515443,-0.907851,-0.057753,1.367268,-1.059248,-0.059177,1.362702,-1.123657,-0.092287,1.092612,-1.193895,-0.138626,0.869036,-0.844623,-0.059079,1.358533,-0.700105,-0.053435,1.313439,-0.724906,-0.019914,1.036918,-0.765230,0.022883,0.805251,-1.022235,-0.049046,0.913473,-1.165177,-0.071436,0.536813,-1.130582,0.229308,0.222837,-1.125800,0.232956,0.049204,-0.866347,-0.070623,0.889380,-0.945989,-0.189241,0.512030,-1.040066,-0.261464,0.092390,-1.048651,-0.430671,0.015988,0.158142,-0.893921,0.003791
-0.942319,-0.074824,0.901844,-0.927505,-0.066868,0.996519,-0.912695,-0.072216,1.099906,-0.898792,-0.068166,1.194318,-0.885093,-0.065121,1.288690,-0.865758,-0.076070,1.423047,-0.852153,-0.110050,1.516350,-0.905646,-0.071517,1.368205,-1.056942,-0.077015,1.363869,-1.119627,-0.113337,1.093771,-1.189151,-0.151136,0.868267,-0.842469,-0.071423,1.359122,-0.698474,-0.062881,1.312943,-0.725417,-0.031306,1.036397,-0.765918,0.012357,0.804950,-1.020495,-0.066052,0.913974,-1.167619,-0.104982,0.540242,-1.142284,0.205844,0.235348,-1.136426,0.216705,0.059537,-0.863957,-0.083486,0.890953,-0.943120,-0.197313,0.512022,-1.039675,-0.260783,0.091492,-1.047932,-0.430407,0.016065,0.164886,-0.833654,0.073312
-0.940257,-0.088282,0.903474,-0.925982,-0.080151,0.998222,-0.911008,-0.085357,1.101594,-0.897097,-0.081174,1.196001,-0.883229,-0.078001,1.290345,-0.863087,-0.088761,1.424601,-0.848004,-0.122434,1.517787,-0.903350,-0.085169,1.369892,-1.054426,-0.095092,1.366057,-1.114656,-0.134214,1.095799,-1.183833,-0.164123,0.869005,-0.840246,-0.083288,1.360585,-0.696761,-0.070661,1.313871,-0.726279,-0.041503,1.037345,-0.766350,0.002258,0.805831,-1.018695,-0.082086,0.915378,-1.166689,-0.137274,0.544033,-1.154247,0.181164,0.246222,-1.151495,0.190203,0.066676,-0.861639,-0.094366,0.892812,-0.940777,-0.204772,0.512829,-1.039371,-0.260778,0.091681,-1.047847,-0.430429,0.016336,0.181034,-0.774299,0.119981
-0.938079,-0.100545,0.905677,-0.924220,-0.092519,1.000492,-0.909033,-0.097788,1.103830,-0.895161,-0.093628,1.198243,-0.881228,-0.090448,1.292577,-0.860430,-0.101146,1.426737,-0.843848,-0.134583,1.519753,-0.901012,-0.098497,1.372220,-1.051738,-0.113172,1.369025,-1.108964,-0.154622,1.098463,-1.177916,-0.177350,0.870826,-0.838017,-0.094561,1.362780,-0.695078,-0.076985,1.315909,-0.727387,-0.050476,1.039432,-0.766552,-0.007336,0.807643,-1.016717,-0.097284,0.917517,-1.162671,-0.168850,0.548202,-1.166151,0.154777,0.255706,-1.170136,0.155802,0.072314,-0.859266,-0.103702,0.895073,-0.938413,-0.211369,0.514298,-1.038535,-0.260866,0.092722,-1.047707,-0.430435,0.017274,0.197598,-0.718101,0.154074
-0.935836,-0.112527,0.908067,-0.922224,-0.104507,1.002917,-0.906742,-0.109744,1.106212,-0.892906,-0.105552,1.200628,-0.878955,-0.102324,1.294957,-0.857585,-0.112898,1.429035,-0.839555,-0.146022,1.521895,-0.898406,-0.111315,1.374696,-1.048541,-0.131083,1.371957,-1.103057,-0.173506,1.100975,-1.171561,-0.191063,0.872690,-0.835605,-0.105171,1.365180,-0.693373,-0.082310,1.318445,-0.728001,-0.057915,1.042031,-0.767137,-0.016015,0.810027,-1.014533,-0.112312,0.919987,-1.157038,-0.199669,0.552712,-1.178043,0.125725,0.263071,-1.190287,0.117641,0.077829,-0.856965,-0.112641,0.897380,-0.936180,-0.216893,0.515694,-1.037670,-0.261043,0.093838,-1.047581,-0.430445,0.018111,0.197798,-0.680682,0.171197
-0.933666,-0.124550,0.910688,-0.920033,-0.116277,1.005513,-0.904124,-0.121275,1.108753,-0.890283,-0.116911,1.203160,-0.876337,-0.113538,1.297485,-0.854469,-0.123869,1.431502,-0.835065,-0.156557,1.524241,-0.895456,-0.123538,1.377312,-1.044728,-0.148857,1.374679,-1.096875,-0.190210,1.103071,-1.164715,-0.205238,0.874319,-0.832941,-0.115043,1.367772,-0.691544,-0.086680,1.321583,-0.727700,-0.063474,1.045250,-0.768501,-0.023638,0.813197,-1.012276,-0.127360,0.922886,-1.150505,-0.229971,0.557938,-1.190543,0.093515,0.268173,-1.212933,0.077271,0.083905,-0.854880,-0.121636,0.899716,-0.934149,-0.221082,0.516782,-1.036900,-0.261321,0.094807,-1.047491,-0.430464,0.018600,0.166655,-0.675560,0.162312
-0.931430,-0.136290,0.913496,-0.917607,-0.127667,1.008262,-0.901191,-0.132331,1.111439,-0.887340,-0.127740,1.205834,-0.873448,-0.124180,1.300160,-0.851166,-0.134208,1.434132,-0.830437,-0.166382,1.526764,-0.892237,-0.135251,1.380076,-1.040406,-0.166463,1.377365,-1.090477,-0.205391,1.105015,-1.157431,-0.219900,0.875991,-0.830094,-0.124252,1.370568,-0.689694,-0.090050,1.325219,-0.726905,-0.067499,1.048980,-0.770246,-0.030346,0.816940,-1.009813,-0.142239,0.926117,-1.142357,-0.259517,0.563507,-1.203030,0.058642,0.271156,-1.237089,0.033141,0.089857,-0.852867,-0.130235,0.902097,-0.932250,-0.224198,0.517795,-1.036100,-0.261688,0.095851,-1.047415,-0.430488,0.018988,0.119147,-0.689217,0.136459
-0.928762,-0.147691,0.915988,-0.914829,-0.138713,1.010705,-0.897950,-0.143001,1.113824,-0.884150,-0.138160,1.208214,-0.870366,-0.134387,1.302548,-0.847729,-0.144036,1.436488,-0.825724,-0.175604,1.529032,-0.888738,-0.146525,1.382519,-1.035557,-0.183631,1.379725,-1.084548,-0.219965,1.106817,-1.150040,-0.235371,0.877499,-0.827094,-0.132950,1.373078,-0.688073,-0.092741,1.328424,-0.726137,-0.070721,1.052265,-0.771798,-0.036151,0.820246,-1.006720,-0.157046,0.928985,-1.131922,-0.287555,0.568259,-1.213689,0.021635,0.271726,-1.257741,-0.015272,0.095014,-0.850621,-0.138224,0.904207,-0.930428,-0.226820,0.518700,-1.035406,-0.262103,0.096854,-1.047362,-0.430519,0.019249,0.083422,-0.696717,0.116361
-0.925458,-0.158757,0.917964,-0.911620,-0.149441,1.012662,-0.894390,-0.153301,1.115740,-0.880746,-0.148172,1.210137,-0.867146,-0.144129,1.304485,-0.844215,-0.153269,1.438410,-0.820997,-0.184109,1.530904,-0.884955,-0.157292,1.384475,-1.030175,-0.200204,1.381652,-1.079671,-0.233985,1.108519,-1.142975,-0.252078,0.878823,-0.823948,-0.141074,1.375128,-0.686753,-0.094707,1.330838,-0.725402,-0.073110,1.054723,-0.772924,-0.040989,0.822732,-1.002806,-0.171891,0.931209,-1.118734,-0.313976,0.571739,-1.222726,-0.017362,0.269683,-1.274726,-0.069154,0.099544,-0.847929,-0.145508,0.905934,-0.928692,-0.228870,0.519470,-1.034873,-0.262562,0.097785,-1.047346,-0.430555,0.019349,0.069658,-0.688099,0.112422
-0.921721,-0.169483,0.919623,-0.908058,-0.159825,1.014312,-0.890523,-0.163214,1.117355,-0.877093,-0.157776,1.211766,-0.863734,-0.153435,1.306135,-0.840568,-0.161993,1.440058,-0.816183,-0.192011,1.532521,-0.880892,-0.167620,1.386109,-1.024266,-0.216339,1.383254,-1.075263,-0.247399,1.110078,-1.135803,-0.269594,0.879983,-0.820648,-0.148688,1.376891,-0.685663,-0.095994,1.332821,-0.724693,-0.074697,1.056737,-0.773856,-0.044924,0.824782,-0.998262,-0.186664,0.933070,-1.103260,-0.338888,0.574403,-1.229936,-0.058493,0.265226,-1.288206,-0.127320,0.103278,-0.845005,-0.152183,0.907389,-0.927035,-0.230426,0.520131,-1.034445,-0.263069,0.098675,-1.047353,-0.430597,0.019321,0.067677,-0.673325,0.114239
-0.917793,-0.179793,0.921053,-0.904257,-0.169834,1.015730,-0.886386,-0.172780,1.118729,-0.873164,-0.167096,1.213154,-0.860050,-0.162528,1.307548,-0.836670,-0.170579,1.441466,-0.811124,-0.199758,1.533885,-0.876545,-0.177790,1.387455,-1.017837,-0.232245,1.384557,-1.070259,-0.260970,1.111384,-1.127561,-0.286955,0.880833,-0.817206,-0.156130,1.378398,-0.684830,-0.097064,1.334516,-0.724513,-0.076305,1.058490,-0.774715,-0.048160,0.826542,-0.993231,-0.201142,0.934726,-1.086223,-0.361863,0.576460,-1.232889,-0.101660,0.258655,-1.293659,-0.186736,0.105037,-0.842183,-0.158320,0.908592,-0.925372,-0.232303,0.520722,-1.034086,-0.263589,0.099504,-1.047345,-0.430660,0.019249,0.075098,-0.657340,0.113325
-0.913755,-0.189641,0.922250,-0.900213,-0.179438,1.016900,-0.881929,-0.181996,1.119837,-0.868890,-0.176163,1.214279,-0.856034,-0.171481,1.308703,-0.832492,-0.179166,1.442615,-0.805801,-0.207509,1.534972,-0.871922,-0.187910,1.388460,-1.010945,-0.247955,1.385529,-1.064549,-0.274954,1.112405,-1.117910,-0.304102,0.881317,-0.813637,-0.163510,1.379615,-0.684306,-0.097988,1.335908,-0.725141,-0.078208,1.059981,-0.775460,-0.050569,0.827988,-0.987730,-0.215324,0.936240,-1.067621,-0.382853,0.577943,-1.231173,-0.147725,0.249511,-1.289904,-0.247700,0.104132,-0.839606,-0.163830,0.909472,-0.923776,-0.234854,0.521244,-1.033841,-0.264119,0.100235,-1.047261,-0.430769,0.019098,0.093701,-0.641682,0.106092
-0.909526,-0.199072,0.923218,-0.895930,-0.188666,1.017838,-0.877202,-0.190865,1.120703,-0.864339,-0.184947,1.215164,-0.851745,-0.180220,1.309621,-0.828063,-0.187616,1.443524,-0.800233,-0.215104,1.535805,-0.867015,-0.197871,1.389175,-1.003532,-0.263436,1.386203,-1.058242,-0.289094,1.113172,-1.107188,-0.321093,0.881490,-0.809924,-0.170719,1.380576,-0.684040,-0.098695,1.337012,-0.726298,-0.080132,1.061212,-0.776132,-0.052279,0.829144,-0.981742,-0.229211,0.937550,-1.047457,-0.401907,0.578818,-1.225201,-0.195827,0.238252,-1.278120,-0.309914,0.101251,-0.837132,-0.168803,0.910100,-0.922175,-0.237726,0.521696,-1.033666,-0.264662,0.100906,-1.047162,-0.430899,0.018901,0.121707,-0.624813,0.096129
-0.905105,-0.208147,0.924054,-0.891542,-0.197574,1.018661,-0.872397,-0.199433,1.121456,-0.859681,-0.193474,1.215935,-0.847287,-0.188749,1.310418,-0.823352,-0.195895,1.444289,-0.794309,-0.222512,1.536448,-0.861796,-0.207621,1.389791,-0.995437,-0.278799,1.386705,-1.050612,-0.303380,1.113670,-1.095450,-0.337141,0.881372,-0.806033,-0.177771,1.381416,-0.683907,-0.099426,1.338017,-0.727647,-0.082082,1.062365,-0.776972,-0.053882,0.830235,-0.975364,-0.242578,0.938621,-1.026470,-0.418736,0.579193,-1.213777,-0.243291,0.226558,-1.257328,-0.369460,0.097274,-0.834667,-0.173583,0.910704,-0.920271,-0.240674,0.522112,-1.033395,-0.265196,0.101613,-1.047195,-0.430989,0.018837,0.151396,-0.607072,0.085716
-0.900587,-0.216881,0.924790,-0.887213,-0.206161,1.019406,-0.867702,-0.207697,1.122138,-0.855105,-0.201749,1.216633,-0.842824,-0.197088,1.311135,-0.818466,-0.204050,1.444939,-0.788079,-0.229786,1.536912,-0.856370,-0.217192,1.390382,-0.986666,-0.294241,1.387007,-1.041314,-0.317928,1.113786,-1.082507,-0.351800,0.880821,-0.802077,-0.184704,1.382194,-0.684017,-0.100269,1.338993,-0.729292,-0.084077,1.063521,-0.778128,-0.055430,0.831343,-0.968660,-0.255399,0.939429,-1.004646,-0.433137,0.578994,-1.195972,-0.289723,0.214441,-1.226224,-0.426137,0.092022,-0.832337,-0.178227,0.911366,-0.917840,-0.243779,0.522482,-1.032970,-0.265700,0.102393,-1.047498,-0.430989,0.019015,0.178806,-0.589047,0.075913
-0.895877,-0.225259,0.925394,-0.882779,-0.214427,1.020036,-0.862928,-0.215660,1.122707,-0.850422,-0.209767,1.217218,-0.838191,-0.205216,1.311731,-0.813297,-0.212035,1.445445,-0.781493,-0.236872,1.537187,-0.850632,-0.226550,1.390873,-0.977212,-0.309564,1.387138,-1.030691,-0.332622,1.113633,-1.068546,-0.365515,0.879979,-0.797942,-0.191481,1.382852,-0.684259,-0.101137,1.339870,-0.731129,-0.086099,1.064600,-0.779451,-0.056871,0.832385,-0.961565,-0.267701,0.939998,-0.981998,-0.445314,0.578294,-1.172715,-0.335516,0.201888,-1.186111,-0.480145,0.085674,-0.830016,-0.182678,0.912005,-0.915106,-0.246960,0.522815,-1.032450,-0.266193,0.103208,-1.047933,-0.430949,0.019327,0.207901,-0.570151,0.065660
-0.890690,-0.233295,0.925877,-0.877882,-0.222431,1.020556,-0.857699,-0.223378,1.123165,-0.845244,-0.217541,1.217686,-0.833002,-0.213078,1.312201,-0.807487,-0.219673,1.445809,-0.774288,-0.243572,1.537307,-0.844231,-0.235549,1.391230,-0.966900,-0.324287,1.387316,-1.019049,-0.347101,1.113535,-1.054189,-0.378831,0.879292,-0.793247,-0.198002,1.383342,-0.684175,-0.102012,1.340620,-0.732510,-0.088091,1.065542,-0.780738,-0.058633,0.833337,-0.953974,-0.279334,0.940369,-0.959308,-0.455594,0.577415,-1.145595,-0.379178,0.190536,-1.139914,-0.528175,0.079643,-0.827237,-0.187115,0.912600,-0.912441,-0.249730,0.523173,-1.031845,-0.266714,0.104039,-1.048226,-0.430961,0.019620,0.242846,-0.548952,0.054067
-0.884934,-0.240957,0.926243,-0.872444,-0.230161,1.020971,-0.851946,-0.230849,1.123520,-0.839496,-0.225069,1.218045,-0.827172,-0.220666,1.312553,-0.800927,-0.226942,1.446034,-0.766358,-0.249863,1.537273,-0.837061,-0.244183,1.391438,-0.955604,-0.338348,1.387659,-1.006293,-0.361259,1.113611,-1.039540,-0.391626,0.878902,-0.787906,-0.204255,1.383649,-0.683757,-0.102835,1.341266,-0.733361,-0.090019,1.066360,-0.782087,-0.060787,0.834225,-0.945849,-0.290179,0.940532,-0.936526,-0.463842,0.576442,-1.115265,-0.420857,0.181012,-1.087455,-0.569927,0.074594,-0.823853,-0.191593,0.913170,-0.909984,-0.251861,0.523579,-1.031101,-0.267264,0.104871,-1.048245,-0.431063,0.019840,0.288108,-0.523545,0.039733
-0.878699,-0.248277,0.926487,-0.866544,-0.237628,1.021276,-0.845740,-0.238075,1.123765,-0.833252,-0.232354,1.218289,-0.820784,-0.227987,1.312780,-0.793725,-0.233864,1.446117,-0.757809,-0.255767,1.537085,-0.829228,-0.252457,1.391511,-0.943451,-0.351808,1.388049,-0.992517,-0.375203,1.113742,-1.024495,-0.404021,0.878667,-0.782005,-0.210252,1.383789,-0.683012,-0.103665,1.341786,-0.733755,-0.091916,1.067041,-0.783399,-0.063263,0.835023,-0.937227,-0.300357,0.940496,-0.913702,-0.470193,0.575291,-1.081073,-0.460404,0.172688,-1.028911,-0.605700,0.069861,-0.820012,-0.196056,0.913697,-0.907596,-0.253581,0.524009,-1.030273,-0.267841,0.105719,-1.048122,-0.431217,0.020041,0.339222,-0.495836,0.024058
-0.871978,-0.255367,0.926612,-0.860056,-0.244929,1.021454,-0.838911,-0.245123,1.123873,-0.826343,-0.239413,1.218387,-0.813707,-0.235004,1.312853,-0.785852,-0.240333,1.446049,-0.748697,-0.261148,1.536777,-0.820704,-0.260237,1.391463,-0.930644,-0.364367,1.388354,-0.978307,-0.388885,1.113900,-1.009362,-0.416935,0.878610,-0.775421,-0.215929,1.383764,-0.681505,-0.104660,1.342083,-0.733269,-0.093838,1.067490,-0.784174,-0.066282,0.835623,-0.928123,-0.310076,0.940335,-0.891763,-0.475375,0.574019,-1.042646,-0.495878,0.165324,-0.967738,-0.633087,0.064864,-0.815678,-0.200518,0.914109,-0.905241,-0.255090,0.524453,-1.029540,-0.268476,0.106616,-1.047975,-0.431399,0.020242,0.386957,-0.470122,0.010350
-0.864796,-0.262196,0.926595,-0.852953,-0.252082,1.021482,-0.831407,-0.252016,1.123817,-0.818705,-0.246258,1.218310,-0.805873,-0.241692,1.312742,-0.777256,-0.246256,1.445803,-0.738994,-0.265884,1.536334,-0.811428,-0.267431,1.391283,-0.917193,-0.375837,1.388551,-0.963798,-0.402386,1.114111,-0.994372,-0.430844,0.878797,-0.768090,-0.221218,1.383544,-0.679144,-0.105837,1.342089,-0.731710,-0.095732,1.067618,-0.784365,-0.070012,0.835948,-0.918574,-0.319318,0.940028,-0.871083,-0.479322,0.572595,-0.998918,-0.527100,0.158655,-0.903474,-0.650833,0.058929,-0.810864,-0.204939,0.914384,-0.903132,-0.256144,0.524922,-1.028994,-0.269120,0.107531,-1.047850,-0.431599,0.020463,0.426762,-0.446877,0.000646
-0.857126,-0.268795,0.926458,-0.845263,-0.259069,1.021383,-0.823282,-0.258730,1.123626,-0.810402,-0.252878,1.218089,-0.797349,-0.248076,1.312479,-0.767988,-0.251726,1.445406,-0.728727,-0.270097,1.535771,-0.801460,-0.274132,1.390982,-0.903087,-0.386405,1.388663,-0.948856,-0.415626,1.114349,-0.979295,-0.445272,0.879160,-0.760076,-0.226188,1.383158,-0.676021,-0.107178,1.341872,-0.729271,-0.097650,1.067512,-0.784019,-0.074286,0.836074,-0.908542,-0.328103,0.939595,-0.851288,-0.482100,0.571051,-0.950955,-0.554249,0.152945,-0.836580,-0.660192,0.052729,-0.805558,-0.209359,0.914544,-0.901056,-0.256987,0.525405,-1.028544,-0.269821,0.108496,-1.047701,-0.431827,0.020684,0.463189,-0.425625,-0.007093
-0.848886,-0.275369,0.926265,-0.836944,-0.265932,1.021210,-0.814528,-0.265256,1.123356,-0.801465,-0.259262,1.217785,-0.788201,-0.254190,1.312132,-0.758166,-0.256911,1.444933,-0.718037,-0.274016,1.535167,-0.790957,-0.280482,1.390609,-0.888499,-0.396328,1.388628,-0.933664,-0.428314,1.114518,-0.963741,-0.459699,0.879521,-0.751457,-0.230976,1.382693,-0.671973,-0.108791,1.341541,-0.726097,-0.099799,1.067338,-0.782770,-0.078826,0.836122,-0.897929,-0.336702,0.939171,-0.832185,-0.484643,0.569544,-0.901587,-0.575922,0.148749,-0.771898,-0.662521,0.047700,-0.799692,-0.213913,0.914582,-0.898341,-0.258543,0.525853,-1.028093,-0.270750,0.109639,-1.047514,-0.432090,0.020854,0.500664,-0.409239,-0.015668
-0.840249,-0.281986,0.926081,-0.828102,-0.272662,1.021011,-0.805198,-0.271549,1.123044,-0.791905,-0.265351,1.217428,-0.778410,-0.259986,1.311725,-0.747741,-0.261803,1.444396,-0.706875,-0.277653,1.534531,-0.779916,-0.286463,1.390187,-0.873443,-0.405596,1.388460,-0.918298,-0.440319,1.114636,-0.947605,-0.474140,0.879895,-0.742195,-0.235591,1.382170,-0.666818,-0.110755,1.341108,-0.722237,-0.102280,1.067151,-0.780469,-0.083654,0.836123,-0.886856,-0.345211,0.938888,-0.814302,-0.487597,0.568253,-0.849411,-0.591406,0.146814,-0.709508,-0.655753,0.044019,-0.793488,-0.218640,0.914498,-0.894997,-0.261171,0.526264,-1.027771,-0.271955,0.110963,-1.047281,-0.432386,0.020905,0.536275,-0.402644,-0.026316
-0.831041,-0.288578,0.925842,-0.818631,-0.279269,1.020739,-0.795239,-0.277654,1.122655,-0.781712,-0.271205,1.216988,-0.767995,-0.265512,1.311235,-0.736762,-0.266411,1.443783,-0.695290,-0.280995,1.533853,-0.768338,-0.292093,1.389692,-0.857905,-0.414218,1.388146,-0.902683,-0.451773,1.114684,-0.930993,-0.488581,0.880265,-0.732328,-0.240024,1.381567,-0.660738,-0.112990,1.340561,-0.717643,-0.104993,1.066894,-0.777267,-0.088748,0.836045,-0.875202,-0.353534,0.938614,-0.797111,-0.490315,0.566998,-0.795830,-0.601414,0.146394,-0.649330,-0.641955,0.041511,-0.786725,-0.223500,0.914292,-0.891015,-0.264511,0.526641,-1.027448,-0.273388,0.112465,-1.047010,-0.432717,0.020906,0.572935,-0.400913,-0.037800
-0.820660,-0.295143,0.925418,-0.808169,-0.285823,1.020304,-0.784483,-0.283699,1.122143,-0.770872,-0.276984,1.216446,-0.757077,-0.270955,1.310661,-0.725490,-0.270931,1.443128,-0.683559,-0.284241,1.533183,-0.756384,-0.297568,1.389107,-0.842012,-0.422484,1.387588,-0.886776,-0.462770,1.114510,-0.913844,-0.502460,0.880405,-0.722051,-0.244392,1.380911,-0.654112,-0.115362,1.339975,-0.712320,-0.107849,1.066565,-0.773244,-0.093762,0.835908,-0.862496,-0.361655,0.938094,-0.778830,-0.491793,0.565401,-0.747876,-0.606681,0.145805,-0.595962,-0.628690,0.041079,-0.778668,-0.228507,0.913965,-0.885692,-0.268408,0.526948,-1.026640,-0.275079,0.114271,-1.046711,-0.433088,0.021015,0.623806,-0.392140,-0.049216
-0.808920,-0.301798,0.924806,-0.796641,-0.292448,1.019716,-0.772919,-0.289795,1.121536,-0.759411,-0.282784,1.215833,-0.745688,-0.276382,1.310035,-0.713939,-0.275385,1.442462,-0.671688,-0.287395,1.532550,-0.744054,-0.302909,1.388454,-0.825780,-0.430422,1.386798,-0.870731,-0.473360,1.114156,-0.896160,-0.515692,0.880340,-0.711362,-0.248710,1.380210,-0.646891,-0.117880,1.339284,-0.706191,-0.110931,1.066093,-0.768365,-0.098643,0.835663,-0.848589,-0.369677,0.937270,-0.758534,-0.491153,0.563262,-0.708127,-0.606464,0.144830,-0.550885,-0.618386,0.045142,-0.769098,-0.233799,0.913566,-0.878909,-0.272957,0.527256,-1.025294,-0.277038,0.116451,-1.046421,-0.433470,0.021237,0.699341,-0.371066,-0.059063
-0.796008,-0.308427,0.924010,-0.784123,-0.299021,1.018965,-0.760558,-0.295831,1.120806,-0.747305,-0.288510,1.215117,-0.733797,-0.281725,1.309325,-0.702095,-0.279752,1.441754,-0.659672,-0.290452,1.531925,-0.731347,-0.308096,1.387711,-0.809193,-0.438003,1.385763,-0.854394,-0.483493,1.113580,-0.877938,-0.528362,0.880043,-0.700263,-0.252963,1.379454,-0.639123,-0.120536,1.338553,-0.699332,-0.114156,1.065548,-0.762667,-0.103442,0.835359,-0.833632,-0.377497,0.936200,-0.737148,-0.489273,0.560782,-0.674005,-0.601505,0.143687,-0.512619,-0.608615,0.051283,-0.758236,-0.239238,0.913045,-0.870785,-0.278062,0.527494,-1.023462,-0.279256,0.118936,-1.046102,-0.433893,0.021567,0.789087,-0.342949,-0.068842
-0.781879,-0.314671,0.922914,-0.770473,-0.305244,1.017925,-0.747263,-0.301596,1.119831,-0.734473,-0.294045,1.214186,-0.721427,-0.286972,1.308434,-0.690172,-0.284158,1.440951,-0.647762,-0.293595,1.531270,-0.718416,-0.313258,1.386781,-0.792343,-0.445419,1.384347,-0.837266,-0.493124,1.112496,-0.859106,-0.540167,0.879209,-0.688958,-0.257230,1.378642,-0.631335,-0.123169,1.338053,-0.691982,-0.117194,1.065135,-0.756342,-0.107973,0.835167,-0.817606,-0.384799,0.934795,-0.715662,-0.487783,0.558180,-0.644804,-0.594768,0.141343,-0.481317,-0.599648,0.053152,-0.746009,-0.244426,0.912261,-0.860971,-0.283279,0.527423,-1.020813,-0.281734,0.121640,-1.045650,-0.434458,0.022146,0.874850,-0.311657,-0.082149
-0.766302,-0.320649,0.921477,-0.755445,-0.311226,1.016552,-0.732835,-0.307201,1.118578,-0.720785,-0.299499,1.213015,-0.708536,-0.292229,1.307354,-0.678273,-0.288713,1.440080,-0.636094,-0.296942,1.530626,-0.705330,-0.318518,1.385651,-0.775360,-0.452790,1.382567,-0.819188,-0.502227,1.110842,-0.839602,-0.551024,0.877781,-0.677514,-0.261617,1.377791,-0.623665,-0.125787,1.337918,-0.683974,-0.120031,1.064921,-0.749242,-0.112141,0.835153,-0.800386,-0.391665,0.933043,-0.693977,-0.487099,0.555644,-0.619840,-0.586092,0.137248,-0.457614,-0.590536,0.046505,-0.732080,-0.249519,0.911141,-0.849800,-0.288773,0.527163,-1.017413,-0.284777,0.124502,-1.045471,-0.435212,0.022734,0.956294,-0.278992,-0.104870
-0.749509,-0.326243,0.919741,-0.739285,-0.316857,1.014891,-0.717474,-0.312535,1.117079,-0.706371,-0.304761,1.211629,-0.695167,-0.297390,1.306092,-0.666294,-0.293307,1.439115,-0.624534,-0.300375,1.529953,-0.692020,-0.323753,1.384336,-0.758113,-0.459997,1.380406,-0.800318,-0.510827,1.108681,-0.819487,-0.561015,0.875816,-0.665864,-0.266017,1.376883,-0.615975,-0.128382,1.338014,-0.675475,-0.122680,1.064838,-0.741515,-0.116040,0.835250,-0.782097,-0.398012,0.930957,-0.672192,-0.486805,0.552986,-0.599798,-0.575637,0.131953,-0.440876,-0.582229,0.035586,-0.716787,-0.254361,0.909756,-0.836939,-0.294378,0.526593,-1.013195,-0.288081,0.127583,-1.045159,-0.436109,0.023570,1.033755,-0.243151,-0.131119
-0.732152,-0.330736,0.917715,-0.722586,-0.321513,1.012949,-0.701637,-0.317053,1.115312,-0.691552,-0.309387,1.209985,-0.681479,-0.302112,1.304582,-0.654140,-0.297745,1.437920,-0.612935,-0.303720,1.529088,-0.678429,-0.328732,1.382787,-0.740297,-0.466877,1.377674,-0.780641,-0.518955,1.105907,-0.798878,-0.570091,0.873172,-0.654008,-0.270187,1.375863,-0.608383,-0.130769,1.338204,-0.667219,-0.124850,1.064889,-0.733803,-0.119762,0.835426,-0.763099,-0.403274,0.928483,-0.651595,-0.487279,0.549868,-0.586024,-0.566840,0.126084,-0.429352,-0.577844,0.026773,-0.701076,-0.258088,0.908178,-0.821050,-0.299159,0.525103,-1.007631,-0.290731,0.130988,-1.043390,-0.437100,0.025511,1.090046,-0.202594,-0.146838
-0.713915,-0.333557,0.915032,-0.705053,-0.324787,1.010373,-0.685085,-0.320481,1.112934,-0.676158,-0.313216,1.207746,-0.667383,-0.306331,1.302492,-0.641856,-0.302083,1.436179,-0.601417,-0.307056,1.527746,-0.664550,-0.333494,1.380734,-0.721869,-0.473506,1.373925,-0.760069,-0.526811,1.102094,-0.777732,-0.578355,0.869400,-0.641938,-0.274155,1.374515,-0.600926,-0.132944,1.338337,-0.659439,-0.126209,1.064976,-0.726315,-0.123265,0.835568,-0.743018,-0.406944,0.925113,-0.632266,-0.489230,0.545822,-0.580951,-0.561290,0.119192,-0.423989,-0.580212,0.022717,-0.684688,-0.260063,0.906174,-0.801381,-0.303241,0.522223,-1.000670,-0.292116,0.134564,-1.039699,-0.437929,0.028389,1.122344,-0.144882,-0.147493
-0.695114,-0.335277,0.912060,-0.686981,-0.327085,1.007517,-0.668057,-0.323094,1.110288,-0.660359,-0.316408,1.205249,-0.652967,-0.310111,1.300153,-0.629397,-0.306264,1.434209,-0.589860,-0.310304,1.526214,-0.650388,-0.338000,1.378448,-0.702872,-0.479808,1.369606,-0.738689,-0.534194,1.097668,-0.756091,-0.585704,0.864950,-0.629661,-0.277892,1.373055,-0.593566,-0.134912,1.338566,-0.651902,-0.127088,1.065196,-0.718841,-0.126591,0.835789,-0.722228,-0.409528,0.921356,-0.614126,-0.491949,0.541315,-0.582147,-0.557398,0.111725,-0.423840,-0.586502,0.020766,-0.667882,-0.260923,0.903977,-0.778683,-0.306500,0.518425,-0.992363,-0.292847,0.138465,-1.034551,-0.438854,0.032373,1.133472,-0.082454,-0.137618
-0.677347,-0.336896,0.909915,-0.669842,-0.329008,1.005453,-0.651730,-0.325168,1.108380,-0.644988,-0.319005,1.203459,-0.638655,-0.313306,1.298488,-0.616537,-0.309917,1.432818,-0.577766,-0.313060,1.525188,-0.635903,-0.341901,1.376693,-0.683133,-0.485392,1.365875,-0.716748,-0.540532,1.093802,-0.734202,-0.591769,0.861033,-0.617201,-0.281074,1.372078,-0.586314,-0.136503,1.339211,-0.644645,-0.128182,1.065854,-0.711393,-0.129963,0.836390,-0.702204,-0.411981,0.918680,-0.598223,-0.493688,0.537408,-0.583658,-0.553827,0.105656,-0.424313,-0.591341,0.019344,-0.652380,-0.261709,0.902358,-0.753870,-0.307620,0.514512,-0.982341,-0.293847,0.143257,-1.028014,-0.440601,0.038820,1.114718,-0.051083,-0.116748
-0.661396,-0.338876,0.909068,-0.654339,-0.330738,1.004620,-0.636657,-0.326720,1.107619,-0.630439,-0.320932,1.202761,-0.624653,-0.315806,1.297863,-0.603193,-0.312944,1.432320,-0.564960,-0.315244,1.524943,-0.621058,-0.345070,1.375725,-0.662475,-0.490153,1.363001,-0.694256,-0.545693,1.090782,-0.712219,-0.596411,0.857940,-0.604544,-0.283563,1.371791,-0.579188,-0.137596,1.340459,-0.637807,-0.129887,1.067147,-0.704114,-0.133641,0.837576,-0.683646,-0.414768,0.917799,-0.585767,-0.493602,0.534420,-0.583672,-0.550045,0.101736,-0.424101,-0.592458,0.017937,-0.639048,-0.262877,0.901550,-0.726455,-0.305742,0.510255,-0.970068,-0.295329,0.148772,-1.021685,-0.444086,0.049995,1.048990,-0.082396,-0.081208
-0.646480,-0.340754,0.909049,-0.639769,-0.332093,1.004579,-0.622285,-0.327733,1.107596,-0.616319,-0.322263,1.202771,-0.610756,-0.317720,1.297912,-0.589447,-0.315443,1.432401,-0.551616,-0.316936,1.525204,-0.605889,-0.347634,1.375288,-0.641076,-0.494197,1.360716,-0.671203,-0.549809,1.088322,-0.689987,-0.599771,0.855379,-0.591704,-0.285495,1.371987,-0.572170,-0.138311,1.342123,-0.631249,-0.131806,1.068877,-0.696861,-0.137364,0.839144,-0.665855,-0.417422,0.917999,-0.575550,-0.492537,0.532031,-0.584001,-0.546583,0.099214,-0.424512,-0.592124,0.017058,-0.627020,-0.263971,0.901320,-0.696925,-0.301727,0.505885,-0.956079,-0.297081,0.155178,-1.013967,-0.448394,0.063634,0.953379,-0.144767,-0.034674
-0.631855,-0.342145,0.909558,-0.625502,-0.333118,1.005079,-0.608131,-0.328435,1.108100,-0.602283,-0.323263,1.203296,-0.596763,-0.319228,1.298461,-0.575325,-0.317341,1.432931,-0.537752,-0.317969,1.525846,-0.590456,-0.349626,1.375389,-0.619292,-0.497445,1.359373,-0.647808,-0.552705,1.086736,-0.667285,-0.601894,0.853682,-0.578745,-0.286948,1.372639,-0.565211,-0.138847,1.343962,-0.624583,-0.133448,1.070751,-0.689214,-0.140576,0.840784,-0.648210,-0.419507,0.918603,-0.564985,-0.491276,0.530345,-0.584124,-0.543704,0.097803,-0.424879,-0.591772,0.016663,-0.615425,-0.264663,0.901741,-0.667656,-0.296840,0.502896,-0.941613,-0.299379,0.163540,-1.000144,-0.451502,0.074307,0.870452,-0.179082,0.012299
-0.617116,-0.342962,0.910532,-0.611264,-0.333901,1.006082,-0.593993,-0.328979,1.109108,-0.588159,-0.324108,1.204323,-0.582507,-0.320483,1.299496,-0.560627,-0.318697,1.433896,-0.523131,-0.318372,1.526844,-0.574618,-0.351141,1.376069,-0.597025,-0.499971,1.359229,-0.623912,-0.554192,1.086222,-0.644000,-0.602716,0.853077,-0.565572,-0.288018,1.373771,-0.558250,-0.139349,1.345854,-0.617546,-0.134598,1.072611,-0.680970,-0.142988,0.842343,-0.630294,-0.420935,0.919400,-0.552598,-0.490073,0.529481,-0.583926,-0.541461,0.097605,-0.424992,-0.591889,0.016960,-0.603870,-0.264871,0.902897,-0.639330,-0.291507,0.501812,-0.928167,-0.302658,0.175613,-0.978554,-0.453214,0.079831,0.815323,-0.155467,0.059142
-0.602669,-0.343293,0.912034,-0.597329,-0.334356,1.007626,-0.580073,-0.329211,1.110644,-0.574120,-0.324622,1.205865,-0.568155,-0.321332,1.301031,-0.545552,-0.319452,1.435310,-0.507989,-0.318117,1.528223,-0.558517,-0.352083,1.377287,-0.574373,-0.501703,1.360028,-0.599672,-0.554458,1.086582,-0.620245,-0.602303,0.853335,-0.552280,-0.288608,1.375359,-0.551349,-0.139673,1.347920,-0.610401,-0.135471,1.074615,-0.672331,-0.144889,0.843975,-0.612522,-0.421792,0.920600,-0.539865,-0.488675,0.529319,-0.583521,-0.539800,0.098518,-0.425061,-0.591987,0.017740,-0.592749,-0.264676,0.904704,-0.611264,-0.285303,0.502109,-0.914244,-0.306485,0.189641,-0.950859,-0.453726,0.082389,0.772878,-0.103796,0.106424
-0.588979,-0.343004,0.913951,-0.583884,-0.334272,1.009575,-0.566504,-0.328897,1.112560,-0.560337,-0.324539,1.207777,-0.554016,-0.321496,1.302929,-0.530712,-0.319356,1.437085,-0.493054,-0.316945,1.529936,-0.542634,-0.352204,1.378914,-0.551994,-0.502346,1.361353,-0.575779,-0.553891,1.087535,-0.596140,-0.600895,0.854105,-0.539210,-0.288500,1.377304,-0.544649,-0.139575,1.350286,-0.603555,-0.136211,1.076941,-0.663489,-0.146586,0.845827,-0.595523,-0.421898,0.922155,-0.528628,-0.487102,0.529607,-0.582732,-0.538818,0.099954,-0.425054,-0.592038,0.018340,-0.582367,-0.263997,0.906985,-0.583785,-0.278226,0.503707,-0.896583,-0.309837,0.201424,-0.917329,-0.451602,0.083095,0.740338,-0.054577,0.145286
-0.576370,-0.341948,0.916370,-0.571074,-0.333531,1.012010,-0.553361,-0.327931,1.114925,-0.546866,-0.323756,1.210129,-0.540177,-0.320863,1.305260,-0.516293,-0.318276,1.439305,-0.478529,-0.314714,1.532074,-0.527102,-0.351389,1.381029,-0.530026,-0.501761,1.363228,-0.552363,-0.552544,1.089143,-0.571655,-0.598524,0.855411,-0.526478,-0.287595,1.379688,-0.538237,-0.138969,1.353074,-0.597189,-0.136892,1.079728,-0.654448,-0.148149,0.847987,-0.579663,-0.421084,0.924142,-0.519825,-0.485363,0.530323,-0.581450,-0.538778,0.101815,-0.424920,-0.592013,0.018488,-0.573005,-0.262700,0.909837,-0.556672,-0.270307,0.506805,-0.873589,-0.312595,0.209704,-0.875883,-0.445834,0.081959,0.717712,-0.020104,0.173825
-0.564519,-0.340274,0.919204,-0.558756,-0.332252,1.014851,-0.540569,-0.326418,1.117671,-0.533650,-0.322377,1.212850,-0.526550,-0.319545,1.307953,-0.502108,-0.316344,1.441885,-0.464211,-0.311567,1.534547,-0.511790,-0.349752,1.383553,-0.508332,-0.500088,1.365630,-0.529292,-0.550364,1.091344,-0.546820,-0.595159,0.857228,-0.513969,-0.285992,1.382429,-0.532026,-0.137943,1.356161,-0.591122,-0.137440,1.082837,-0.645203,-0.149508,0.850368,-0.564575,-0.419518,0.926483,-0.512520,-0.483450,0.531488,-0.579784,-0.539418,0.104199,-0.424710,-0.591940,0.018454,-0.564384,-0.260918,0.913162,-0.530145,-0.261516,0.511205,-0.846857,-0.314879,0.215740,-0.828601,-0.437429,0.078971,0.704991,0.011917,0.193944
-0.552919,-0.338298,0.922077,-0.546680,-0.330583,1.017721,-0.528035,-0.324438,1.120441,-0.520693,-0.320452,1.215592,-0.513185,-0.317606,1.310663,-0.488215,-0.313707,1.444479,-0.450229,-0.307675,1.537031,-0.496789,-0.347386,1.386128,-0.487155,-0.497453,1.368069,-0.506867,-0.547570,1.093662,-0.521838,-0.590955,0.859126,-0.501676,-0.283765,1.385188,-0.525892,-0.136520,1.359301,-0.585222,-0.137777,1.086032,-0.635936,-0.150765,0.852854,-0.549782,-0.417523,0.928905,-0.505744,-0.481355,0.532910,-0.577872,-0.540051,0.106809,-0.424536,-0.591876,0.018394,-0.555970,-0.258964,0.916487,-0.505188,-0.251754,0.516235,-0.817918,-0.316021,0.219106,-0.782002,-0.427987,0.075220,0.699366,0.047856,0.202497
-0.541525,-0.336214,0.924974,-0.534862,-0.328619,1.020599,-0.515808,-0.322035,1.123216,-0.508062,-0.318001,1.218332,-0.500154,-0.315064,1.313368,-0.474682,-0.310415,1.447065,-0.436669,-0.303075,1.539510,-0.482179,-0.344324,1.388737,-0.466608,-0.493867,1.370444,-0.485257,-0.544291,1.096018,-0.496671,-0.585980,0.860998,-0.489650,-0.280950,1.387959,-0.519872,-0.134738,1.362550,-0.579572,-0.137932,1.089381,-0.626656,-0.152118,0.855531,-0.535213,-0.415276,0.931447,-0.499199,-0.479061,0.534625,-0.575696,-0.540465,0.109652,-0.424447,-0.591847,0.018352,-0.547746,-0.257044,0.919736,-0.482181,-0.240640,0.521932,-0.786998,-0.316397,0.219465,-0.739285,-0.419264,0.070894,0.703239,0.092214,0.194865
-0.530382,-0.333829,0.927911,-0.523287,-0.326266,1.023507,-0.503840,-0.319164,1.126015,-0.495688,-0.315004,1.221092,-0.487384,-0.311901,1.316089,-0.461441,-0.306417,1.449665,-0.423444,-0.297731,1.542000,-0.467880,-0.340533,1.391398,-0.446580,-0.489320,1.372856,-0.464293,-0.540399,1.098491,-0.471356,-0.580166,0.862951,-0.477842,-0.277512,1.390748,-0.513930,-0.132559,1.365852,-0.574089,-0.137875,1.092815,-0.617355,-0.153369,0.858314,-0.520939,-0.412599,0.934068,-0.493184,-0.476585,0.536597,-0.573274,-0.540872,0.112720,-0.424394,-0.591827,0.018284,-0.539731,-0.254951,0.922985,-0.460743,-0.228556,0.528258,-0.753871,-0.315631,0.217155,-0.697251,-0.409502,0.065806,0.714208,0.140490,0.175667
-0.519123,-0.330885,0.930561,-0.511665,-0.323392,1.026135,-0.491888,-0.315776,1.128545,-0.483372,-0.311451,1.223582,-0.474701,-0.308117,1.318539,-0.448336,-0.301707,1.451990,-0.410423,-0.291707,1.544228,-0.453744,-0.336013,1.393798,-0.426976,-0.483907,1.375121,-0.443766,-0.535730,1.100840,-0.446212,-0.573456,0.864866,-0.466096,-0.273415,1.393233,-0.507832,-0.129899,1.368788,-0.568386,-0.137434,1.095890,-0.608185,-0.154021,0.860831,-0.506701,-0.409279,0.936368,-0.487624,-0.473973,0.538517,-0.570801,-0.541225,0.115696,-0.424344,-0.591801,0.018208,-0.531448,-0.252384,0.925982,-0.440718,-0.216547,0.534426,-0.719383,-0.311921,0.212766,-0.652816,-0.395031,0.060479,0.722258,0.185549,0.155608
-0.507519,-0.327276,0.932855,-0.499856,-0.319965,1.028428,-0.479878,-0.311878,1.130763,-0.471081,-0.307370,1.225768,-0.462109,-0.303747,1.320686,-0.435406,-0.296309,1.454016,-0.397669,-0.285058,1.546183,-0.439789,-0.330777,1.395904,-0.407835,-0.477652,1.377264,-0.423664,-0.530229,1.103070,-0.421254,-0.565811,0.866785,-0.454438,-0.268673,1.395373,-0.501593,-0.126778,1.371293,-0.562397,-0.136628,1.098527,-0.599121,-0.153996,0.863020,-0.492297,-0.405211,0.938237,-0.482709,-0.471222,0.540304,-0.568349,-0.541558,0.118467,-0.424280,-0.591759,0.018122,-0.522642,-0.249239,0.928699,-0.422141,-0.204866,0.540330,-0.683821,-0.304532,0.206058,-0.603991,-0.374672,0.054881,0.723691,0.224195,0.137838
-0.495799,-0.323108,0.934862,-0.487999,-0.316017,1.030440,-0.467884,-0.307462,1.132711,-0.458848,-0.302732,1.227683,-0.449603,-0.298758,1.322561,-0.422613,-0.290198,1.455768,-0.385119,-0.277730,1.547877,-0.425997,-0.324811,1.397751,-0.389118,-0.470531,1.379259,-0.403999,-0.523951,1.105176,-0.396465,-0.557270,0.868666,-0.442841,-0.263273,1.397209,-0.495198,-0.123175,1.373432,-0.556188,-0.135437,1.100806,-0.590190,-0.153373,0.864943,-0.477929,-0.400501,0.939785,-0.478248,-0.468335,0.542039,-0.565845,-0.541837,0.121147,-0.424219,-0.591711,0.018029,-0.513569,-0.245619,0.931165,-0.404977,-0.193261,0.546075,-0.646900,-0.294199,0.197271,-0.552766,-0.349605,0.049044,0.722204,0.259624,0.119208
-0.484277,-0.318440,0.936465,-0.476225,-0.311519,1.032033,-0.455896,-0.302456,1.134217,-0.446560,-0.297440,1.229143,-0.437001,-0.293047,1.323971,-0.409688,-0.283295,1.457029,-0.372448,-0.269629,1.549071,-0.412165,-0.318082,1.399124,-0.370618,-0.462573,1.380847,-0.384595,-0.516896,1.106893,-0.372113,-0.547899,0.870260,-0.431078,-0.257141,1.398542,-0.488378,-0.118943,1.374985,-0.549565,-0.133632,1.102522,-0.581621,-0.151889,0.866406,-0.463935,-0.395255,0.940940,-0.473600,-0.465368,0.543661,-0.563270,-0.541918,0.123752,-0.424173,-0.591674,0.017953,-0.504517,-0.241533,0.933214,-0.388969,-0.182020,0.551193,-0.608605,-0.281325,0.187718,-0.502031,-0.319696,0.043593,0.718869,0.294292,0.100976
-0.473108,-0.313239,0.937638,-0.464605,-0.306427,1.033176,-0.443923,-0.296814,1.135238,-0.434183,-0.291449,1.230104,-0.424234,-0.286572,1.324868,-0.396530,-0.275566,1.457746,-0.359553,-0.260709,1.549709,-0.398229,-0.310564,1.399970,-0.352241,-0.453739,1.381938,-0.365423,-0.509031,1.108139,-0.348266,-0.537585,0.871496,-0.419072,-0.250249,1.399323,-0.481082,-0.114071,1.375914,-0.542504,-0.131227,1.103650,-0.573660,-0.149403,0.867396,-0.450489,-0.389448,0.941680,-0.468606,-0.462363,0.545191,-0.560593,-0.541753,0.126305,-0.424147,-0.591650,0.017900,-0.495618,-0.236940,0.934820,-0.373881,-0.171022,0.555747,-0.568684,-0.266127,0.177438,-0.452878,-0.283446,0.038053,0.711516,0.329218,0.084473
-0.462137,-0.307538,0.938408,-0.453069,-0.300786,1.033898,-0.431955,-0.290583,1.135816,-0.421751,-0.284805,1.230610,-0.411370,-0.279375,1.325299,-0.383240,-0.267046,1.457973,-0.346538,-0.251016,1.549848,-0.384253,-0.302281,1.400343,-0.334081,-0.444069,1.382622,-0.346512,-0.500388,1.108997,-0.324855,-0.526441,0.872445,-0.406899,-0.242625,1.399602,-0.473361,-0.108568,1.376256,-0.535028,-0.128208,1.104217,-0.566062,-0.146056,0.867926,-0.437416,-0.383105,0.942027,-0.463425,-0.459277,0.546606,-0.557844,-0.541390,0.128785,-0.424136,-0.591636,0.017866,-0.486739,-0.231882,0.936011,-0.359949,-0.160389,0.559672,-0.527389,-0.248389,0.166391,-0.404214,-0.242355,0.032899,0.702315,0.363383,0.068368
-0.451216,-0.301493,0.938727,-0.441532,-0.294695,1.034153,-0.419952,-0.283826,1.135903,-0.409257,-0.277550,1.230611,-0.398423,-0.271490,1.325210,-0.369849,-0.257761,1.457651,-0.333392,-0.240594,1.549419,-0.370237,-0.293273,1.400190,-0.316206,-0.433701,1.382902,-0.327774,-0.491064,1.109458,-0.301938,-0.514867,0.873072,-0.394561,-0.234279,1.399323,-0.465097,-0.102313,1.375904,-0.527023,-0.124298,1.104099,-0.558318,-0.142009,0.867839,-0.424535,-0.376408,0.941981,-0.457901,-0.456033,0.547787,-0.555092,-0.540836,0.131147,-0.424145,-0.591639,0.017857,-0.477771,-0.226487,0.936695,-0.347619,-0.150771,0.562313,-0.485462,-0.227858,0.155774,-0.355647,-0.200784,0.030178,0.698850,0.396184,0.049928
-0.440420,-0.295260,0.938579,-0.430033,-0.288266,1.033914,-0.407924,-0.276613,1.135461,-0.396691,-0.269725,1.230062,-0.385368,-0.262929,1.324551,-0.356312,-0.247695,1.456719,-0.320041,-0.229423,1.548348,-0.356136,-0.283537,1.399454,-0.298640,-0.422670,1.382775,-0.309109,-0.481080,1.109510,-0.279459,-0.502960,0.873377,-0.382018,-0.225209,1.398423,-0.456214,-0.095294,1.374775,-0.518406,-0.119431,1.103212,-0.550330,-0.137287,0.867047,-0.411890,-0.369503,0.941535,-0.452225,-0.452786,0.548755,-0.552427,-0.540103,0.133332,-0.424186,-0.591668,0.017876,-0.468814,-0.220925,0.936843,-0.337543,-0.142436,0.563360,-0.442181,-0.203172,0.145375,-0.306017,-0.158748,0.030416,0.703538,0.423261,0.028799
-0.429674,-0.288683,0.937981,-0.418534,-0.281388,1.033208,-0.395861,-0.268875,1.134528,-0.384062,-0.261289,1.229007,-0.372231,-0.253680,1.323373,-0.342674,-0.236864,1.455238,-0.306560,-0.217523,1.546708,-0.341994,-0.273075,1.398192,-0.281359,-0.410943,1.382245,-0.290616,-0.470414,1.109165,-0.257475,-0.490624,0.873361,-0.369309,-0.215416,1.396966,-0.446788,-0.087522,1.372951,-0.509259,-0.113674,1.101640,-0.542195,-0.131865,0.865638,-0.399435,-0.362243,0.940695,-0.446207,-0.449380,0.549488,-0.549759,-0.539180,0.135398,-0.424246,-0.591713,0.017922,-0.459767,-0.215026,0.936485,-0.329070,-0.135118,0.563121,-0.398267,-0.175692,0.135406,-0.256484,-0.116231,0.033087,0.713962,0.448974,0.005335
-0.418613,-0.281445,0.936942,-0.406839,-0.273832,1.032071,-0.383687,-0.260468,1.133177,-0.371391,-0.252171,1.227534,-0.359107,-0.243735,1.321773,-0.329102,-0.225352,1.453330,-0.293153,-0.204990,1.544644,-0.327939,-0.261937,1.396531,-0.264359,-0.398555,1.381331,-0.272501,-0.459091,1.108447,-0.236209,-0.477967,0.872993,-0.356554,-0.204915,1.395088,-0.436937,-0.078914,1.370577,-0.499708,-0.106950,1.099522,-0.533705,-0.125831,0.863726,-0.386855,-0.354370,0.939474,-0.439116,-0.445275,0.549799,-0.546880,-0.538043,0.137478,-0.424286,-0.591756,0.018003,-0.450219,-0.208419,0.935627,-0.320696,-0.128669,0.561864,-0.356628,-0.149250,0.127695,-0.210123,-0.077552,0.038669,0.730453,0.485795,-0.022137
-0.407286,-0.273558,0.935404,-0.395032,-0.265623,1.030447,-0.371490,-0.251420,1.131347,-0.358762,-0.242390,1.225579,-0.346061,-0.233098,1.319680,-0.315626,-0.213132,1.450904,-0.279838,-0.191789,1.542058,-0.313996,-0.250104,1.394402,-0.247549,-0.385431,1.379937,-0.254897,-0.447046,1.107271,-0.215783,-0.464922,0.872182,-0.343775,-0.193683,1.392723,-0.426669,-0.069440,1.367548,-0.489729,-0.099199,1.096743,-0.524807,-0.119257,0.861207,-0.374227,-0.345913,0.937813,-0.431091,-0.440261,0.549579,-0.544032,-0.536607,0.139462,-0.424284,-0.591793,0.018152,-0.440191,-0.201099,0.934209,-0.312343,-0.123576,0.559423,-0.316987,-0.124083,0.123640,-0.166777,-0.043390,0.049448,0.755130,0.540321,-0.056232
-0.395644,-0.265010,0.933425,-0.383029,-0.256736,1.028391,-0.359182,-0.241702,1.129098,-0.346091,-0.231926,1.223205,-0.333028,-0.221766,1.317166,-0.302216,-0.200231,1.448052,-0.266599,-0.177955,1.539048,-0.300140,-0.237596,1.391873,-0.231021,-0.371647,1.378160,-0.237670,-0.434344,1.105722,-0.196075,-0.451557,0.871019,-0.330948,-0.181741,1.389937,-0.415975,-0.059129,1.363969,-0.479346,-0.090481,1.093416,-0.515554,-0.112070,0.858185,-0.361473,-0.336843,0.935772,-0.421992,-0.434547,0.548937,-0.540973,-0.534958,0.141460,-0.424261,-0.591828,0.018336,-0.429661,-0.193070,0.932290,-0.304089,-0.119353,0.555963,-0.279621,-0.099954,0.121844,-0.126605,-0.013066,0.063138,0.785874,0.605954,-0.094335
-0.383171,-0.255447,0.931198,-0.370386,-0.246864,1.026113,-0.346423,-0.231093,1.126681,-0.333153,-0.220654,1.220694,-0.319909,-0.209723,1.314545,-0.288957,-0.186801,1.445167,-0.253590,-0.163692,1.536054,-0.286429,-0.224519,1.389268,-0.215045,-0.357467,1.376305,-0.220628,-0.421199,1.104088,-0.176954,-0.438191,0.869748,-0.318132,-0.169174,1.387064,-0.404949,-0.047996,1.360287,-0.468754,-0.080895,1.090022,-0.505892,-0.104142,0.855091,-0.348036,-0.326814,0.933547,-0.410672,-0.428218,0.548015,-0.536766,-0.533331,0.143939,-0.424245,-0.591855,0.018473,-0.418152,-0.183969,0.930057,-0.294662,-0.114400,0.552241,-0.248265,-0.079972,0.119945,-0.093162,0.011148,0.073362,0.816660,0.675383,-0.130272
-0.369638,-0.244714,0.928699,-0.356885,-0.235882,1.023598,-0.333019,-0.219495,1.124093,-0.319782,-0.208496,1.218049,-0.306574,-0.196913,1.311830,-0.275770,-0.172820,1.442279,-0.240755,-0.148969,1.533112,-0.272800,-0.210857,1.386596,-0.199683,-0.342949,1.374428,-0.203607,-0.407663,1.102416,-0.158375,-0.424862,0.868374,-0.305237,-0.155947,1.384107,-0.393433,-0.035945,1.356495,-0.458024,-0.070406,1.086614,-0.495734,-0.095386,0.851952,-0.333697,-0.315682,0.931105,-0.396928,-0.421230,0.546743,-0.531710,-0.531876,0.147066,-0.424246,-0.591862,0.018500,-0.405427,-0.173631,0.927501,-0.283514,-0.108363,0.548420,-0.225090,-0.065672,0.117396,-0.068591,0.027702,0.078540,0.848542,0.752900,-0.166841
-0.355275,-0.232966,0.925951,-0.342744,-0.223916,1.020860,-0.319165,-0.207006,1.121337,-0.306143,-0.195530,1.215266,-0.293152,-0.183393,1.309006,-0.262734,-0.158311,1.439359,-0.228151,-0.133816,1.530185,-0.259317,-0.196626,1.383848,-0.184872,-0.328035,1.372472,-0.186770,-0.393684,1.100659,-0.140383,-0.411531,0.866891,-0.292353,-0.142093,1.381063,-0.381585,-0.023072,1.352600,-0.447085,-0.059048,1.083138,-0.485167,-0.085888,0.848741,-0.318675,-0.303590,0.928480,-0.380962,-0.413626,0.545191,-0.525506,-0.530444,0.150674,-0.424254,-0.591862,0.018479,-0.391723,-0.162221,0.924630,-0.271194,-0.101597,0.544338,-0.207925,-0.055520,0.114743,-0.050750,0.038145,0.080251,0.880466,0.834211,-0.201244
-0.340253,-0.220313,0.923209,-0.328170,-0.211037,1.018151,-0.305101,-0.193694,1.118669,-0.292505,-0.181854,1.212608,-0.279934,-0.169312,1.306351,-0.250172,-0.143499,1.436710,-0.216104,-0.118535,1.527602,-0.246225,-0.181986,1.381331,-0.170695,-0.312824,1.370578,-0.170414,-0.379329,1.098966,-0.122973,-0.398399,0.865519,-0.279795,-0.127799,1.378264,-0.369970,-0.009672,1.349080,-0.435914,-0.047023,1.079911,-0.474399,-0.075775,0.845808,-0.303076,-0.290626,0.925972,-0.362233,-0.405618,0.543715,-0.516313,-0.528825,0.154732,-0.424258,-0.591892,0.018510,-0.377283,-0.149876,0.921655,-0.258076,-0.093566,0.540269,-0.193992,-0.048020,0.111268,-0.036763,0.044849,0.076861,0.903255,0.899123,-0.218922
-0.324244,-0.206581,0.920241,-0.312999,-0.196998,1.015249,-0.290805,-0.179320,1.115899,-0.278965,-0.167262,1.209904,-0.267125,-0.154528,1.303713,-0.238423,-0.128369,1.434236,-0.204976,-0.103187,1.525299,-0.233801,-0.166870,1.378959,-0.157462,-0.297274,1.368574,-0.154650,-0.364632,1.097198,-0.106038,-0.385679,0.864172,-0.267822,-0.112978,1.375635,-0.358907,0.004351,1.346032,-0.424527,-0.034364,1.076976,-0.463510,-0.065118,0.843213,-0.286635,-0.276647,0.923482,-0.340334,-0.398004,0.542414,-0.502757,-0.527415,0.158733,-0.424658,-0.591956,0.017521,-0.361716,-0.136389,0.918210,-0.244037,-0.083904,0.535806,-0.182832,-0.043246,0.105889,-0.026234,0.047366,0.065100,0.913107,0.943080,-0.210379
-0.307576,-0.191945,0.917280,-0.297394,-0.182046,1.012375,-0.276300,-0.164124,1.113219,-0.265425,-0.151959,1.207327,-0.254520,-0.139183,1.301242,-0.227149,-0.112937,1.432033,-0.194405,-0.087711,1.523339,-0.221770,-0.151346,1.376818,-0.144863,-0.281427,1.366632,-0.139368,-0.349559,1.095495,-0.089686,-0.373157,0.862935,-0.256175,-0.097716,1.373250,-0.348078,0.018900,1.343359,-0.412907,-0.021037,1.074290,-0.452420,-0.053847,0.840896,-0.269616,-0.261794,0.921109,-0.315671,-0.389986,0.541188,-0.486213,-0.525820,0.163184,-0.425055,-0.592051,0.016584,-0.345411,-0.121966,0.914660,-0.229200,-0.072979,0.531355,-0.174905,-0.041123,0.099686,-0.019560,0.046143,0.048237,0.913822,0.970636,-0.185111
-0.291408,-0.177035,0.915276,-0.282052,-0.166995,1.010448,-0.261895,-0.148900,1.111459,-0.251856,-0.136673,1.205656,-0.241788,-0.123860,1.299664,-0.215658,-0.097481,1.430686,-0.183637,-0.072218,1.522238,-0.209547,-0.135771,1.375464,-0.132038,-0.265498,1.365412,-0.124532,-0.334070,1.094421,-0.074234,-0.360390,0.862282,-0.244400,-0.082454,1.371674,-0.337090,0.033390,1.341247,-0.400988,-0.007143,1.072044,-0.441100,-0.041878,0.839027,-0.252923,-0.246574,0.919451,-0.288922,-0.379375,0.540093,-0.468961,-0.522639,0.169567,-0.424243,-0.592196,0.019009,-0.329778,-0.107366,0.912312,-0.214310,-0.061356,0.528411,-0.168814,-0.039929,0.095187,-0.015049,0.044894,0.034435,0.907628,0.975259,-0.157045
-0.276339,-0.161900,0.914710,-0.267268,-0.152018,1.009931,-0.247685,-0.133829,1.111041,-0.238196,-0.121570,1.205293,-0.228760,-0.108671,1.299356,-0.203689,-0.081983,1.430522,-0.172421,-0.056656,1.522315,-0.196900,-0.120138,1.375188,-0.118753,-0.249490,1.365232,-0.110133,-0.318220,1.094298,-0.059615,-0.347446,0.862554,-0.232334,-0.067230,1.371189,-0.325707,0.047754,1.339635,-0.388727,0.007743,1.070144,-0.429579,-0.029006,0.837568,-0.236934,-0.230921,0.918743,-0.259506,-0.365073,0.538994,-0.451809,-0.517658,0.178907,-0.423206,-0.593923,0.027196,-0.315630,-0.092755,0.911895,-0.198944,-0.048648,0.528108,-0.164461,-0.039380,0.093758,-0.012791,0.044846,0.026955,0.890944,0.940985,-0.133413
-0.261771,-0.146492,0.915101,-0.252746,-0.136941,1.010360,-0.233575,-0.118730,1.111544,-0.224507,-0.106483,1.205838,-0.215606,-0.093505,1.299941,-0.191503,-0.066461,1.431214,-0.161007,-0.041078,1.523250,-0.184062,-0.104456,1.375698,-0.105243,-0.233401,1.365774,-0.096179,-0.301954,1.094805,-0.045896,-0.334257,0.863411,-0.220139,-0.052005,1.371512,-0.314166,0.062059,1.338584,-0.376167,0.023195,1.068685,-0.417829,-0.015437,0.836558,-0.221271,-0.214900,0.918750,-0.228004,-0.348177,0.538026,-0.433949,-0.511092,0.190179,-0.420959,-0.595701,0.038746,-0.302153,-0.077967,0.912680,-0.183525,-0.035244,0.529311,-0.161944,-0.039761,0.094032,-0.012697,0.044772,0.022537,0.867350,0.883777,-0.106984
-0.247068,-0.131294,0.915954,-0.238301,-0.122057,1.011264,-0.219595,-0.103851,1.112533,-0.210940,-0.091632,1.206869,-0.202501,-0.078600,1.301007,-0.179198,-0.051250,1.432362,-0.149392,-0.025752,1.524594,-0.171149,-0.089108,1.376680,-0.091354,-0.217438,1.366736,-0.082661,-0.285067,1.095540,-0.033601,-0.320179,0.864299,-0.207854,-0.037105,1.372361,-0.302785,0.075923,1.338464,-0.363364,0.037833,1.068133,-0.405736,-0.001705,0.836282,-0.205705,-0.199211,0.919361,-0.196841,-0.329797,0.537645,-0.415242,-0.502194,0.201790,-0.413343,-0.592960,0.049769,-0.288315,-0.063265,0.913783,-0.170059,-0.022870,0.530108,-0.160160,-0.040207,0.094439,-0.012806,0.044703,0.019560,0.849809,0.844988,-0.069992
-0.231848,-0.116382,0.917173,-0.223824,-0.107422,1.012569,-0.205740,-0.089270,1.113960,-0.197530,-0.077107,1.208342,-0.189450,-0.064060,1.302511,-0.166658,-0.036479,1.433911,-0.137398,-0.010778,1.526263,-0.158068,-0.074254,1.378094,-0.076679,-0.201556,1.368063,-0.069779,-0.267004,1.096313,-0.023390,-0.304531,0.864917,-0.195377,-0.022677,1.373738,-0.291719,0.089071,1.339615,-0.350098,0.050824,1.068833,-0.393252,0.011952,0.837011,-0.190125,-0.184083,0.920647,-0.166490,-0.310079,0.538074,-0.395942,-0.490717,0.214213,-0.399054,-0.584651,0.059751,-0.273466,-0.048569,0.914941,-0.159413,-0.012010,0.529658,-0.158958,-0.040486,0.094411,-0.012518,0.044637,0.017868,0.845759,0.847740,-0.011402
-0.216494,-0.101680,0.918854,-0.209423,-0.092980,1.014349,-0.192014,-0.074910,1.115873,-0.184241,-0.062819,1.210301,-0.176448,-0.049783,1.304495,-0.153997,-0.022018,1.435915,-0.125203,0.003944,1.528340,-0.144913,-0.059735,1.379978,-0.061624,-0.185801,1.369811,-0.057332,-0.248321,1.097315,-0.014602,-0.287994,0.865568,-0.182809,-0.008573,1.375641,-0.280814,0.101778,1.341697,-0.336590,0.063001,1.070441,-0.380425,0.025772,0.838475,-0.174642,-0.169287,0.922538,-0.136479,-0.288877,0.539090,-0.375794,-0.476908,0.226976,-0.379396,-0.571824,0.069207,-0.258254,-0.033960,0.916419,-0.150720,-0.002181,0.528802,-0.158488,-0.040831,0.094515,-0.012433,0.044577,0.017617,0.847763,0.868911,0.057751
-0.201518,-0.087450,0.920792,-0.195238,-0.078854,1.016358,-0.178458,-0.060780,1.117988,-0.171122,-0.048725,1.212456,-0.163660,-0.035703,1.306678,-0.141653,-0.007815,1.438144,-0.113338,0.018438,1.530633,-0.132081,-0.045463,1.382133,-0.047252,-0.170517,1.371840,-0.044709,-0.230473,1.098713,-0.005770,-0.271968,0.866601,-0.170497,0.005320,1.377787,-0.269919,0.114486,1.344062,-0.323554,0.075488,1.072394,-0.367289,0.039932,0.840149,-0.159364,-0.154846,0.924709,-0.107810,-0.266855,0.540481,-0.353895,-0.460750,0.237060,-0.354112,-0.553058,0.075787,-0.243592,-0.019940,0.918129,-0.143398,0.006342,0.528156,-0.158102,-0.041074,0.094884,-0.012393,0.044557,0.017645,0.846467,0.880494,0.112130
-0.187156,-0.073865,0.923044,-0.181313,-0.065135,1.018628,-0.165067,-0.046911,1.120318,-0.158175,-0.034832,1.214817,-0.151157,-0.021820,1.309073,-0.129845,0.006115,1.440642,-0.102073,0.032713,1.533196,-0.119766,-0.031447,1.384619,-0.034102,-0.155931,1.374220,-0.031507,-0.214078,1.100693,0.003460,-0.256977,0.868224,-0.158603,0.019008,1.380194,-0.258974,0.127347,1.346594,-0.311409,0.088815,1.074619,-0.353871,0.054548,0.841945,-0.144343,-0.140827,0.927168,-0.081121,-0.244348,0.542224,-0.330266,-0.442194,0.243508,-0.322081,-0.526859,0.078282,-0.229893,-0.006785,0.920174,-0.137471,0.013223,0.527959,-0.157601,-0.041166,0.095635,-0.012362,0.044598,0.017660,0.834241,0.870307,0.142370
-0.173172,-0.060752,0.925554,-0.167603,-0.051732,1.021126,-0.151845,-0.033273,1.122851,-0.145397,-0.021134,1.217373,-0.138869,-0.008136,1.311667,-0.118353,0.019788,1.443365,-0.091137,0.046761,1.535975,-0.107774,-0.017677,1.387375,-0.021635,-0.141817,1.376882,-0.018128,-0.198517,1.103068,0.012734,-0.242497,0.870229,-0.146964,0.032485,1.382843,-0.248039,0.140210,1.349409,-0.299736,0.102452,1.077188,-0.340142,0.069503,0.843952,-0.129526,-0.127161,0.929907,-0.055775,-0.221023,0.544342,-0.304887,-0.421290,0.247278,-0.284424,-0.494720,0.077901,-0.216742,0.005780,0.922452,-0.132915,0.018799,0.527972,-0.157184,-0.041155,0.096651,-0.012376,0.044680,0.017954,0.818716,0.850532,0.157837
-0.159372,-0.047856,0.927952,-0.154113,-0.038499,1.023508,-0.138845,-0.019782,1.125260,-0.132822,-0.007573,1.219801,-0.126748,0.005409,1.314128,-0.106958,0.033301,1.445945,-0.080255,0.060583,1.538616,-0.095919,-0.004037,1.390015,-0.009307,-0.127833,1.379476,-0.005162,-0.183401,1.105440,0.022457,-0.228357,0.872352,-0.135441,0.045849,1.385394,-0.237142,0.153054,1.352214,-0.288004,0.115933,1.079754,-0.326052,0.084626,0.845904,-0.114860,-0.113670,0.932580,-0.030869,-0.196536,0.546690,-0.276793,-0.398168,0.248226,-0.244261,-0.459705,0.075934,-0.203813,0.018084,0.924572,-0.129071,0.023797,0.528090,-0.156797,-0.041022,0.097707,-0.012388,0.044778,0.018246,0.813432,0.829705,0.161297
-0.145721,-0.035176,0.930200,-0.140868,-0.025436,1.025738,-0.126108,-0.006440,1.127513,-0.120492,0.005851,1.222068,-0.114820,0.018821,1.316422,-0.095645,0.046673,1.448339,-0.069397,0.074157,1.541081,-0.084198,0.009503,1.392506,0.002978,-0.113902,1.382018,0.007073,-0.168672,1.107819,0.032753,-0.214638,0.874687,-0.124038,0.059130,1.387822,-0.226319,0.165909,1.355043,-0.276020,0.128930,1.082349,-0.311495,0.099707,0.847836,-0.100350,-0.100374,0.935175,-0.005854,-0.170404,0.549306,-0.245267,-0.372745,0.246008,-0.202211,-0.422539,0.072356,-0.191025,0.030152,0.926468,-0.126018,0.028251,0.528293,-0.156477,-0.040739,0.098705,-0.012337,0.044853,0.018456,0.828838,0.808332,0.149395
-0.132255,-0.022714,0.932337,-0.127844,-0.012543,1.027852,-0.113592,0.006756,1.129642,-0.108365,0.019137,1.224208,-0.103060,0.032093,1.318584,-0.084429,0.059885,1.450591,-0.058592,0.087506,1.543407,-0.072614,0.022913,1.394882,0.015124,-0.100101,1.384493,0.018895,-0.154386,1.110195,0.043497,-0.201260,0.877139,-0.112751,0.072299,1.390151,-0.215535,0.178747,1.357862,-0.263976,0.141770,1.084941,-0.296576,0.114957,0.849714,-0.085991,-0.087253,0.937703,0.018720,-0.143111,0.552152,-0.211026,-0.345104,0.240968,-0.157655,-0.382497,0.067192,-0.178457,0.041958,0.928207,-0.123678,0.032128,0.528601,-0.156188,-0.040335,0.099743,-0.012283,0.044945,0.018663,0.854485,0.785906,0.125485
-0.118891,-0.010220,0.934112,-0.114974,0.000326,1.029609,-0.101223,0.019894,1.131416,-0.096347,0.032340,1.225993,-0.091341,0.045265,1.320390,-0.073134,0.072982,1.452473,-0.047656,0.100697,1.545360,-0.060993,0.036221,1.396855,0.027394,-0.086328,1.386502,0.030664,-0.140320,1.112143,0.054718,-0.187812,0.879164,-0.101431,0.085361,1.392118,-0.204709,0.191467,1.360279,-0.251916,0.154972,1.087080,-0.281550,0.130825,0.851175,-0.071706,-0.074056,0.939861,0.042103,-0.115775,0.554973,-0.175257,-0.315626,0.233990,-0.111849,-0.340467,0.061799,-0.166019,0.053752,0.929595,-0.121158,0.036063,0.528966,-0.155772,-0.039873,0.100891,-0.012363,0.045145,0.018823,0.872570,0.769448,0.102401
-0.105590,0.002385,0.935481,-0.102267,0.013197,1.030969,-0.089024,0.032963,1.132806,-0.084458,0.045422,1.227397,-0.079673,0.058280,1.321815,-0.061735,0.085893,1.453957,-0.036562,0.113639,1.546918,-0.049312,0.049366,1.398372,0.039851,-0.072613,1.387966,0.042394,-0.126500,1.113581,0.066550,-0.174246,0.880662,-0.090064,0.098250,1.393691,-0.193844,0.203973,1.362212,-0.239910,0.168722,1.088657,-0.266527,0.147519,0.852119,-0.057451,-0.060697,0.941588,0.064085,-0.088673,0.557802,-0.138106,-0.284604,0.224918,-0.064956,-0.296756,0.056397,-0.153681,0.065604,0.930603,-0.118174,0.040275,0.529430,-0.155152,-0.039364,0.102221,-0.012690,0.045572,0.018939,0.875677,0.762084,0.086580
-0.092390,0.015021,0.936489,-0.089715,0.026046,1.031973,-0.076972,0.045975,1.133842,-0.072678,0.058420,1.228446,-0.068046,0.071195,1.322883,-0.050257,0.098689,1.455070,-0.025337,0.126424,1.548102,-0.037594,0.062408,1.399487,0.052432,-0.058927,1.388965,0.054070,-0.112899,1.114590,0.078857,-0.160611,0.881733,-0.078664,0.111032,1.394901,-0.182939,0.216362,1.363742,-0.227888,0.182835,1.089783,-0.251398,0.164832,0.852646,-0.043270,-0.047264,0.942944,0.084876,-0.061528,0.560605,-0.099426,-0.251745,0.213908,-0.016813,-0.251057,0.050767,-0.141472,0.077444,0.931260,-0.115010,0.044545,0.529952,-0.154406,-0.038798,0.103660,-0.013150,0.046107,0.019008,0.871222,0.760688,0.071583
-0.079318,0.027699,0.937022,-0.077230,0.038941,1.032496,-0.064925,0.059050,1.134384,-0.060845,0.071502,1.228997,-0.056309,0.084217,1.323447,-0.038593,0.111628,1.455660,-0.013878,0.139388,1.548739,-0.025724,0.075560,1.400064,0.065212,-0.045074,1.389339,0.066006,-0.099214,1.114993,0.091269,-0.146644,0.882131,-0.067113,0.123921,1.395586,-0.171909,0.228818,1.364727,-0.215679,0.197276,1.090344,-0.236090,0.182595,0.852689,-0.029220,-0.033767,0.943800,0.104364,-0.034625,0.563029,-0.059964,-0.216551,0.202314,0.031808,-0.203343,0.045611,-0.129389,0.089304,0.931467,-0.111621,0.048852,0.530362,-0.153609,-0.038217,0.105064,-0.013539,0.046494,0.018969,0.863649,0.762894,0.050927
-0.066424,0.040346,0.937031,-0.064828,0.051858,1.032483,-0.052880,0.072197,1.134367,-0.048943,0.084698,1.228980,-0.044440,0.097391,1.323435,-0.026717,0.124768,1.455654,-0.002159,0.152619,1.548748,-0.013679,0.088864,1.400034,0.078239,-0.030988,1.388975,0.078340,-0.085455,1.114693,0.103669,-0.132242,0.881710,-0.055394,0.136952,1.395670,-0.160766,0.241355,1.365107,-0.203238,0.212104,1.090275,-0.220574,0.200864,0.852194,-0.015331,-0.020255,0.944121,0.122415,-0.007874,0.565034,-0.019647,-0.178753,0.190069,0.081236,-0.153521,0.040788,-0.117496,0.101090,0.931163,-0.107987,0.053116,0.530586,-0.152799,-0.037652,0.106348,-0.013759,0.046597,0.018780,0.852508,0.767496,0.019589
-0.053658,0.053035,0.936565,-0.052492,0.064821,1.031989,-0.040840,0.085408,1.133857,-0.036988,0.097978,1.228465,-0.032462,0.110672,1.322918,-0.014654,0.138051,1.455125,0.009794,0.166030,1.548210,-0.001483,0.102277,1.399467,0.091466,-0.016736,1.387985,0.090932,-0.071612,1.113786,0.116172,-0.117510,0.880617,-0.043523,0.150090,1.395229,-0.149498,0.253960,1.364941,-0.190611,0.227260,1.089642,-0.204879,0.219583,0.851215,-0.001573,-0.006680,0.943942,0.139162,0.018635,0.566659,0.021452,-0.138620,0.177240,0.131143,-0.101684,0.036439,-0.105728,0.112897,0.930408,-0.104129,0.057417,0.530698,-0.151940,-0.037072,0.107597,-0.013907,0.046552,0.018483,0.838250,0.775701,-0.017409
-0.040905,0.065992,0.935655,-0.040091,0.077981,1.031058,-0.028673,0.098781,1.132910,-0.024867,0.111418,1.227510,-0.020290,0.124132,1.321958,-0.002373,0.151559,1.454141,0.022009,0.179695,1.547195,0.010916,0.115887,1.398444,0.104832,-0.002327,1.386547,0.103682,-0.057353,1.112381,0.128757,-0.102502,0.879046,-0.031439,0.163431,1.394320,-0.137990,0.266777,1.364258,-0.177765,0.242539,1.088529,-0.189020,0.238413,0.849848,0.012087,0.007099,0.943242,0.154888,0.044334,0.567670,0.062371,-0.096460,0.165383,0.179780,-0.048082,0.033699,-0.093886,0.125035,0.929287,-0.100063,0.061973,0.530759,-0.151000,-0.036418,0.108919,-0.014072,0.046502,0.018138,0.826668,0.788758,-0.051482
-0.028154,0.079266,0.934239,-0.027609,0.091342,1.029633,-0.016365,0.112301,1.131472,-0.012572,0.124998,1.226065,-0.007928,0.137760,1.320503,0.010110,0.165305,1.452645,0.034470,0.193642,1.545643,0.023506,0.129697,1.396916,0.118306,0.012229,1.384638,0.116521,-0.042510,1.110418,0.141325,-0.087188,0.876963,-0.019151,0.176979,1.392882,-0.126235,0.279819,1.362976,-0.164625,0.257869,1.086860,-0.172897,0.257300,0.848028,0.025613,0.021090,0.941934,0.169731,0.069192,0.568068,0.103069,-0.052177,0.154647,0.227088,0.007570,0.032932,-0.081916,0.137593,0.927763,-0.095846,0.066762,0.530750,-0.149958,-0.035733,0.110281,-0.014312,0.046492,0.017696,0.819557,0.807347,-0.079875
-0.015417,0.092808,0.932379,-0.015061,0.104898,1.027772,-0.003931,0.125984,1.129597,-0.000110,0.138739,1.224181,0.004628,0.151567,1.318606,0.022811,0.179276,1.450693,0.047192,0.207844,1.543616,0.036298,0.143704,1.394931,0.131919,0.026943,1.382280,0.129517,-0.027251,1.107956,0.153975,-0.071599,0.874403,-0.006650,0.190731,1.390978,-0.114239,0.293073,1.361177,-0.151265,0.273322,1.084712,-0.156610,0.276298,0.845819,0.039042,0.035285,0.940105,0.183554,0.093241,0.567851,0.143587,-0.005867,0.144882,0.273125,0.064987,0.033773,-0.069872,0.150482,0.925873,-0.091422,0.071805,0.530689,-0.148835,-0.034975,0.111717,-0.014569,0.046476,0.017207,0.815122,0.830789,-0.105344
-0.002606,0.106700,0.930296,-0.002352,0.118787,1.025689,0.008725,0.139979,1.127498,0.012610,0.152778,1.222073,0.017465,0.165662,1.316484,0.035814,0.193515,1.448518,0.060248,0.222289,1.541364,0.049371,0.157985,1.392710,0.145700,0.041841,1.379723,0.142766,-0.011749,1.105285,0.166976,-0.055878,0.871663,0.006158,0.204777,1.388844,-0.101908,0.306644,1.359137,-0.137875,0.288898,1.082391,-0.140475,0.295227,0.843507,0.052509,0.049805,0.937995,0.196220,0.116011,0.566780,0.183073,0.041880,0.137188,0.316312,0.123063,0.036259,-0.057720,0.163747,0.923817,-0.086642,0.077392,0.530696,-0.147662,-0.033951,0.113439,-0.014753,0.046467,0.016880,0.813783,0.858297,-0.127570
0.010184,0.120899,0.928051,0.010471,0.132971,1.023446,0.021585,0.154259,1.125231,0.025592,0.167101,1.219795,0.030598,0.180039,1.314191,0.049144,0.208032,1.446168,0.073679,0.236990,1.538929,0.062749,0.172548,1.390290,0.159608,0.056868,1.377079,0.156279,0.003974,1.102510,0.180421,-0.040100,0.868871,0.019301,0.219131,1.386517,-0.089206,0.320541,1.356859,-0.124470,0.304656,1.079907,-0.124465,0.314195,0.841119,0.065949,0.064627,0.935639,0.207466,0.136979,0.564660,0.222068,0.092145,0.131980,0.356615,0.182544,0.040247,-0.045580,0.177323,0.921685,-0.081693,0.083423,0.530910,-0.146507,-0.032667,0.115506,-0.014812,0.046472,0.016848,0.814958,0.891002,-0.146699
0.023047,0.135448,0.925582,0.023454,0.147487,1.020981,0.034665,0.168850,1.122740,0.038832,0.181721,1.217293,0.044013,0.194704,1.311673,0.062775,0.222817,1.443594,0.087445,0.251933,1.536271,0.076408,0.187386,1.387634,0.173683,0.072078,1.374235,0.170046,0.019940,1.099525,0.194217,-0.024191,0.865899,0.032751,0.233778,1.383960,-0.076168,0.334756,1.354340,-0.111035,0.320538,1.077252,-0.108606,0.333095,0.838627,0.079428,0.079774,0.933003,0.217556,0.156668,0.561686,0.260031,0.143848,0.128843,0.394069,0.242683,0.045880,-0.033333,0.191274,0.919387,-0.076387,0.089998,0.531193,-0.145302,-0.031119,0.117860,-0.014799,0.046483,0.016979,0.819229,0.927774,-0.162586
0.036348,0.150562,0.922928,0.036831,0.162581,1.018329,0.048112,0.183978,1.120073,0.052415,0.196824,1.214624,0.057752,0.209775,1.308999,0.076714,0.237879,1.440893,0.101497,0.267066,1.533517,0.090359,0.202552,1.384845,0.188078,0.087665,1.371099,0.184128,0.036048,1.096293,0.208358,-0.008071,0.862671,0.046510,0.248771,1.381306,-0.062805,0.349365,1.351848,-0.097712,0.336365,1.074705,-0.093292,0.351412,0.836239,0.093284,0.095435,0.930221,0.227148,0.176182,0.558207,0.294502,0.193161,0.127633,0.427201,0.300131,0.053618,-0.020586,0.205839,0.916861,-0.070016,0.097704,0.531250,-0.143873,-0.029100,0.120540,-0.014784,0.046491,0.017084,0.828762,0.964433,-0.174474
0.050215,0.166227,0.919982,0.050706,0.178287,1.015378,0.062009,0.199698,1.117117,0.066404,0.212474,1.211674,0.071861,0.225318,1.306058,0.090982,0.253268,1.437963,0.115833,0.282422,1.530579,0.104616,0.218099,1.381847,0.202858,0.103722,1.367567,0.198512,0.052154,1.092758,0.222912,0.008224,0.859118,0.060599,0.264169,1.378471,-0.049070,0.364478,1.349352,-0.084544,0.352028,1.072252,-0.078568,0.369049,0.833939,0.107637,0.111595,0.927228,0.235995,0.195409,0.553976,0.325582,0.239795,0.129538,0.455826,0.355434,0.065574,-0.007203,0.221009,0.913962,-0.062475,0.106437,0.531012,-0.142290,-0.026771,0.123452,-0.014792,0.046492,0.017091,0.845744,0.997131,-0.183400
0.064520,0.182456,0.916850,0.064975,0.194571,1.012240,0.076271,0.215954,1.113985,0.080736,0.228606,1.208556,0.086293,0.241268,1.302959,0.105559,0.268933,1.434904,0.130455,0.297969,1.527546,0.119166,0.233973,1.378716,0.217957,0.120156,1.363742,0.213212,0.068402,1.088976,0.237810,0.024731,0.855309,0.074997,0.279913,1.375538,-0.035011,0.379985,1.346882,-0.071488,0.367635,1.069909,-0.064389,0.386104,0.831741,0.122367,0.128269,0.924089,0.244344,0.214461,0.549240,0.353170,0.284039,0.133369,0.480128,0.408045,0.079636,0.006679,0.236793,0.910835,-0.053870,0.116302,0.530549,-0.140483,-0.023973,0.126691,-0.014798,0.046490,0.017073,0.867988,1.029717,-0.188326
0.079244,0.199502,0.913884,0.079555,0.211577,1.009279,0.090795,0.232804,1.111063,0.095302,0.245206,1.205663,0.100960,0.257550,1.300102,0.120389,0.284734,1.432121,0.145320,0.313553,1.524820,0.133976,0.250071,1.375788,0.233325,0.136881,1.359842,0.228319,0.085126,1.085082,0.252841,0.041631,0.851374,0.089645,0.295871,1.372886,-0.020783,0.395638,1.344796,-0.058559,0.383334,1.068000,-0.051016,0.402363,0.829898,0.137452,0.145702,0.921138,0.253595,0.234778,0.545088,0.374489,0.322935,0.135416,0.499184,0.452980,0.089930,0.021040,0.253452,0.907855,-0.043805,0.128201,0.529781,-0.138069,-0.020023,0.130581,-0.014804,0.046486,0.017061,0.891103,1.069556,-0.185386
0.094437,0.217329,0.911172,0.094401,0.229273,1.006584,0.105486,0.250209,1.108446,0.109988,0.262230,1.203097,0.115741,0.274110,1.297590,0.135378,0.300594,1.429720,0.160356,0.329100,1.522504,0.148964,0.266332,1.373147,0.248844,0.153815,1.355847,0.243824,0.102358,1.081030,0.267998,0.058927,0.847271,0.104466,0.311992,1.370613,-0.006458,0.411390,1.343162,-0.045803,0.399301,1.066575,-0.038507,0.417752,0.828406,0.152917,0.163836,0.918525,0.264267,0.257187,0.542079,0.387426,0.355440,0.134427,0.512335,0.487775,0.095205,0.035956,0.270970,0.905043,-0.032369,0.141684,0.528877,-0.135406,-0.015306,0.135256,-0.014812,0.046479,0.017097,0.918227,1.124106,-0.168903
0.110047,0.235973,0.908627,0.109559,0.247691,1.004068,0.120438,0.268209,1.106038,0.124908,0.279721,1.200756,0.130757,0.291002,1.295318,0.150620,0.316590,1.427594,0.175635,0.344685,1.520494,0.164214,0.282817,1.370709,0.264633,0.171039,1.351777,0.259738,0.120066,1.076867,0.283289,0.076616,0.843042,0.119537,0.328328,1.368622,0.008035,0.427288,1.341912,-0.033175,0.415359,1.065585,-0.026805,0.432345,0.827267,0.168737,0.182727,0.916101,0.275841,0.280861,0.539654,0.394095,0.382598,0.131655,0.520240,0.514894,0.096712,0.051351,0.289362,0.902378,-0.019474,0.157201,0.527668,-0.132137,-0.009438,0.140582,-0.014820,0.046471,0.017139,0.946223,1.185909,-0.144553
0.125899,0.255792,0.906343,0.125084,0.267071,1.001832,0.135825,0.286973,1.103937,0.140305,0.297801,1.198732,0.146266,0.308319,1.293372,0.166341,0.332806,1.425822,0.191334,0.360382,1.518882,0.179938,0.299605,1.368560,0.280996,0.188713,1.347902,0.276179,0.138481,1.072855,0.298528,0.094872,0.838951,0.135028,0.344904,1.366996,0.022754,0.443221,1.341198,-0.020556,0.431124,1.065203,-0.015994,0.446148,0.826739,0.184815,0.202791,0.913744,0.288158,0.304748,0.537233,0.398059,0.404578,0.127141,0.523958,0.536742,0.092329,0.066973,0.308931,0.900168,-0.004467,0.177007,0.525569,-0.126802,-0.000589,0.146477,-0.014829,0.046464,0.017100,0.961281,1.239953,-0.125496
0.142037,0.277433,0.904251,0.141219,0.287942,0.999825,0.151983,0.306915,1.102099,0.156552,0.316779,1.196989,0.162631,0.326274,1.291724,0.182838,0.349326,1.424403,0.207709,0.376193,1.517699,0.196403,0.316792,1.366663,0.298109,0.206824,1.344237,0.293320,0.157666,1.068997,0.313714,0.113733,0.834978,0.151205,0.361823,1.365724,0.037959,0.459322,1.341080,-0.007851,0.446562,1.065528,-0.006192,0.459138,0.826906,0.201216,0.224667,0.911195,0.301122,0.328975,0.534378,0.399315,0.420512,0.119812,0.521400,0.553659,0.078205,0.082853,0.330331,0.898538,0.013477,0.201920,0.522183,-0.118396,0.011602,0.152706,-0.015108,0.046371,0.015630,0.954692,1.289010,-0.123870
0.158417,0.300249,0.902420,0.157721,0.309776,0.998099,0.168575,0.327621,1.100567,0.173276,0.336346,1.195563,0.179490,0.344654,1.290402,0.199814,0.366066,1.423338,0.224504,0.392116,1.516913,0.213344,0.334282,1.365054,0.315796,0.225384,1.340768,0.310988,0.177557,1.065291,0.328848,0.133161,0.831143,0.167803,0.378982,1.364817,0.053388,0.475458,1.341498,0.004846,0.461707,1.066461,0.002720,0.471339,0.827684,0.217875,0.247715,0.908714,0.314829,0.353416,0.531527,0.397866,0.431268,0.110742,0.514656,0.565305,0.058191,0.098961,0.352908,0.897362,0.033532,0.231123,0.517908,-0.107925,0.026773,0.159504,-0.015388,0.046280,0.014078,0.935167,1.330308,-0.127536
0.174727,0.322655,0.901146,0.173918,0.331228,0.996916,0.184767,0.348028,1.099566,0.189599,0.355696,1.194651,0.196018,0.362916,1.289571,0.216605,0.382868,1.422700,0.241128,0.408221,1.516515,0.230177,0.351862,1.363921,0.333830,0.244594,1.337716,0.328792,0.198204,1.061998,0.343747,0.153219,0.827764,0.184193,0.396101,1.364405,0.068321,0.491121,1.342427,0.017367,0.476282,1.067872,0.011011,0.482830,0.829065,0.234504,0.270426,0.906961,0.329413,0.376642,0.529403,0.397295,0.439621,0.103202,0.511048,0.573075,0.041722,0.114955,0.375001,0.896571,0.053874,0.264407,0.513348,-0.096947,0.045677,0.167493,-0.014863,0.046454,0.016403,0.915027,1.340524,-0.113234
0.191010,0.344132,0.900457,0.189611,0.351872,0.996289,0.200266,0.367787,1.099099,0.205209,0.374544,1.194249,0.211954,0.380829,1.289212,0.233089,0.399574,1.422431,0.257469,0.424418,1.516419,0.246832,0.369391,1.363240,0.352439,0.264681,1.334879,0.346737,0.219681,1.058942,0.358135,0.173933,0.824684,0.200279,0.413012,1.364489,0.082519,0.505951,1.343852,0.029634,0.490067,1.069715,0.018439,0.493562,0.831057,0.251116,0.292271,0.906167,0.345898,0.398298,0.528493,0.399375,0.446081,0.098469,0.514633,0.576172,0.032595,0.130895,0.396100,0.895988,0.073992,0.303247,0.507951,-0.086438,0.069311,0.177180,-0.013932,0.044412,0.025449,0.897825,1.297144,-0.066134
0.207225,0.365199,0.900326,0.204998,0.372134,0.996203,0.215366,0.387247,1.099163,0.220417,0.393175,1.194360,0.227559,0.398625,1.289344,0.249390,0.416342,1.422589,0.273640,0.440798,1.516712,0.263380,0.387011,1.363036,0.371395,0.285417,1.332460,0.364817,0.241913,1.056298,0.372288,0.195276,0.822060,0.216157,0.429883,1.365068,0.096219,0.520306,1.345788,0.041726,0.503283,1.072037,0.025248,0.503584,0.833652,0.267698,0.313779,0.906101,0.363260,0.418738,0.528311,0.402333,0.450137,0.095265,0.521353,0.575392,0.027014,0.146721,0.416714,0.895789,0.094397,0.346170,0.502269,-0.075423,0.096677,0.188057,-0.012196,0.042637,0.038371,0.880010,1.222682,-0.001066
0.222941,0.385827,0.900967,0.220009,0.391948,0.996884,0.230111,0.406383,1.099969,0.235276,0.411633,1.195201,0.242785,0.416448,1.290192,0.265207,0.433489,1.423430,0.289387,0.457701,1.517634,0.279451,0.404928,1.363566,0.389779,0.306316,1.331290,0.382616,0.264726,1.054853,0.386843,0.217243,0.820673,0.231484,0.446933,1.366263,0.109418,0.534757,1.348254,0.053717,0.516306,1.074841,0.032438,0.513121,0.836828,0.283925,0.335027,0.906735,0.378564,0.437598,0.528124,0.404428,0.453035,0.093036,0.526363,0.574523,0.023019,0.161912,0.436710,0.896435,0.114801,0.388541,0.498565,-0.062522,0.125526,0.199232,-0.007659,0.048842,0.050589,0.863249,1.161357,0.060741
0.238166,0.405971,0.902536,0.234720,0.411156,0.998489,0.244586,0.425041,1.101674,0.249867,0.429804,1.196927,0.257685,0.434270,1.291913,0.280524,0.451158,1.425103,0.304743,0.475322,1.519309,0.294978,0.423234,1.364987,0.407312,0.327185,1.331819,0.400083,0.288403,1.054993,0.401976,0.239834,0.820987,0.246178,0.464232,1.368162,0.122166,0.549545,1.351351,0.065780,0.529187,1.078216,0.040451,0.521937,0.840703,0.299911,0.356085,0.908131,0.390718,0.455206,0.527639,0.404723,0.454876,0.091790,0.527464,0.574806,0.020349,0.176372,0.455923,0.898181,0.135384,0.428829,0.497689,-0.047060,0.155142,0.211000,0.000155,0.065411,0.061335,0.848594,1.134253,0.113660
0.252892,0.425676,0.904877,0.249055,0.429917,1.000861,0.258706,0.443375,1.104120,0.264107,0.447802,1.199382,0.272207,0.452120,1.294350,0.295358,0.469206,1.427459,0.319676,0.493466,1.521615,0.310028,0.441838,1.367143,0.424273,0.348217,1.333596,0.417270,0.312660,1.056332,0.417512,0.263048,0.822538,0.260322,0.481711,1.370678,0.134413,0.564428,1.354977,0.077741,0.541877,1.082073,0.048846,0.530269,0.845158,0.315541,0.376883,0.910227,0.400814,0.471233,0.527150,0.404156,0.455557,0.091519,0.526853,0.574999,0.019265,0.190196,0.474518,0.900771,0.155966,0.468565,0.498790,-0.029714,0.186241,0.223066,0.010770,0.089962,0.071377,0.834994,1.120286,0.163318
0.266672,0.445048,0.907735,0.262705,0.448633,1.003743,0.272254,0.461827,1.107046,0.277806,0.466018,1.202309,0.286144,0.470232,1.297260,0.309464,0.487520,1.430312,0.333838,0.511883,1.524427,0.324434,0.460678,1.369824,0.440579,0.369506,1.336102,0.433918,0.336474,1.058496,0.433558,0.286868,0.824716,0.273826,0.499373,1.373669,0.146002,0.579251,1.358842,0.089155,0.554602,1.086152,0.057301,0.539060,0.849811,0.330149,0.397286,0.912815,0.409185,0.484325,0.526810,0.403803,0.456022,0.091637,0.526277,0.575164,0.018595,0.203149,0.492851,0.903901,0.175709,0.507719,0.501581,-0.011130,0.218724,0.233645,0.024746,0.123054,0.078436,0.820969,1.100423,0.205365
0.279209,0.464268,0.911243,0.275495,0.467636,1.007271,0.285115,0.480750,1.110579,0.290871,0.484776,1.205837,0.299401,0.488852,1.300778,0.322699,0.506181,1.433829,0.347073,0.530576,1.527936,0.338111,0.479858,1.373167,0.456210,0.391273,1.339372,0.449983,0.359502,1.061599,0.450350,0.311322,0.827506,0.286602,0.517299,1.377308,0.156744,0.593875,1.363010,0.099695,0.567517,1.090515,0.065598,0.548740,0.854699,0.343359,0.417385,0.916031,0.415630,0.493196,0.526577,0.404055,0.456469,0.091936,0.526322,0.575304,0.018039,0.215017,0.511193,0.907702,0.194183,0.546609,0.506289,0.008419,0.252255,0.243035,0.042547,0.166594,0.081447,0.809064,1.060369,0.242804
0.290800,0.483155,0.915267,0.287601,0.486595,1.011311,0.297405,0.499791,1.114591,0.303395,0.503752,1.209837,0.312074,0.507732,1.304769,0.335206,0.525109,1.437843,0.359537,0.549542,1.531951,0.351143,0.499275,1.377034,0.471185,0.413297,1.343370,0.465509,0.382086,1.065527,0.467653,0.336383,0.830923,0.298738,0.535409,1.381424,0.166829,0.608439,1.367418,0.109687,0.580468,1.095100,0.073955,0.558878,0.859785,0.355547,0.437089,0.919739,0.420350,0.499132,0.526494,0.404523,0.456699,0.092625,0.526402,0.575415,0.017896,0.226014,0.529273,0.912042,0.211817,0.584916,0.512686,0.029206,0.287171,0.250939,0.063709,0.218676,0.081476,0.796734,1.014418,0.272633
0.301877,0.501283,0.919148,0.299245,0.504924,1.015200,0.309247,0.518333,1.118432,0.315456,0.522359,1.213662,0.324252,0.526374,1.308580,0.347167,0.543956,1.441664,0.371345,0.568518,1.535778,0.363622,0.518552,1.380801,0.485475,0.435012,1.347470,0.480372,0.404228,1.069574,0.484873,0.361951,0.834402,0.310402,0.553463,1.385354,0.176668,0.623194,1.371574,0.119668,0.593224,1.099450,0.082706,0.569125,0.864575,0.367178,0.455990,0.923321,0.424285,0.504637,0.526841,0.405116,0.457053,0.093743,0.526505,0.575549,0.017894,0.236542,0.546637,0.916221,0.229065,0.621651,0.519798,0.051400,0.324385,0.254687,0.087398,0.274148,0.079444,0.774868,0.986424,0.281487
0.312372,0.518187,0.922789,0.310311,0.522191,1.018838,0.320514,0.535998,1.121997,0.326930,0.540273,1.217201,0.335826,0.544510,1.312100,0.358525,0.562535,1.445161,0.382411,0.587362,1.539280,0.375450,0.537495,1.384387,0.498938,0.456140,1.351661,0.494354,0.425860,1.073701,0.501828,0.388011,0.837885,0.321535,0.571320,1.389006,0.186294,0.638150,1.375460,0.129808,0.605505,1.103548,0.091946,0.579309,0.869027,0.378206,0.473653,0.926711,0.427525,0.510375,0.527872,0.405868,0.457627,0.095450,0.526638,0.575787,0.018007,0.246509,0.562785,0.920108,0.245901,0.656513,0.527667,0.075199,0.364041,0.252840,0.113663,0.331655,0.075110,0.737382,0.989096,0.258055
0.322354,0.534331,0.926288,0.320913,0.538828,1.022326,0.331333,0.553164,1.125391,0.337943,0.557819,1.220564,0.346904,0.562406,1.315441,0.369336,0.581033,1.448466,0.392819,0.606217,1.542592,0.386723,0.556298,1.387872,0.511717,0.476959,1.355954,0.507673,0.447049,1.077947,0.518700,0.414578,0.841429,0.332196,0.589121,1.392474,0.195674,0.653299,1.379096,0.139936,0.617591,1.107412,0.101580,0.589603,0.873183,0.388678,0.490513,0.929975,0.429979,0.515683,0.529332,0.406746,0.458326,0.097586,0.526795,0.576047,0.018260,0.256007,0.578215,0.923835,0.262351,0.689802,0.536251,0.100405,0.405994,0.246837,0.142455,0.392553,0.068714,0.690360,1.009725,0.213649
0.332470,0.550687,0.929274,0.331621,0.555543,1.025304,0.342213,0.570351,1.128287,0.348950,0.575382,1.223432,0.357899,0.580356,1.318291,0.379955,0.599663,1.451280,0.402940,0.625242,1.545422,0.397821,0.575160,1.390866,0.524207,0.497730,1.359751,0.520849,0.467994,1.081718,0.535440,0.441596,0.844646,0.342733,0.607045,1.395375,0.205118,0.668867,1.382052,0.150084,0.630093,1.110639,0.111649,0.600173,0.876673,0.399203,0.507468,0.932686,0.432310,0.521071,0.530742,0.407565,0.459199,0.099715,0.526938,0.576143,0.018451,0.265720,0.593973,0.927090,0.278955,0.721437,0.544455,0.126593,0.450724,0.238326,0.172801,0.455753,0.061908,0.642936,1.034044,0.168846
0.343025,0.567634,0.931676,0.342704,0.572558,1.027707,0.353385,0.587681,1.130636,0.360143,0.593022,1.225763,0.368958,0.598383,1.320613,0.390460,0.618435,1.453581,0.412810,0.644451,1.547754,0.408852,0.594084,1.393313,0.536529,0.518482,1.362975,0.533985,0.488638,1.084944,0.551969,0.469112,0.847484,0.353245,0.625087,1.397631,0.214735,0.684887,1.384232,0.160202,0.643107,1.113167,0.122254,0.610918,0.879428,0.410062,0.524856,0.934729,0.434654,0.526677,0.531974,0.408263,0.460293,0.101706,0.527066,0.575933,0.018501,0.275976,0.610477,0.929850,0.296098,0.751482,0.552210,0.153716,0.498390,0.227152,0.204598,0.520782,0.054697,0.594171,1.061544,0.129541
0.353713,0.584792,0.933566,0.353891,0.589650,1.029600,0.364617,0.605032,1.132486,0.371331,0.610680,1.227599,0.379933,0.616465,1.322444,0.400773,0.637339,1.455392,0.422392,0.663830,1.549603,0.419706,0.613067,1.395269,0.548563,0.539187,1.365702,0.546980,0.509038,1.087695,0.568365,0.497078,0.849995,0.363632,0.643253,1.399320,0.224416,0.701328,1.385732,0.170341,0.656536,1.115058,0.133294,0.621940,0.881517,0.420975,0.542339,0.936220,0.436876,0.532364,0.533155,0.408902,0.461562,0.103691,0.527181,0.575558,0.018489,0.286447,0.627309,0.932140,0.313393,0.779873,0.559585,0.181821,0.548833,0.213469,0.237948,0.588114,0.047076,0.545004,1.092734,0.089840
0.364266,0.601997,0.934788,0.364939,0.606865,1.030819,0.375725,0.622562,1.133650,0.382402,0.628570,1.228743,0.390803,0.634824,1.323576,0.411014,0.656561,1.456484,0.431939,0.683509,1.550724,0.430433,0.632298,1.396511,0.560345,0.560028,1.367570,0.560051,0.529564,1.089598,0.584817,0.525295,0.851941,0.373946,0.661746,1.400286,0.234143,0.718322,1.386412,0.180671,0.670704,1.116097,0.144504,0.633708,0.882782,0.431707,0.559801,0.937082,0.439228,0.538233,0.534190,0.409479,0.462912,0.105622,0.527251,0.575252,0.018442,0.296828,0.644255,0.933723,0.330220,0.806338,0.565692,0.210634,0.602048,0.199388,0.272190,0.658075,0.040667,0.507377,1.114869,0.052633
0.374609,0.619165,0.935282,0.375811,0.624173,1.031301,0.386706,0.640278,1.134057,0.393382,0.646719,1.229121,0.401616,0.653496,1.323933,0.421269,0.676139,1.456772,0.441564,0.703509,1.551028,0.441093,0.651803,1.396960,0.571919,0.581033,1.368414,0.573366,0.550259,1.090483,0.601449,0.553813,0.853215,0.384251,0.680599,1.400461,0.243983,0.735918,1.386167,0.191267,0.685733,1.116164,0.155846,0.646314,0.883136,0.442197,0.577181,0.937253,0.441752,0.544300,0.535046,0.409973,0.464310,0.107472,0.527250,0.575111,0.018360,0.307034,0.661214,0.934540,0.346693,0.830889,0.570494,0.240035,0.658591,0.184783,0.307300,0.731837,0.035203,0.484413,1.118617,0.021216
0.384817,0.636380,0.935109,0.386544,0.641603,1.031108,0.397563,0.658174,1.133777,0.404245,0.665101,1.228808,0.412323,0.672444,1.323591,0.431452,0.696034,1.456342,0.451154,0.723809,1.550605,0.451625,0.671557,1.396695,0.583241,0.602174,1.368398,0.586757,0.571080,1.090519,0.618136,0.582582,0.853926,0.394482,0.699780,1.399912,0.253870,0.754068,1.385103,0.202056,0.701502,1.115379,0.167359,0.659665,0.882666,0.452506,0.594541,0.936795,0.444407,0.550548,0.535757,0.410406,0.465791,0.109268,0.527204,0.575038,0.018242,0.317150,0.678287,0.934652,0.362698,0.853515,0.574027,0.270144,0.717907,0.169779,0.343303,0.808230,0.030952,0.472989,1.113311,-0.007706
0.394842,0.653722,0.934295,0.397001,0.659281,1.030267,0.408121,0.676386,1.132837,0.414803,0.683845,1.227827,0.422745,0.691781,1.322574,0.441422,0.716321,1.455218,0.460619,0.744467,1.549475,0.461899,0.691670,1.395734,0.594222,0.623556,1.367652,0.599943,0.592269,1.089832,0.634689,0.611250,0.854153,0.404495,0.719382,1.398686,0.263586,0.772756,1.383391,0.212991,0.717966,1.113880,0.178894,0.673959,0.881472,0.462582,0.611955,0.935820,0.447321,0.557024,0.536331,0.410834,0.467361,0.111059,0.527159,0.574978,0.018120,0.327132,0.695560,0.934000,0.377259,0.873914,0.575514,0.301040,0.778322,0.156861,0.379606,0.884071,0.030346,0.475687,1.114209,-0.041121
0.404592,0.671035,0.932839,0.407101,0.677122,1.028769,0.418318,0.694883,1.131215,0.425018,0.702964,1.226151,0.432874,0.711550,1.320847,0.451213,0.737083,1.453350,0.470021,0.765581,1.547581,0.471927,0.712213,1.394024,0.604857,0.645213,1.366118,0.612945,0.613882,1.088366,0.651186,0.639802,0.853895,0.414294,0.739468,1.396745,0.273108,0.791989,1.381059,0.224226,0.735142,1.111661,0.190424,0.689278,0.879564,0.472313,0.629235,0.934351,0.450369,0.563440,0.536824,0.411238,0.468975,0.112806,0.527131,0.574918,0.018016,0.336908,0.712914,0.932555,0.389501,0.891489,0.574446,0.333451,0.840877,0.146389,0.416283,0.960410,0.033948,0.499089,1.125892,-0.083480
0.414159,0.688475,0.930742,0.416925,0.695211,1.026622,0.428216,0.713696,1.128932,0.434928,0.722446,1.223808,0.442718,0.731707,1.318446,0.460791,0.758237,1.450788,0.479298,0.787053,1.544981,0.481698,0.733115,1.391619,0.615151,0.667109,1.363855,0.625741,0.635863,1.086177,0.667550,0.668254,0.853154,0.423874,0.759977,1.394127,0.282459,0.811761,1.378079,0.235608,0.753012,1.108728,0.201976,0.705540,0.876932,0.481810,0.646569,0.932365,0.453678,0.570084,0.537179,0.411637,0.470678,0.114546,0.527105,0.574871,0.017907,0.346548,0.730468,0.930347,0.400301,0.906838,0.571332,0.366650,0.904532,0.138002,0.453260,1.036197,0.041195,0.536611,1.143779,-0.130331
0.423769,0.706589,0.928041,0.426587,0.713931,1.023876,0.437821,0.733058,1.126076,0.444456,0.742391,1.220903,0.452129,0.752230,1.315493,0.469918,0.779601,1.447705,0.488175,0.808651,1.541875,0.491051,0.754281,1.388688,0.625025,0.689241,1.361170,0.637982,0.658290,1.083556,0.683359,0.696299,0.852022,0.433069,0.780818,1.390991,0.291496,0.832037,1.374538,0.246636,0.771484,1.105244,0.213484,0.722693,0.873655,0.491358,0.664600,0.929901,0.457749,0.577873,0.537234,0.412152,0.472618,0.116442,0.527076,0.574823,0.017748,0.356220,0.748673,0.927410,0.411310,0.921450,0.566924,0.398540,0.964492,0.133102,0.489725,1.105101,0.052826,0.571086,1.169388,-0.175312
0.433323,0.725446,0.924541,0.435887,0.733284,1.020343,0.446896,0.752933,1.122469,0.453361,0.762739,1.217262,0.460890,0.773050,1.311816,0.478447,0.801104,1.443919,0.496569,0.830300,1.538072,0.499849,0.775651,1.385062,0.634396,0.711637,1.357935,0.649368,0.681194,1.080359,0.698415,0.723956,0.850394,0.441752,0.801955,1.387191,0.300112,0.852866,1.370329,0.257193,0.790410,1.101159,0.225016,0.740637,0.869639,0.500881,0.683436,0.926805,0.462584,0.586718,0.536920,0.412626,0.474745,0.118331,0.527041,0.574763,0.017480,0.365795,0.767554,0.923504,0.423013,0.935004,0.560919,0.428819,1.020692,0.133782,0.526885,1.165563,0.072125,0.599806,1.206262,-0.223576
0.442920,0.744977,0.920436,0.445024,0.753267,1.016212,0.455678,0.773357,1.118290,0.461885,0.783551,1.213059,0.469217,0.794235,1.307588,0.486525,0.822816,1.439612,0.504563,0.852074,1.533763,0.508228,0.797284,1.380911,0.643346,0.734268,1.354278,0.660199,0.704545,1.076730,0.712916,0.751206,0.848376,0.450049,0.823425,1.382874,0.308414,0.874199,1.365560,0.267395,0.809937,1.096523,0.236504,0.759473,0.864978,0.510455,0.702968,0.923229,0.468181,0.596708,0.536306,0.413215,0.477109,0.120376,0.527004,0.574701,0.017162,0.375402,0.787087,0.918868,0.434925,0.947821,0.553619,0.457789,1.073197,0.137950,0.563532,1.219141,0.095808,0.625477,1.250858,-0.269969
0.453083,0.765527,0.916348,0.454711,0.774251,1.012095,0.464885,0.794669,1.114156,0.470675,0.805105,1.208923,0.477611,0.815975,1.303458,0.494350,0.844775,1.435503,0.512131,0.873969,1.529719,0.516440,0.819268,1.376920,0.652047,0.757044,1.350898,0.671031,0.728326,1.073392,0.727047,0.777687,0.846374,0.458182,0.845249,1.378632,0.316576,0.895850,1.360638,0.277094,0.830408,1.091647,0.247670,0.779449,0.860021,0.520589,0.723514,0.919673,0.475047,0.609021,0.535423,0.414514,0.479995,0.123228,0.526970,0.574659,0.016929,0.385583,0.807646,0.914248,0.447248,0.962355,0.546689,0.484260,1.117408,0.140722,0.595229,1.264178,0.114762,0.639054,1.294064,-0.292666
0.464071,0.787101,0.912284,0.465310,0.796338,1.007989,0.474876,0.816993,1.110062,0.480042,0.827511,1.204857,0.486291,0.838329,1.299443,0.501966,0.866934,1.431658,0.519209,0.895906,1.526041,0.524558,0.841588,1.373127,0.660517,0.779814,1.347877,0.682248,0.752664,1.070433,0.741128,0.803363,0.844399,0.466215,0.867393,1.374456,0.324667,0.917740,1.355381,0.285957,0.852072,1.086322,0.258325,0.800757,0.854560,0.531544,0.745078,0.916113,0.482885,0.623793,0.534283,0.416228,0.483020,0.126965,0.526940,0.574653,0.016914,0.396599,0.829238,0.909683,0.459929,0.979344,0.540477,0.508030,1.150856,0.140817,0.619467,1.299653,0.127302,0.632000,1.330006,-0.277712
0.475627,0.809695,0.908237,0.476458,0.819426,1.003898,0.485292,0.840205,1.106014,0.489676,0.850659,1.200857,0.495038,0.861238,1.295527,0.509328,0.889338,1.428010,0.525861,0.917964,1.522628,0.532507,0.864258,1.369494,0.668737,0.802729,1.345133,0.693466,0.777431,1.067765,0.754839,0.828270,0.842440,0.474085,0.889890,1.370356,0.332618,0.939949,1.349972,0.294317,0.874679,1.080756,0.268658,0.823205,0.848804,0.543060,0.767655,0.912571,0.491991,0.640888,0.532874,0.418651,0.486568,0.131509,0.526913,0.574667,0.016984,0.408191,0.851856,0.905133,0.473020,0.998049,0.534635,0.529301,1.176010,0.139516,0.638754,1.326586,0.135112,0.612850,1.364557,-0.239061
0.487495,0.833641,0.904804,0.487789,0.843584,1.000445,0.495784,0.864268,1.102646,0.499298,0.874494,1.197548,0.503696,0.884707,1.292308,0.516504,0.912162,1.425077,0.532253,0.940368,1.519954,0.540317,0.887410,1.366588,0.676821,0.826147,1.343125,0.704085,0.802226,1.065851,0.767395,0.852156,0.840882,0.481815,0.912867,1.366964,0.340388,0.962531,1.345359,0.303020,0.897831,1.075886,0.278962,0.846470,0.843729,0.554867,0.791550,0.909615,0.503757,0.661077,0.531205,0.423263,0.492073,0.137285,0.526894,0.574671,0.016867,0.420118,0.875859,0.901226,0.486880,1.018710,0.529780,0.547497,1.195672,0.135786,0.656185,1.346384,0.134140,0.598173,1.406224,-0.196752
0.499945,0.859512,0.902080,0.499401,0.869218,0.997739,0.506360,0.889479,1.100093,0.508865,0.899239,1.195070,0.512205,0.908913,1.289923,0.523436,0.935556,1.422991,0.538306,0.963232,1.518161,0.547958,0.911217,1.364539,0.684802,0.850393,1.341934,0.713820,0.827075,1.064775,0.778476,0.874955,0.839738,0.489372,0.936485,1.364419,0.347861,0.985478,1.341841,0.312493,0.921340,1.071975,0.289342,0.870562,0.839595,0.567191,0.817276,0.907391,0.518725,0.685071,0.529121,0.430751,0.499590,0.144608,0.527454,0.575135,0.015849,0.432687,0.901873,0.898007,0.502370,1.041944,0.526044,0.562330,1.209192,0.127957,0.673683,1.357176,0.119506,0.594854,1.475163,-0.160916
0.512709,0.886736,0.899971,0.511195,0.895921,0.995670,0.517012,0.915542,1.098220,0.518420,0.924671,1.193282,0.520626,0.933679,1.288234,0.530180,0.959369,1.421621,0.544099,0.986442,1.517106,0.555458,0.935507,1.363216,0.692648,0.875143,1.341479,0.722956,0.851951,1.064454,0.788403,0.896734,0.838995,0.496790,0.960581,1.362582,0.355153,1.008798,1.339120,0.322310,0.945392,1.068759,0.299693,0.895470,0.836143,0.579805,0.844319,0.905752,0.536352,0.712158,0.526775,0.440429,0.509065,0.153163,0.528022,0.575590,0.014643,0.445590,0.929272,0.895432,0.518628,1.067134,0.523295,0.574087,1.217219,0.117700,0.689325,1.360833,0.096088,0.596007,1.551217,-0.121422
0.524730,0.913925,0.898790,0.522502,0.922533,0.994534,0.527359,0.941529,1.097259,0.527812,0.950065,1.192392,0.528989,0.958472,1.287424,0.536980,0.983321,1.421080,0.550040,1.009876,1.516838,0.562935,0.959891,1.362791,0.700380,0.899781,1.341979,0.731754,0.876370,1.065097,0.797348,0.917441,0.838995,0.504200,0.984797,1.361665,0.362572,1.032567,1.337246,0.332036,0.970144,1.066378,0.309985,0.920845,0.833576,0.591762,0.871435,0.904826,0.556404,0.740973,0.524634,0.451711,0.521773,0.162436,0.526890,0.574600,0.015120,0.457671,0.956526,0.893998,0.533423,1.092667,0.521755,0.583052,1.224511,0.108992,0.700428,1.364370,0.074466,0.597534,1.582421,-0.067916
0.535476,0.940836,0.898655,0.533022,0.948894,0.994445,0.537241,0.967372,1.097296,0.536969,0.975434,1.192474,0.537269,0.983378,1.287554,0.543832,1.007596,1.421405,0.556180,1.033765,1.517365,0.570337,0.984517,1.363373,0.707850,0.924218,1.343617,0.740387,0.900124,1.066927,0.805428,0.936847,0.839941,0.511561,1.009296,1.361766,0.370230,1.057281,1.336113,0.341505,0.996021,1.064774,0.320225,0.946488,0.831942,0.602603,0.898485,0.904591,0.579652,0.770837,0.522643,0.464705,0.538339,0.171974,0.521141,0.569091,0.017466,0.468322,0.983293,0.893959,0.545895,1.118905,0.521862,0.588686,1.233129,0.103312,0.704692,1.370684,0.057518,0.598471,1.527926,0.018887
0.545479,0.967714,0.899449,0.543055,0.975165,0.995288,0.546819,0.993140,1.098244,0.545964,1.000765,1.193453,0.545491,1.008310,1.288562,0.550740,1.032009,1.422560,0.562467,1.057877,1.518678,0.577715,1.009237,1.364853,0.715207,0.948543,1.346210,0.748682,0.923420,1.069721,0.812526,0.955183,0.841631,0.518914,1.033914,1.362788,0.378015,1.082443,1.335828,0.350883,1.022598,1.064006,0.330406,0.972597,0.831193,0.612786,0.925609,0.905068,0.605325,0.802428,0.520856,0.479303,0.558139,0.182230,0.513691,0.562139,0.021495,0.478149,1.009915,0.895060,0.556903,1.145487,0.523179,0.591527,1.241011,0.099182,0.704417,1.376877,0.042364,0.599782,1.428582,0.119701
0.555289,0.993896,0.901129,0.552834,1.000664,0.997016,0.556201,1.018107,1.100075,0.554863,1.025298,1.195311,0.553761,1.032475,1.290444,0.557947,1.055729,1.424561,0.569155,1.081405,1.520791,0.585347,1.033222,1.367079,0.722922,0.972418,1.349428,0.756383,0.946394,1.073024,0.818464,0.973082,0.843796,0.526514,1.057794,1.364651,0.385898,1.106643,1.336765,0.360244,1.048753,1.064387,0.340480,0.999413,0.831389,0.622739,0.951983,0.906447,0.630880,0.836419,0.519905,0.494600,0.580571,0.194042,0.511582,0.561526,0.028513,0.487816,1.035897,0.897038,0.566789,1.169718,0.524617,0.593470,1.246726,0.096144,0.703825,1.381270,0.030955,0.600265,1.354967,0.187029
0.565082,1.019271,0.903879,0.562398,1.025194,0.999812,0.565394,1.042016,1.102985,0.563681,1.048735,1.198250,0.562152,1.055550,1.293406,0.565638,1.078423,1.427612,0.576443,1.104062,1.523900,0.593440,1.056153,1.370165,0.731384,0.995942,1.353348,0.762956,0.969293,1.076799,0.822530,0.990780,0.846400,0.534542,1.080566,1.367528,0.393877,1.129145,1.339388,0.369846,1.074150,1.066285,0.350436,1.027070,0.832775,0.632574,0.977398,0.908978,0.655933,0.874010,0.519914,0.510440,0.605516,0.208915,0.517954,0.569633,0.040703,0.497561,1.061222,0.900009,0.575765,1.190815,0.525923,0.594884,1.249134,0.094244,0.704212,1.382720,0.024871,0.602065,1.344348,0.187042
0.574682,1.043951,0.907517,0.571709,1.048952,1.003493,0.574392,1.065124,1.106778,0.572403,1.071373,1.202069,0.570592,1.077856,1.297241,0.573630,1.100422,1.431508,0.584131,1.126133,1.527810,0.601786,1.078349,1.373996,0.740203,1.019017,1.357893,0.768934,0.991869,1.081081,0.825436,1.008042,0.849479,0.542816,1.102600,1.371247,0.401955,1.150686,1.343234,0.379430,1.099126,1.069331,0.360285,1.055434,0.835107,0.642179,1.002063,0.912411,0.680867,0.914001,0.520759,0.526978,0.633092,0.225345,0.529666,0.584080,0.055882,0.507145,1.085908,0.903857,0.583619,1.209561,0.527350,0.595400,1.249375,0.093438,0.704282,1.382371,0.022530,0.603036,1.359459,0.153568
0.584101,1.067618,0.911451,0.580879,1.071846,1.007461,0.583283,1.087481,1.110837,0.581042,1.093348,1.206147,0.578970,1.099566,1.301331,0.581613,1.121887,1.435645,0.591878,1.147670,1.531952,0.610034,1.099939,1.378080,0.748685,1.041000,1.362494,0.775667,1.013513,1.085522,0.829146,1.024806,0.852874,0.551044,1.124141,1.375212,0.410110,1.172058,1.347278,0.388288,1.123567,1.072738,0.370008,1.084343,0.837703,0.651645,1.025787,0.916181,0.704295,0.953471,0.522690,0.543772,0.663053,0.239658,0.544343,0.605519,0.068804,0.516510,1.109509,0.907961,0.590060,1.225616,0.528574,0.595810,1.249438,0.093134,0.704362,1.381964,0.021141,0.595540,1.359074,0.140594
0.593306,1.090035,0.915650,0.589923,1.093697,1.011679,0.592077,1.108954,1.115118,0.589577,1.114561,1.210438,0.587212,1.120609,1.305626,0.589434,1.142773,1.439975,0.599504,1.168607,1.536289,0.617995,1.120857,1.382398,0.756447,1.061398,1.367060,0.784104,1.033862,1.090158,0.834631,1.040851,0.856680,0.559078,1.145195,1.379354,0.418328,1.193528,1.351230,0.395785,1.147390,1.076340,0.379277,1.114052,0.840338,0.660964,1.048372,0.920246,0.725455,0.991504,0.525940,0.560498,0.695333,0.251039,0.561320,0.634638,0.077996,0.525601,1.131750,0.912297,0.594626,1.238260,0.529399,0.596379,1.249894,0.093224,0.704581,1.382055,0.020015,0.567229,1.320812,0.180504
0.602332,1.111439,0.920145,0.598826,1.114685,1.016184,0.600763,1.129677,1.119666,0.598029,1.135110,1.214988,0.595393,1.141056,1.310176,0.597247,1.163125,1.444545,0.607189,1.189010,1.540859,0.625857,1.141169,1.386969,0.763870,1.080706,1.371682,0.793295,1.053280,1.094951,0.840920,1.056398,0.860801,0.567066,1.165756,1.383742,0.426623,1.214829,1.355381,0.402556,1.170679,1.080302,0.388419,1.144307,0.843238,0.670145,1.070016,0.924648,0.745109,1.029016,0.530276,0.577479,0.729997,0.260303,0.581261,0.670750,0.084931,0.534473,1.152905,0.916891,0.597779,1.248213,0.530021,0.596841,1.250172,0.093817,0.704811,1.382089,0.019840,0.530450,1.267055,0.240915
0.611292,1.132216,0.924451,0.607663,1.135258,1.020491,0.609405,1.150102,1.123997,0.606476,1.155423,1.219320,0.603624,1.161281,1.314507,0.605208,1.183229,1.448899,0.615130,1.209122,1.545213,0.633831,1.161204,1.391351,0.771408,1.099762,1.376070,0.801735,1.072248,1.099443,0.847060,1.072041,0.864797,0.575167,1.186056,1.387986,0.435027,1.235955,1.359583,0.409801,1.193566,1.084329,0.398401,1.174177,0.846406,0.679300,1.091114,0.928952,0.764153,1.065836,0.535259,0.595246,0.766997,0.266220,0.603780,0.712444,0.088791,0.543240,1.173357,0.921200,0.600611,1.257291,0.530708,0.597190,1.250548,0.094652,0.704993,1.382149,0.019890,0.514600,1.223722,0.278664
0.620180,1.152320,0.928520,0.616432,1.155497,1.024551,0.618011,1.170379,1.128054,0.614938,1.175681,1.223374,0.611941,1.181473,1.318561,0.613378,1.203251,1.452983,0.623421,1.229074,1.549303,0.641992,1.181099,1.395513,0.779212,1.118866,1.380214,0.808646,1.090899,1.103540,0.852670,1.087997,0.868639,0.583442,1.206217,1.392072,0.443569,1.257001,1.363928,0.418050,1.215991,1.088483,0.409820,1.203296,0.849999,0.688425,1.111632,0.933157,0.783126,1.101687,0.541022,0.613727,0.806323,0.268268,0.629204,0.760065,0.088840,0.551891,1.193051,0.925129,0.603355,1.265965,0.531612,0.597339,1.251195,0.095733,0.705096,1.382280,0.020005,0.539575,1.201344,0.275310
0.629004,1.171798,0.932398,0.625133,1.175320,1.028412,0.626572,1.190359,1.131895,0.623396,1.195703,1.227209,0.620307,1.201445,1.322396,0.621696,1.223026,1.456850,0.631968,1.248735,1.553177,0.650264,1.200717,1.399487,0.787131,1.137717,1.384124,0.814807,1.109100,1.107335,0.858131,1.104049,0.872355,0.591830,1.226117,1.396015,0.452220,1.277873,1.368324,0.426772,1.238015,1.092703,0.422078,1.232030,0.853861,0.697523,1.131605,0.937264,0.801489,1.136846,0.547432,0.632993,0.847984,0.266970,0.657205,0.813267,0.085814,0.560437,1.212042,0.928774,0.605778,1.273766,0.532580,0.597376,1.251941,0.097056,0.705152,1.382437,0.020345,0.585480,1.189390,0.249295
0.637899,1.191172,0.935740,0.633845,1.194936,1.031738,0.635128,1.210050,1.135211,0.631863,1.215374,1.230523,0.628723,1.221014,1.325714,0.630133,1.242344,1.460207,0.640687,1.267952,1.556531,0.658635,1.219974,1.402928,0.795167,1.156252,1.387539,0.821051,1.126933,1.110647,0.863634,1.120142,0.875586,0.600303,1.245622,1.399474,0.460911,1.298271,1.372345,0.435573,1.259957,1.096505,0.434348,1.260556,0.857528,0.706721,1.151531,0.940834,0.818519,1.171970,0.553645,0.653783,0.891961,0.262661,0.686422,0.869600,0.081100,0.569028,1.230869,0.931881,0.608276,1.281095,0.533421,0.597552,1.252547,0.098349,0.705196,1.382573,0.020661,0.622024,1.182178,0.212783
0.646891,1.210634,0.938485,0.642548,1.214371,1.034471,0.643638,1.229375,1.137962,0.640294,1.234541,1.233280,0.637144,1.239985,1.328482,0.638657,1.260977,1.463027,0.649553,1.286511,1.559331,0.667065,1.238720,1.405797,0.803275,1.174294,1.390499,0.827548,1.144329,1.113532,0.869201,1.136205,0.878340,0.608815,1.264567,1.402422,0.469576,1.317974,1.376000,0.444305,1.281821,1.099866,0.446440,1.288842,0.861000,0.716053,1.171619,0.943771,0.833948,1.207642,0.559561,0.676532,0.938284,0.254953,0.716497,0.928240,0.074524,0.577676,1.249702,0.934430,0.610928,1.287932,0.534121,0.597982,1.252920,0.099558,0.705239,1.382674,0.020884,0.637192,1.180718,0.164413
0.655956,1.229993,0.940694,0.651261,1.233597,1.036668,0.652142,1.248412,1.140188,0.648734,1.253357,1.235515,0.645614,1.258553,1.330732,0.647301,1.279154,1.465336,0.658590,1.304626,1.561611,0.675593,1.257105,1.408134,0.811502,1.192019,1.392964,0.834128,1.161356,1.115935,0.874809,1.152308,0.880608,0.617412,1.283118,1.404885,0.478283,1.337204,1.379281,0.453116,1.303603,1.102810,0.458543,1.316920,0.864278,0.725485,1.191661,0.946171,0.848043,1.243279,0.565280,0.700804,0.986922,0.244235,0.747786,0.990012,0.066260,0.586368,1.268371,0.936442,0.613654,1.294297,0.534694,0.598552,1.253154,0.100737,0.705271,1.382754,0.021084,0.643001,1.184001,0.105547
0.665154,1.249200,0.942197,0.660116,1.252735,1.038157,0.660800,1.267405,1.141700,0.657342,1.272158,1.237035,0.654262,1.277125,1.332266,0.656137,1.297351,1.466924,0.667783,1.322778,1.563169,0.684321,1.275494,1.409717,0.819982,1.209893,1.394552,0.841106,1.178305,1.117508,0.880579,1.168614,0.882008,0.626195,1.301644,1.406601,0.487165,1.356330,1.381734,0.462053,1.325616,1.104928,0.470403,1.345052,0.866886,0.735029,1.211529,0.947888,0.860887,1.277794,0.570264,0.726042,1.037759,0.232010,0.780002,1.054933,0.058216,0.595216,1.286912,0.937730,0.616615,1.300660,0.534995,0.599167,1.253287,0.101775,0.705295,1.382816,0.021222,0.645206,1.183314,0.052430
0.674571,1.268180,0.942961,0.669180,1.271792,1.038898,0.669657,1.286402,1.142451,0.666140,1.291017,1.237791,0.663095,1.295779,1.333033,0.665140,1.315638,1.467743,0.677064,1.341033,1.563963,0.693247,1.293937,1.410484,0.828744,1.228047,1.395114,0.848680,1.195159,1.118135,0.886528,1.185150,0.882385,0.635160,1.320185,1.407499,0.496217,1.375364,1.383241,0.471068,1.347953,1.106102,0.481895,1.373390,0.868724,0.744761,1.231144,0.948934,0.872426,1.310910,0.574495,0.752138,1.091041,0.218031,0.813130,1.124000,0.050560,0.604313,1.305258,0.938209,0.619907,1.307091,0.534970,0.599795,1.253302,0.102613,0.705313,1.382856,0.021299,0.644937,1.172504,0.013410
0.684122,1.287009,0.943020,0.678385,1.290760,1.038932,0.678669,1.305356,1.142487,0.675104,1.309861,1.237831,0.672107,1.314438,1.333083,0.674335,1.333945,1.467842,0.686501,1.359325,1.564035,0.702372,1.312384,1.410498,0.837760,1.246351,1.394800,0.856652,1.211934,1.117933,0.892639,1.201889,0.881894,0.644312,1.338701,1.407649,0.505445,1.394295,1.383921,0.480209,1.370521,1.106450,0.493143,1.401782,0.869894,0.754605,1.250585,0.949297,0.882714,1.342903,0.577990,0.779199,1.146522,0.202545,0.847184,1.196218,0.043123,0.613566,1.323476,0.937965,0.623434,1.313519,0.534674,0.600469,1.253216,0.103311,0.705323,1.382878,0.021315,0.641064,1.157725,-0.019861
0.693612,1.305859,0.942314,0.687669,1.309745,1.038208,0.687862,1.324361,1.141761,0.684317,1.328810,1.237108,0.681413,1.333271,1.332369,0.683864,1.352543,1.467158,0.696281,1.377940,1.563314,0.711801,1.331046,1.409721,0.847076,1.264870,1.393669,0.864745,1.228965,1.116912,0.898978,1.218905,0.880609,0.653771,1.357441,1.407003,0.515005,1.413455,1.383679,0.489674,1.393354,1.105921,0.504265,1.430038,0.870225,0.764351,1.269966,0.948790,0.891996,1.373515,0.580260,0.806986,1.203346,0.187790,0.881914,1.268620,0.037304,0.622796,1.341796,0.937060,0.627068,1.320204,0.534121,0.601182,1.253121,0.103935,0.705327,1.382899,0.021225,0.635956,1.148723,-0.056174
0.702960,1.324758,0.940747,0.697002,1.328760,1.036636,0.697248,1.343442,1.140180,0.693815,1.347909,1.235530,0.691063,1.352356,1.330796,0.693792,1.371566,1.465589,0.706476,1.397025,1.561694,0.721583,1.350019,1.408061,0.856736,1.283679,1.391654,0.872818,1.246319,1.114998,0.905517,1.236271,0.878476,0.663587,1.376502,1.405461,0.524954,1.432949,1.382385,0.499581,1.416529,1.104393,0.515314,1.458221,0.869592,0.773908,1.289284,0.947271,0.900344,1.402790,0.581212,0.835845,1.261408,0.173966,0.918053,1.340391,0.033048,0.631935,1.360278,0.935446,0.630732,1.327112,0.533283,0.601930,1.252993,0.104438,0.705406,1.382896,0.020982,0.629933,1.148553,-0.101232
0.712247,1.343677,0.938415,0.706412,1.347792,1.034307,0.706816,1.362574,1.137836,0.703562,1.367112,1.233189,0.701006,1.371616,1.328458,0.704055,1.390880,1.463236,0.717014,1.416431,1.559281,0.731668,1.369208,1.405611,0.866696,1.302704,1.388823,0.881012,1.263929,1.112264,0.912283,1.253915,0.875549,0.673710,1.395787,1.403123,0.535235,1.452672,1.380169,0.509813,1.439968,1.101988,0.526237,1.486268,0.868121,0.783367,1.308542,0.944883,0.907685,1.430683,0.580938,0.865431,1.320814,0.160875,0.954867,1.412347,0.030409,0.641052,1.378863,0.933171,0.634504,1.334277,0.532189,0.602719,1.252857,0.104868,0.705479,1.382891,0.020633,0.622676,1.154161,-0.149332
0.721518,1.362705,0.935543,0.715920,1.366905,1.031444,0.716561,1.381785,1.134958,0.713534,1.386407,1.230314,0.711203,1.390992,1.325585,0.714598,1.410354,1.460341,0.727859,1.436005,1.556317,0.742011,1.388539,1.402616,0.876870,1.321793,1.385440,0.889474,1.281925,1.108948,0.919430,1.271686,0.872073,0.684109,1.415252,1.400236,0.545837,1.472649,1.377336,0.520210,1.463471,1.099029,0.536983,1.513799,0.866010,0.792791,1.327857,0.941861,0.914043,1.456806,0.579222,0.894466,1.381029,0.150161,0.989912,1.483971,0.030949,0.650174,1.397608,0.930451,0.638495,1.342053,0.530933,0.603559,1.252872,0.105435,0.705298,1.382978,0.020279,0.615589,1.166128,-0.192162
0.730703,1.381762,0.932111,0.725480,1.385996,1.028032,0.726458,1.400969,1.131529,0.723716,1.405695,1.226888,0.721644,1.410404,1.322159,0.725416,1.429941,1.456879,0.739029,1.455715,1.552772,0.752597,1.407964,1.399043,0.887219,1.340833,1.381514,0.898211,1.300343,1.105041,0.926984,1.289536,0.868042,0.694777,1.434860,1.396761,0.556765,1.492859,1.373809,0.530759,1.487151,1.095448,0.547507,1.540887,0.863174,0.802107,1.347134,0.938159,0.919095,1.480841,0.575797,0.923086,1.443171,0.142217,1.023012,1.556221,0.034991,0.659233,1.416444,0.927294,0.642632,1.350412,0.529545,0.604472,1.252984,0.106136,0.704622,1.383263,0.019984,0.606096,1.185877,-0.229123
0.739872,1.400928,0.928140,0.735138,1.405169,1.024086,0.736532,1.420231,1.127565,0.734123,1.425074,1.222928,0.732337,1.429931,1.318197,0.736515,1.449688,1.452873,0.750506,1.475592,1.548677,0.763441,1.427532,1.394924,0.897782,1.359936,1.377037,0.907216,1.319147,1.100551,0.934919,1.307515,0.863462,0.705720,1.454647,1.392737,0.568015,1.513322,1.369665,0.541475,1.510894,1.091311,0.557853,1.567458,0.859698,0.811388,1.366469,0.933824,0.923163,1.503107,0.570929,0.951155,1.506122,0.136652,1.054341,1.628141,0.042213,0.668298,1.435440,0.923690,0.646988,1.359383,0.527995,0.605435,1.253248,0.106974,0.703693,1.383639,0.019683,0.596774,1.211984,-0.260813
0.749286,1.420529,0.923910,0.745046,1.424799,1.019878,0.746857,1.439919,1.123343,0.744780,1.444828,1.218711,0.743276,1.449759,1.313981,0.747855,1.469603,1.448631,0.762204,1.495573,1.544365,0.774536,1.447321,1.390597,0.908594,1.379290,1.372247,0.916603,1.338365,1.095735,0.943307,1.325623,0.858591,0.716928,1.474681,1.388526,0.579556,1.534123,1.365440,0.552238,1.534153,1.087140,0.568114,1.592914,0.856039,0.820921,1.386260,0.929231,0.927242,1.524166,0.565206,0.976980,1.566001,0.133936,1.081983,1.696336,0.053208,0.677599,1.454849,0.919825,0.651900,1.369406,0.526289,0.606395,1.253996,0.108167,0.702986,1.383877,0.019288,0.596756,1.240762,-0.280722
0.758910,1.440563,0.919305,0.755192,1.444918,1.015290,0.757422,1.460073,1.118741,0.755672,1.464991,1.214115,0.754436,1.469907,1.309390,0.759396,1.489671,1.444040,0.774061,1.515626,1.539730,0.785863,1.467327,1.385993,0.919654,1.398933,1.367050,0.926368,1.357981,1.090508,0.952142,1.343813,0.853343,0.728388,1.494975,1.384055,0.591411,1.555379,1.361141,0.563047,1.556753,1.082938,0.578359,1.617098,0.852196,0.830700,1.406563,0.924256,0.931399,1.543220,0.558200,1.000912,1.622982,0.135766,1.105655,1.761587,0.071125,0.687075,1.474613,0.915588,0.657339,1.380260,0.524378,0.607313,1.255133,0.109549,0.702720,1.383848,0.018681,0.611326,1.272070,-0.286036
0.768779,1.461032,0.914442,0.765588,1.465494,1.010440,0.768239,1.480654,1.113881,0.766813,1.485529,1.209262,0.765841,1.490355,1.304546,0.771178,1.509908,1.439213,0.786138,1.535783,1.534879,0.797442,1.487555,1.381181,0.930962,1.418827,1.361541,0.936516,1.378011,1.084955,0.961431,1.362133,0.847804,0.740113,1.515516,1.379397,0.603559,1.576973,1.356761,0.573904,1.578868,1.078700,0.588517,1.640167,0.848169,0.840731,1.427323,0.919023,0.935565,1.561068,0.550338,1.022600,1.676890,0.140445,1.125640,1.823115,0.092816,0.696786,1.494790,0.911090,0.663332,1.392166,0.522309,0.608228,1.256754,0.111286,0.702677,1.383681,0.017980,0.635200,1.306048,-0.279569
0.779250,1.482266,0.909950,0.776422,1.486811,1.005958,0.779410,1.501888,1.109401,0.778265,1.506620,1.204794,0.777549,1.511230,1.300089,0.783281,1.530372,1.434797,0.798534,1.556080,1.530461,0.809327,1.508091,1.376708,0.942554,1.439037,1.356240,0.947169,1.398522,1.079593,0.971273,1.380725,0.842497,0.752129,1.536331,1.375134,0.615901,1.598632,1.352820,0.584696,1.600473,1.074939,0.598467,1.661986,0.844422,0.851319,1.448767,0.914280,0.940527,1.580666,0.543496,1.039303,1.723320,0.143356,1.140861,1.875189,0.109421,0.707145,1.515814,0.906847,0.670305,1.406226,0.520238,0.609197,1.259484,0.114094,0.702670,1.383541,0.017450,0.661656,1.339440,-0.263247
0.790570,1.504251,0.906012,0.787845,1.508913,1.002019,0.791028,1.523844,1.105480,0.790084,1.528332,1.200887,0.789597,1.532588,1.296201,0.795733,1.551084,1.430981,0.811277,1.576519,1.526672,0.821541,1.528962,1.372718,0.954418,1.459544,1.351257,0.958450,1.419502,1.074529,0.981803,1.399550,0.837533,0.764452,1.557433,1.371416,0.628426,1.620283,1.349400,0.595260,1.621578,1.071747,0.608132,1.682591,0.841030,0.862692,1.470855,0.910305,0.946328,1.603145,0.538368,1.049095,1.760217,0.143141,1.150203,1.914886,0.118832,0.718413,1.537696,0.902947,0.678353,1.422237,0.518336,0.609868,1.263067,0.118115,0.702663,1.383480,0.017251,0.693708,1.370790,-0.232737
0.802492,1.527001,0.902446,0.799707,1.531756,0.998447,0.803002,1.546453,1.101939,0.802214,1.550597,1.197364,0.801947,1.554372,1.292701,0.808504,1.572023,1.427577,0.824338,1.597098,1.523316,0.834062,1.550142,1.369068,0.966566,1.480368,1.346482,0.970236,1.440962,1.069657,0.992886,1.418648,0.832801,0.777066,1.578808,1.368093,0.641144,1.641999,1.346418,0.605758,1.642173,1.069030,0.617588,1.701948,0.837918,0.874621,1.493628,0.906819,0.952924,1.627374,0.534259,1.053901,1.789636,0.141158,1.154781,1.945129,0.123157,0.730328,1.560426,0.899302,0.687380,1.440403,0.516431,0.610593,1.267759,0.123207,0.702693,1.383445,0.017224,0.728342,1.401554,-0.192373
0.814634,1.550887,0.899337,0.811745,1.555488,0.995340,0.815156,1.569745,1.098887,0.814547,1.573382,1.194332,0.814543,1.576541,1.289689,0.821591,1.593189,1.424666,0.837724,1.617836,1.520465,0.846879,1.571637,1.365871,0.979059,1.501636,1.342113,0.982292,1.463010,1.065174,1.004223,1.438277,0.828489,0.789947,1.600435,1.365297,0.653998,1.663733,1.344139,0.616566,1.662205,1.067026,0.626942,1.719813,0.835325,0.886721,1.517425,0.903737,0.960969,1.652921,0.530958,1.056754,1.813340,0.136865,1.156875,1.968957,0.119867,0.742514,1.584402,0.896167,0.697525,1.462430,0.514156,0.612486,1.274954,0.129658,0.702693,1.383442,0.017155,0.749799,1.432836,-0.157072
0.826867,1.576461,0.896587,0.823926,1.580514,0.992612,0.827518,1.594012,1.096251,0.827143,1.596893,1.191719,0.827461,1.599232,1.287096,0.835069,1.614641,1.422184,0.851516,1.638753,1.518065,0.860069,1.593547,1.363062,0.991956,1.523373,1.338177,0.994535,1.485673,1.061104,1.015751,1.458479,0.824625,0.803163,1.622403,1.362981,0.667025,1.685564,1.342646,0.627873,1.681519,1.065809,0.636328,1.735984,0.833267,0.898849,1.542763,0.900839,0.970898,1.680473,0.528424,1.057759,1.830800,0.128813,1.155751,1.986272,0.104525,0.754850,1.610207,0.893569,0.709108,1.488738,0.511328,0.615882,1.284374,0.137770,0.702613,1.384032,0.016365,0.747815,1.473680,-0.140173
0.839320,1.603172,0.894295,0.836284,1.606429,0.990349,0.840061,1.618961,1.094104,0.839942,1.620924,1.189597,0.840623,1.622307,1.284991,0.848862,1.636320,1.420196,0.865633,1.659829,1.516170,0.873555,1.615772,1.360708,1.005200,1.545555,1.334646,1.007048,1.508922,1.057423,1.027534,1.479213,0.821181,0.816645,1.644625,1.361192,0.680186,1.707413,1.341856,0.639490,1.700270,1.065304,0.645612,1.750664,0.831729,0.911147,1.569126,0.898344,0.982276,1.709343,0.526699,1.056811,1.842545,0.118450,1.152142,1.997171,0.081568,0.767457,1.637259,0.891481,0.721810,1.518908,0.508130,0.620447,1.296297,0.147241,0.702502,1.384652,0.015535,0.732653,1.515043,-0.128338
0.852006,1.629742,0.892837,0.848657,1.632167,0.988905,0.852532,1.643746,1.092769,0.852653,1.644825,1.188280,0.853743,1.645309,1.283682,0.862730,1.658036,1.418969,0.879838,1.681027,1.515011,0.887103,1.638018,1.359123,1.018675,1.568230,1.331640,1.019841,1.532781,1.054258,1.039452,1.500610,0.818264,0.830173,1.666817,1.360203,0.693307,1.728996,1.341786,0.651221,1.718877,1.065524,0.654497,1.764226,0.830909,0.923650,1.595311,0.896828,0.994453,1.737037,0.525694,1.056627,1.851929,0.109575,1.150528,2.004988,0.061772,0.780322,1.664204,0.890083,0.734816,1.553398,0.504755,0.626282,1.312955,0.157454,0.702438,1.383626,0.016491,0.719342,1.530897,-0.096479
0.865138,1.656049,0.892338,0.861092,1.657640,0.988390,0.864923,1.668299,1.092353,0.865260,1.668545,1.187867,0.866846,1.668200,1.283261,0.876817,1.679765,1.418580,0.894269,1.702337,1.514660,0.900836,1.660246,1.358383,1.032612,1.591733,1.328902,1.033115,1.557439,1.051369,1.051562,1.522705,0.815653,0.843875,1.688943,1.360133,0.706478,1.750135,1.342434,0.662900,1.737433,1.066506,0.662593,1.776676,0.830815,0.936544,1.621167,0.896545,1.008027,1.763123,0.525606,1.058692,1.859820,0.103548,1.153481,2.010104,0.048870,0.793681,1.690956,0.889367,0.747798,1.593666,0.500693,0.633372,1.335968,0.168153,0.701690,1.377332,0.019590,0.717485,1.502268,-0.022709
0.878504,1.682215,0.892674,0.873542,1.682936,0.988694,0.877243,1.692688,1.092749,0.877779,1.692136,1.188260,0.879906,1.691018,1.283636,0.890979,1.701531,1.418953,0.908787,1.723769,1.515045,0.914631,1.682494,1.358413,1.046781,1.615729,1.326688,1.046669,1.582706,1.048996,1.063809,1.545463,0.813569,0.857622,1.711040,1.360863,0.719609,1.771008,1.343803,0.674694,1.755845,1.068214,0.670289,1.788009,0.831439,0.949643,1.646845,0.897240,1.022400,1.788034,0.526239,1.061522,1.865350,0.099009,1.158429,2.012137,0.039129,0.807298,1.717602,0.889342,0.761085,1.638253,0.496452,0.641732,1.363716,0.179594,0.700989,1.369391,0.024476,0.717479,1.448131,0.071084
0.891474,1.707324,0.893853,0.885708,1.707256,0.989837,0.889272,1.716271,1.093966,0.889968,1.715101,1.189473,0.892552,1.713422,1.284832,0.904548,1.723221,1.420130,0.922738,1.745315,1.516184,0.927884,1.704587,1.359300,1.060373,1.639266,1.325879,1.059909,1.608032,1.047990,1.075908,1.568911,0.812774,0.870800,1.732937,1.362310,0.732252,1.791858,1.345915,0.686909,1.774252,1.070543,0.678455,1.798581,0.832955,0.962419,1.671601,0.898728,1.035122,1.810569,0.526926,1.063379,1.869263,0.095675,1.162131,2.013271,0.032118,0.820451,1.743054,0.890210,0.774846,1.683236,0.493753,0.651513,1.393569,0.191925,0.702606,1.368986,0.031906,0.705540,1.399385,0.144331
0.904040,1.730907,0.896044,0.897611,1.730141,0.991984,0.901001,1.738644,1.096164,0.901768,1.737105,1.191667,0.904647,1.735163,1.287016,0.917250,1.744729,1.422281,0.935884,1.766955,1.518217,0.940338,1.726404,1.361225,1.073011,1.661834,1.327006,1.072583,1.633503,1.048828,1.087663,1.593021,0.813758,0.883150,1.754525,1.364568,0.744252,1.812872,1.349017,0.700135,1.792672,1.073636,0.687736,1.808007,0.835588,0.974895,1.695020,0.901157,1.045315,1.830304,0.527554,1.063302,1.871314,0.093749,1.163085,2.013943,0.028492,0.833100,1.766788,0.892166,0.789350,1.727966,0.493171,0.662898,1.424822,0.206278,0.707478,1.378680,0.044096,0.668629,1.372971,0.175425
0.916210,1.753434,0.899077,0.909230,1.752051,0.994970,0.912438,1.760212,1.099182,0.913238,1.758484,1.194681,0.916327,1.756490,1.290022,0.929358,1.766161,1.425236,0.948462,1.788711,1.521004,0.952251,1.748067,1.364007,1.085072,1.683943,1.329538,1.084943,1.659031,1.051031,1.099271,1.617821,0.816032,0.894932,1.775913,1.367542,0.755765,1.833862,1.352863,0.713782,1.811087,1.077351,0.697487,1.816673,0.839112,0.987049,1.717518,0.904379,1.053859,1.847664,0.528237,1.062253,1.871749,0.093028,1.162793,2.013716,0.027596,0.845286,1.789328,0.895017,0.804328,1.773091,0.494131,0.675703,1.458180,0.221522,0.714669,1.395910,0.058831,0.619786,1.351948,0.185973
0.927388,1.775389,0.902453,0.920196,1.773565,0.998323,0.923390,1.781543,1.102548,0.924315,1.779747,1.198043,0.927633,1.777804,1.293375,0.941018,1.787714,1.428535,0.960535,1.810633,1.524133,0.963797,1.769768,1.367184,1.096874,1.706169,1.332769,1.097150,1.683811,1.054020,1.111039,1.643414,0.818884,0.906313,1.797258,1.370866,0.766803,1.854511,1.356741,0.726392,1.829586,1.081160,0.706636,1.826093,0.843020,0.998289,1.739589,0.907759,1.060941,1.862718,0.528642,1.061384,1.872043,0.092623,1.162526,2.013461,0.027043,0.856403,1.811158,0.898391,0.819143,1.816642,0.496619,0.689529,1.493124,0.234408,0.723636,1.422172,0.070217,0.584347,1.316402,0.200216
0.937157,1.797042,0.906182,0.930248,1.794982,1.002070,0.933701,1.802940,1.106289,0.934928,1.801183,1.201781,0.938554,1.799365,1.297104,0.952273,1.809597,1.432206,0.972152,1.832884,1.527641,0.975047,1.791690,1.370778,1.108572,1.728860,1.336693,1.109344,1.707542,1.057853,1.123135,1.669988,0.822242,0.917347,1.818693,1.374596,0.777328,1.874685,1.360541,0.737100,1.848408,1.085044,0.714587,1.836740,0.847393,1.008241,1.761586,0.911211,1.066298,1.875170,0.528525,1.061072,1.872645,0.092266,1.162739,2.013437,0.026143,0.865988,1.832467,0.902401,0.833421,1.857765,0.500883,0.704166,1.529243,0.244222,0.733763,1.458850,0.075970,0.580015,1.246317,0.233028
0.945932,1.818123,0.910254,0.939647,1.816004,1.006183,0.943526,1.824100,1.110377,0.945148,1.822502,1.205867,0.949101,1.820912,1.301181,0.963081,1.831602,1.436222,0.983263,1.855301,1.531491,0.985931,1.813650,1.374767,1.120010,1.751667,1.341316,1.121386,1.730523,1.062471,1.135392,1.697355,0.826180,0.927981,1.840085,1.378676,0.787377,1.894518,1.364373,0.746770,1.867313,1.089023,0.721937,1.848141,0.852149,1.017279,1.783157,0.914821,1.070193,1.885317,0.528130,1.060939,1.873105,0.092224,1.162977,2.013386,0.025586,0.874505,1.853066,0.906934,0.847537,1.897314,0.506677,0.719825,1.566947,0.251678,0.745666,1.504559,0.078375,0.589086,1.161708,0.269535
0.954372,1.838313,0.914131,0.948805,1.836317,1.010106,0.953132,1.844686,1.114260,0.955126,1.843352,1.209746,0.959344,1.842071,1.305054,0.973464,1.853305,1.440035,0.993777,1.877453,1.535164,0.996413,1.835294,1.378629,1.131049,1.774116,1.345943,1.133026,1.752848,1.067118,1.147619,1.725053,0.830204,0.938223,1.861186,1.382562,0.797080,1.914092,1.367855,0.756531,1.885670,1.092631,0.729411,1.860396,0.856539,1.025934,1.803739,0.918223,1.073614,1.894116,0.527863,1.061001,1.873555,0.092408,1.163151,2.013408,0.025055,0.882736,1.872870,0.911286,0.861984,1.935867,0.513248,0.736733,1.606959,0.255668,0.760658,1.556648,0.078394,0.583791,1.102698,0.289354
0.962608,1.857209,0.917732,0.957824,1.855617,1.013751,0.962593,1.864445,1.117846,0.964895,1.863512,1.213329,0.969277,1.862634,1.308634,0.983366,1.874492,1.443564,1.003548,1.899127,1.538596,1.006416,1.856440,1.382317,1.141589,1.795973,1.350549,1.144114,1.774414,1.071751,1.159794,1.753001,0.834295,0.948009,1.881843,1.386183,0.806406,1.933332,1.370902,0.766870,1.903084,1.095735,0.737160,1.873658,0.860378,1.034282,1.822818,0.921383,1.076878,1.901385,0.527914,1.061420,1.873983,0.092846,1.163211,2.013570,0.024418,0.890869,1.891588,0.915322,0.877029,1.973940,0.520683,0.755093,1.649424,0.255783,0.779623,1.615702,0.075889,0.548662,1.089617,0.284787
0.970509,1.875213,0.921138,0.966602,1.874207,1.017206,0.971835,1.883630,1.121226,0.974421,1.883203,1.216706,0.978907,1.882809,1.312009,0.992843,1.895377,1.446892,1.012723,1.920537,1.541850,1.016018,1.877269,1.385878,1.151729,1.817472,1.355159,1.154801,1.795323,1.076414,1.171939,1.781280,0.838473,0.957403,1.902209,1.389611,0.815385,1.952313,1.373600,0.777300,1.919949,1.098468,0.745033,1.887774,0.863850,1.042247,1.840908,0.924335,1.079667,1.907306,0.528092,1.062033,1.874399,0.093509,1.163207,2.013806,0.023807,0.898717,1.909511,0.919176,0.892406,2.011018,0.528896,0.774703,1.694195,0.252431,0.801675,1.681136,0.070999,0.499167,1.102136,0.263532
0.978334,1.893214,0.924064,0.975249,1.892685,1.020170,0.980910,1.902659,1.124119,0.983751,1.902729,1.219593,0.988318,1.902842,1.314893,1.002088,1.916178,1.449719,1.021649,1.941888,1.544596,1.025410,1.897974,1.388927,1.161628,1.838849,1.359154,1.165283,1.815976,1.080477,1.183924,1.809670,0.842305,0.966606,1.922491,1.392508,0.824228,1.971350,1.375819,0.787486,1.936822,1.100763,0.753304,1.902382,0.866758,1.050131,1.858992,0.926810,1.082011,1.913387,0.528232,1.062377,1.874962,0.094223,1.163188,2.014016,0.023294,0.906493,1.927433,0.922548,0.907801,2.046138,0.536880,0.795189,1.741557,0.245736,0.825471,1.748529,0.065097,0.453941,1.119388,0.228295
0.986153,1.911476,0.926460,0.983784,1.911185,1.022589,0.989813,1.921590,1.126475,0.992878,1.922103,1.221942,0.997517,1.922722,1.317236,1.011138,1.936879,1.451993,1.030406,1.963165,1.546772,1.034647,1.918531,1.391384,1.171333,1.860109,1.362374,1.175555,1.836389,1.083776,1.195641,1.838157,0.845686,0.975674,1.942666,1.394809,0.832995,1.990457,1.377586,0.797305,1.953758,1.102675,0.762122,1.917351,0.869096,1.058029,1.877386,0.928752,1.083798,1.920330,0.528308,1.062225,1.875802,0.094977,1.163167,2.014171,0.022910,0.914242,1.945565,0.925395,0.923313,2.078946,0.544588,0.816526,1.791527,0.234869,0.850756,1.816261,0.058035,0.418022,1.138373,0.171629
0.993897,1.929734,0.928376,0.992189,1.929572,1.024518,0.998548,1.940365,1.128345,1.001808,1.941313,1.223801,1.006498,1.942460,1.319089,1.019955,1.957496,1.453768,1.038915,1.984383,1.548440,1.043673,1.938964,1.393329,1.180796,1.881246,1.364979,1.185622,1.856545,1.086475,1.207198,1.866755,0.848720,0.984552,1.962756,1.396580,0.841626,2.009619,1.378874,0.806880,1.970701,1.104148,0.771339,1.932811,0.870869,1.065845,1.895773,0.930217,1.085140,1.927433,0.528346,1.061803,1.876789,0.095782,1.163131,2.014299,0.022623,0.921921,1.963695,0.927761,0.938844,2.109797,0.552066,0.838738,1.844086,0.220659,0.877784,1.885953,0.049963,0.386373,1.162092,0.100980
1.001618,1.948086,0.929675,1.000515,1.948037,1.025825,1.007177,1.959223,1.129591,1.010605,1.960628,1.225036,1.015328,1.962335,1.320313,1.028619,1.978299,1.454901,1.047294,2.005794,1.549456,1.052519,1.959531,1.394622,1.190034,1.902473,1.366833,1.195696,1.876790,1.088436,1.218787,1.895293,0.851294,0.993272,1.983038,1.397684,0.850152,2.029107,1.379477,0.816248,1.988032,1.104958,0.780778,1.948792,0.871902,1.073603,1.914179,0.931103,1.086401,1.934105,0.528256,1.061326,1.877693,0.096491,1.163091,2.014391,0.022416,0.929613,1.981991,0.929473,0.953782,2.138792,0.558446,0.861524,1.899465,0.205706,0.905975,1.958047,0.042706,0.362516,1.178684,0.041391
1.009333,1.966632,0.930287,1.008798,1.966651,1.026443,1.015752,1.978217,1.130149,1.019336,1.980086,1.225581,1.024084,1.982377,1.320845,1.037216,1.999318,1.455329,1.055643,2.027422,1.549752,1.061251,1.980268,1.395190,1.199128,1.923905,1.367772,1.205960,1.897149,1.089506,1.230529,1.923827,0.853318,1.001904,2.003545,1.398049,0.858643,2.048971,1.379324,0.825398,2.005840,1.105038,0.790424,1.965213,0.872144,1.081310,1.932690,0.931313,1.087584,1.939983,0.527944,1.060835,1.878373,0.096978,1.163043,2.014430,0.022325,0.937343,2.000574,0.930487,0.968104,2.166090,0.563663,0.884692,1.958211,0.189980,0.935814,2.033253,0.036105,0.346695,1.181556,0.004872
1.017025,1.985272,0.930282,1.017001,1.985343,1.026439,1.024220,1.997294,1.130084,1.027934,1.999648,1.225500,1.032690,2.002556,1.320748,1.045659,2.020522,1.455115,1.063863,2.049242,1.549397,1.069802,2.001139,1.395106,1.207995,1.945426,1.367960,1.216230,1.917597,1.089838,1.242303,1.952302,0.854880,1.010378,2.024244,1.397748,0.867028,2.069160,1.378486,0.834342,2.024036,1.104453,0.800294,1.982154,0.871645,1.088958,1.951221,0.930944,1.088686,1.945429,0.527503,1.060288,1.878968,0.097370,1.162990,2.014431,0.022313,0.945087,2.019321,0.930847,0.981835,2.191531,0.567781,0.908434,2.019776,0.173511,0.966817,2.110861,0.030318,0.338665,1.177302,-0.020587
1.024700,2.003790,0.929733,1.025072,2.004091,1.025889,1.032484,2.016544,1.129459,1.036267,2.019470,1.224856,1.040988,2.023052,1.320081,1.053770,2.042091,1.454318,1.071767,2.071433,1.548448,1.077999,2.022302,1.394457,1.216399,1.966897,1.367757,1.226165,1.938411,1.089750,1.253948,1.980377,0.856131,1.018526,2.045306,1.396851,0.875128,2.089792,1.376970,0.843151,2.042743,1.103178,0.810258,1.999879,0.870383,1.096543,1.969541,0.930185,1.090063,1.950942,0.527128,1.059781,1.879669,0.097906,1.162955,2.014435,0.022257,0.952859,2.038040,0.930511,0.994436,2.214741,0.570121,0.933015,2.082740,0.159001,0.996954,2.189181,0.027655,0.341211,1.173843,-0.045981
1.032363,2.021962,0.928619,1.033019,2.022795,1.024769,1.040556,2.035956,1.128241,1.044348,2.039602,1.223611,1.048990,2.043963,1.318806,1.061559,2.064161,1.452891,1.079361,2.094154,1.546852,1.085829,2.043849,1.393210,1.224266,1.988191,1.367250,1.235794,1.959716,1.089313,1.265599,2.008031,0.857154,1.026341,2.066837,1.395316,0.882929,2.110932,1.374690,0.851868,2.062035,1.101116,0.820288,2.018538,0.868254,1.104057,1.987399,0.929056,1.091745,1.956417,0.526901,1.059297,1.880497,0.098620,1.162884,2.014489,0.022125,0.960678,2.056534,0.929413,1.005406,2.235359,0.570342,0.958965,2.147925,0.146676,1.025240,2.269647,0.028288,0.358411,1.169079,-0.074357
1.040009,2.040014,0.926962,1.040832,2.041556,1.023103,1.048424,2.055542,1.126463,1.052164,2.059994,1.221801,1.056685,2.065190,1.316960,1.069014,2.086596,1.450880,1.086639,2.117245,1.544662,1.093305,2.065686,1.391399,1.231669,2.009435,1.366352,1.245087,1.981387,1.088457,1.277121,2.035286,0.857865,1.033831,2.088731,1.393186,0.890444,2.132515,1.371732,0.860450,2.081838,1.098362,0.830414,2.037980,0.865362,1.111508,2.005047,0.927537,1.093703,1.961959,0.526740,1.058851,1.881429,0.099479,1.162831,2.014546,0.021947,0.968525,2.075000,0.927619,1.015246,2.253746,0.568785,0.985754,2.214508,0.136310,1.052660,2.350824,0.032044,0.386186,1.165111,-0.102667
1.047632,2.058409,0.924904,1.048434,2.060648,1.021031,1.055951,2.075422,1.124289,1.059546,2.080641,1.219595,1.063880,2.086628,1.314718,1.075921,2.109163,1.448481,1.093400,2.140405,1.542095,1.100292,2.087694,1.389214,1.238597,2.030868,1.365163,1.253613,2.003324,1.087294,1.287950,2.061876,0.858156,1.040849,2.110838,1.390663,0.897541,2.154459,1.368363,0.868839,2.102055,1.095182,0.840594,2.058022,0.861995,1.118917,2.023017,0.925759,1.096207,1.968374,0.526588,1.058586,1.882583,0.100620,1.162974,2.014503,0.021690,0.976363,2.093830,0.925280,1.024926,2.270604,0.565798,1.012063,2.278605,0.129921,1.080132,2.426720,0.040712,0.415094,1.176164,-0.132762
1.055142,2.077150,0.922411,1.055657,2.080021,1.018523,1.062952,2.095519,1.121690,1.066309,2.101457,1.216963,1.070417,2.108190,1.312046,1.082183,2.131794,1.445651,1.099613,2.163563,1.539098,1.106710,2.109820,1.386618,1.245045,2.052625,1.363616,1.261012,2.025566,1.085748,1.297768,2.087797,0.857934,1.047317,2.133116,1.387727,0.904136,2.176772,1.364669,0.877119,2.122558,1.091677,0.850922,2.078537,0.858249,1.126186,2.041303,0.923730,1.099178,1.975485,0.526527,1.058435,1.883972,0.101993,1.163515,2.014260,0.021321,0.984106,2.113033,0.922324,1.034508,2.285318,0.560979,1.038117,2.340676,0.129482,1.108956,2.496695,0.057011,0.446537,1.217020,-0.171612
1.062628,2.096235,0.919517,1.062668,2.099726,1.015610,1.069612,2.115912,1.118696,1.072638,2.122527,1.213935,1.076456,2.129961,1.308978,1.087896,2.154558,1.442432,1.105308,2.186790,1.535724,1.112639,2.132115,1.383649,1.251017,2.074572,1.361779,1.267644,2.048074,1.083894,1.306892,2.113053,0.857291,1.053314,2.155608,1.384397,0.910312,2.199446,1.360564,0.885205,2.143475,1.087745,0.861304,2.099653,0.854029,1.133414,2.059910,0.921442,1.102695,1.983469,0.526476,1.058465,1.885583,0.103649,1.164253,2.013917,0.020872,0.991839,2.132600,0.918824,1.043929,2.298503,0.554730,1.063691,2.400259,0.133021,1.137833,2.561389,0.078222,0.479111,1.272898,-0.212246
1.070355,2.116124,0.916462,1.069884,2.120191,1.012531,1.076356,2.136953,1.115555,1.078916,2.144116,1.210768,1.082278,2.152090,1.305785,1.093131,2.177425,1.439148,1.110370,2.209999,1.532352,1.118181,2.154610,1.380615,1.256521,2.096536,1.359947,1.274156,2.070637,1.082074,1.315703,2.137388,0.856398,1.058926,2.178292,1.380932,0.916186,2.222384,1.356053,0.892780,2.165097,1.083347,0.871430,2.121572,0.849333,1.140910,2.079387,0.919001,1.107258,1.993676,0.526123,1.059017,1.887491,0.105867,1.164771,2.013676,0.020410,0.999786,2.152906,0.915154,1.053967,2.312713,0.548599,1.086786,2.452086,0.136633,1.163786,2.616728,0.097981,0.499163,1.313676,-0.235603
1.078348,2.136863,0.913146,1.077395,2.141537,1.009184,1.083265,2.158779,1.112166,1.085185,2.166336,1.207363,1.087860,2.174639,1.302373,1.097740,2.200351,1.435740,1.114593,2.233119,1.528948,1.123224,2.177289,1.377447,1.261363,2.118312,1.358072,1.280829,2.093189,1.080261,1.324417,2.160766,0.855190,1.064045,2.201154,1.377226,0.921719,2.245654,1.350817,0.899551,2.187628,1.078157,0.881204,2.144412,0.843845,1.148733,2.099847,0.916286,1.112710,2.006148,0.525401,1.060012,1.889405,0.108456,1.164865,2.013653,0.019958,1.007941,2.173930,0.911238,1.065080,2.328032,0.542725,1.106660,2.494691,0.140347,1.185748,2.661245,0.116986,0.496296,1.314436,-0.227995
1.086583,2.158405,0.909668,1.085111,2.163642,1.005672,1.090259,2.181254,1.108630,1.091403,2.189074,1.203820,1.093226,2.197547,1.298836,1.101870,2.223380,1.432266,1.118183,2.256220,1.525546,1.127881,2.200167,1.374215,1.265736,2.140107,1.356204,1.287382,2.115796,1.078481,1.332818,2.183223,0.853731,1.068779,2.224208,1.373385,0.926951,2.269187,1.345176,0.905811,2.210864,1.072499,0.890720,2.168056,0.837880,1.156825,2.121177,0.913417,1.119209,2.020842,0.524379,1.061528,1.891615,0.111608,1.164739,2.013732,0.019492,1.016310,2.195693,0.907153,1.076809,2.344375,0.536968,1.124056,2.529539,0.144134,1.204787,2.696408,0.134538,0.480905,1.300097,-0.203110
1.095248,2.181076,0.906562,1.093171,2.186567,1.002540,1.097518,2.204325,1.105509,1.097818,2.212248,1.200696,1.098726,2.220773,1.295719,1.106035,2.246617,1.429226,1.121646,2.279424,1.522635,1.132587,2.223320,1.371433,1.270224,2.162363,1.354784,1.293625,2.138450,1.077159,1.340639,2.204621,0.852387,1.073546,2.247479,1.369984,0.932123,2.292681,1.340098,0.912128,2.234492,1.067313,0.899948,2.192355,0.832390,1.165320,2.143585,0.910861,1.127732,2.038976,0.522949,1.064140,1.895068,0.116176,1.164590,2.013769,0.019009,1.025140,2.218632,0.903498,1.088555,2.364045,0.532463,1.139208,2.555762,0.144007,1.221126,2.722543,0.142176,0.470530,1.315291,-0.182944
1.104602,2.205020,0.903856,1.101823,2.210348,0.999827,1.105298,2.228002,1.102848,1.104701,2.235875,1.198039,1.104647,2.244384,1.293068,1.110536,2.270237,1.426642,1.125222,2.302933,1.520237,1.137616,2.246897,1.369176,1.275163,2.185360,1.353996,1.299430,2.161195,1.076461,1.347800,2.224895,0.851259,1.078603,2.271072,1.367094,0.937391,2.315984,1.335803,0.918802,2.258504,1.062772,0.908836,2.217501,0.827537,1.174441,2.167150,0.908613,1.138077,2.061109,0.520810,1.067364,1.899132,0.122490,1.164460,2.013700,0.018541,1.034719,2.242953,0.900331,1.100079,2.389158,0.529922,1.151800,2.569997,0.136890,1.234178,2.736914,0.134119,0.475982,1.395959,-0.186481
1.114386,2.230092,0.901520,1.110819,2.234949,0.997495,1.113342,2.252276,1.100602,1.111781,2.259938,1.195801,1.110702,2.268314,1.290838,1.115071,2.294066,1.424492,1.128671,2.326543,1.518329,1.142696,2.270749,1.367370,1.280217,2.208820,1.353656,1.304925,2.183987,1.076221,1.354380,2.244111,0.850245,1.083693,2.294882,1.364645,0.942600,2.339246,1.332070,0.925534,2.282908,1.058701,0.917434,2.243303,0.823158,1.183966,2.191793,0.906677,1.150446,2.086682,0.518264,1.071684,1.904438,0.130219,1.164307,2.013589,0.018056,1.044760,2.268450,0.897593,1.111619,2.417599,0.528632,1.162147,2.575607,0.125859,1.244532,2.742258,0.116148,0.486448,1.506159,-0.194738
1.124027,2.256184,0.900006,1.119559,2.260320,0.995970,1.121065,2.277070,1.099189,1.118504,2.284297,1.194397,1.116387,2.292325,1.289444,1.119244,2.317682,1.423214,1.131775,2.349771,1.517334,1.147439,2.294508,1.366314,1.284962,2.232346,1.353665,1.310306,2.206690,1.076367,1.360354,2.262324,0.849405,1.088455,2.318617,1.363001,0.947532,2.362613,1.329210,0.931990,2.307406,1.055517,0.925861,2.269036,0.819714,1.193355,2.217480,0.905535,1.166425,2.115232,0.516106,1.079117,1.913826,0.139232,1.164208,2.013484,0.017447,1.054644,2.294940,0.895708,1.123287,2.445322,0.527587,1.171434,2.581811,0.116156,1.254171,2.747107,0.097147,0.487028,1.582707,-0.172764
1.133595,2.283951,0.899668,1.127927,2.287002,0.995592,1.128233,2.302791,1.098959,1.124559,2.309240,1.194177,1.121347,2.316585,1.289242,1.122684,2.341078,1.423189,1.134192,2.372518,1.517653,1.151510,2.318210,1.366268,1.289057,2.256019,1.353955,1.315646,2.229178,1.076892,1.365693,2.279435,0.848693,1.092577,2.342371,1.362436,0.951965,2.386413,1.327432,0.937980,2.331941,1.053501,0.934259,2.294384,0.817522,1.202654,2.244834,0.905626,1.187908,2.147395,0.514578,1.091365,1.929022,0.149655,1.164261,2.013373,0.015334,1.064467,2.323107,0.894949,1.135489,2.471010,0.526307,1.180335,2.592798,0.109630,1.264462,2.754714,0.078364,0.466014,1.599598,-0.086683
1.143019,2.312738,0.900151,1.136040,2.314455,0.996021,1.135078,2.329031,1.099562,1.130256,2.334478,1.194790,1.125938,2.340926,1.289876,1.125761,2.364261,1.424036,1.136265,2.394881,1.518884,1.155245,2.341819,1.366971,1.292844,2.279759,1.354594,1.320873,2.251577,1.077804,1.370425,2.295544,0.848155,1.096372,2.366049,1.362676,0.956122,2.410318,1.326527,0.943694,2.356570,1.052371,0.942486,2.319664,0.816264,1.211818,2.273233,0.906511,1.213000,2.182535,0.513438,1.106727,1.948299,0.161360,1.164368,2.013269,0.013099,1.074135,2.352267,0.895043,1.147820,2.495981,0.525272,1.188175,2.604378,0.104432,1.274038,2.761826,0.058551,0.435114,1.582836,0.029630
1.151505,2.340476,0.900841,1.143644,2.341004,0.996675,1.141709,2.354486,1.100363,1.135970,2.359007,1.195600,1.130718,2.364609,1.290700,1.129190,2.386835,1.425047,1.138808,2.416676,1.520243,1.159261,2.364854,1.367940,1.296925,2.302921,1.355684,1.325967,2.274135,1.079054,1.374607,2.311010,0.847999,1.100412,2.389075,1.363257,0.960448,2.433489,1.326176,0.949371,2.381164,1.051696,0.950231,2.345103,0.815449,1.220174,2.300773,0.907352,1.237610,2.218286,0.512758,1.122123,1.969321,0.173836,1.164320,2.013263,0.014771,1.082739,2.380190,0.895588,1.159176,2.520142,0.524911,1.194115,2.613210,0.100256,1.280795,2.767226,0.042851,0.414544,1.547239,0.109502
1.158449,2.366443,0.901370,1.150485,2.366122,0.997204,1.148076,2.378763,1.100995,1.141793,2.382518,1.196235,1.135860,2.387371,1.291339,1.133185,2.408570,1.425834,1.142109,2.437693,1.521322,1.163739,2.387111,1.368923,1.301459,2.325194,1.357257,1.330827,2.297144,1.080586,1.378146,2.325828,0.848183,1.104851,2.411184,1.363948,0.965058,2.455603,1.326219,0.955109,2.405930,1.051222,0.957465,2.370836,0.814825,1.227236,2.326904,0.907610,1.260769,2.253693,0.512316,1.136440,1.990929,0.187344,1.162309,2.010575,0.023284,1.089564,2.405983,0.896381,1.169569,2.544180,0.525752,1.197401,2.617495,0.097175,1.283122,2.770107,0.033842,0.420966,1.487278,0.110416
1.164455,2.391362,0.902105,1.156818,2.390337,0.997957,1.154230,2.402254,1.101826,1.147632,2.405319,1.197066,1.141191,2.409475,1.292167,1.137531,2.429697,1.426786,1.145881,2.458140,1.522528,1.168497,2.408795,1.370172,1.306288,2.346890,1.359282,1.335554,2.320313,1.082455,1.381134,2.340003,0.848749,1.109535,2.432640,1.364981,0.969837,2.476984,1.326816,0.960809,2.430660,1.051202,0.964218,2.396727,0.814642,1.233490,2.352176,0.907824,1.283445,2.289711,0.512332,1.150791,2.014281,0.201622,1.160144,2.007985,0.035705,1.095325,2.430540,0.897626,1.178988,2.567408,0.527268,1.198787,2.619031,0.095117,1.282629,2.771274,0.028946,0.437718,1.408483,0.074890
1.170543,2.415330,0.903538,1.163156,2.413564,0.999394,1.160430,2.424829,1.103329,1.153587,2.427328,1.198567,1.146747,2.430961,1.293662,1.142300,2.450508,1.428360,1.150075,2.478455,1.524297,1.173618,2.430039,1.371962,1.311538,2.368297,1.361766,1.340436,2.343019,1.084776,1.383907,2.353904,0.850033,1.114580,2.453657,1.366584,0.974891,2.497769,1.328125,0.966413,2.454604,1.051966,0.970270,2.422606,0.815165,1.239728,2.376333,0.908770,1.304452,2.326837,0.513548,1.165441,2.040518,0.215363,1.163041,2.013931,0.047277,1.101266,2.454308,0.899537,1.186293,2.587673,0.528304,1.199694,2.619859,0.093562,1.282044,2.771927,0.025565,0.435029,1.342259,0.063803
1.177180,2.438388,0.905996,1.169748,2.435674,1.001823,1.166836,2.446303,1.105821,1.159766,2.448373,1.201054,1.152630,2.451732,1.296140,1.147631,2.471074,1.430852,1.154762,2.498799,1.526904,1.179250,2.450852,1.374491,1.317427,2.389602,1.364833,1.345560,2.365177,1.087687,1.386278,2.367459,0.852264,1.120136,2.474239,1.368942,0.980323,2.517796,1.330307,0.971920,2.477383,1.053728,0.975227,2.448595,0.816538,1.246277,2.399187,0.910855,1.323173,2.365823,0.516220,1.180152,2.070026,0.229165,1.172891,2.031120,0.057048,1.107990,2.477556,0.902371,1.190531,2.603974,0.528255,1.200484,2.620409,0.092363,1.282256,2.772289,0.023177,0.389271,1.303629,0.112633
1.183899,2.460494,0.909152,1.176344,2.456795,1.004936,1.173290,2.466861,1.108984,1.166061,2.468625,1.204211,1.158737,2.471885,1.299284,1.153383,2.491324,1.433967,1.159871,2.519012,1.530074,1.185244,2.471226,1.377561,1.323736,2.410619,1.368360,1.350840,2.386871,1.091050,1.388433,2.380740,0.855213,1.126052,2.494381,1.371871,0.986031,2.537227,1.333200,0.977332,2.499375,1.056274,0.979482,2.474571,0.818617,1.252810,2.420926,0.913673,1.340226,2.405917,0.520092,1.195161,2.102418,0.242431,1.187804,2.056845,0.065969,1.114893,2.500014,0.905873,1.192655,2.617311,0.527727,1.200795,2.620251,0.091668,1.282377,2.772135,0.022305,0.324072,1.277570,0.185903
1.190317,2.481623,0.912509,1.182707,2.477230,1.008264,1.179571,2.486930,1.112345,1.172244,2.488518,1.207567,1.164797,2.491759,1.302630,1.159206,2.511348,1.437280,1.165142,2.539048,1.533419,1.191236,2.491267,1.380850,1.329936,2.431080,1.371985,1.356305,2.407730,1.094565,1.391270,2.394336,0.858529,1.132000,2.514281,1.375050,0.991815,2.556686,1.336483,0.982597,2.520969,1.059288,0.983998,2.499986,0.821232,1.259132,2.441859,0.916776,1.356275,2.445364,0.525132,1.211447,2.137676,0.252058,1.207329,2.091426,0.072131,1.121406,2.521330,0.909489,1.194379,2.628538,0.527388,1.200965,2.620136,0.091398,1.282466,2.771991,0.021919,0.280534,1.250411,0.238059
1.196180,2.501501,0.916077,1.188679,2.496925,1.011834,1.185557,2.506578,1.115921,1.178208,2.508179,1.211141,1.170697,2.511490,1.306197,1.164976,2.531236,1.440818,1.170470,2.558972,1.536974,1.197094,2.511015,1.384430,1.335798,2.450811,1.375724,1.362069,2.427619,1.098278,1.395149,2.408397,0.862315,1.137874,2.534045,1.378543,0.997640,2.576504,1.340217,0.987606,2.542277,1.062857,0.989123,2.524646,0.824527,1.265062,2.461836,0.920202,1.371489,2.483740,0.531669,1.229236,2.175969,0.256902,1.232439,2.136765,0.074532,1.127203,2.541107,0.913198,1.196294,2.637456,0.527543,1.201084,2.620315,0.091671,1.282537,2.772033,0.021836,0.276829,1.213847,0.251697
1.201742,2.520401,0.919845,1.194418,2.515934,1.015620,1.191370,2.525738,1.119695,1.184060,2.527481,1.214915,1.176549,2.530941,1.309966,1.170816,2.550898,1.444555,1.175960,2.578720,1.540704,1.202950,2.530431,1.388229,1.341549,2.469987,1.379561,1.368019,2.446672,1.102143,1.399709,2.422772,0.866469,1.143779,2.553567,1.382285,1.003540,2.596350,1.344340,0.992467,2.563186,1.066894,0.994508,2.548744,0.828358,1.270782,2.481008,0.923912,1.385699,2.521468,0.539376,1.248302,2.217127,0.258107,1.262160,2.190960,0.074173,1.132609,2.559741,0.917022,1.197809,2.644264,0.527888,1.201061,2.620537,0.092369,1.282577,2.772085,0.022240,0.294785,1.176184,0.244221
1.207386,2.539124,0.923289,1.200162,2.534720,1.019073,1.197155,2.544630,1.123139,1.189890,2.546471,1.218361,1.182415,2.550038,1.313410,1.176742,2.570147,1.447979,1.181672,2.598063,1.544113,1.208837,2.549509,1.391716,1.347348,2.488861,1.383080,1.373842,2.464917,1.105724,1.404761,2.437594,0.870326,1.149700,2.572728,1.385760,1.009424,2.615853,1.348348,0.997461,2.583746,1.070817,1.000071,2.572319,0.832122,1.276651,2.500134,0.927348,1.399063,2.558065,0.547231,1.268934,2.260627,0.256005,1.293118,2.248623,0.072155,1.138030,2.578063,0.920471,1.198869,2.650415,0.528179,1.200966,2.620790,0.093058,1.282609,2.772144,0.022657,0.320990,1.148670,0.222289
1.213252,2.557899,0.926331,1.205986,2.553381,1.022106,1.202951,2.563269,1.126173,1.195727,2.565104,1.221398,1.188323,2.568700,1.316452,1.182793,2.588884,1.451016,1.187690,2.616911,1.547119,1.214765,2.568204,1.394819,1.353233,2.507444,1.386265,1.379300,2.482184,1.108990,1.410287,2.452872,0.873805,1.155635,2.591459,1.388908,1.015270,2.634947,1.352256,1.002818,2.603894,1.074621,1.006024,2.595229,0.835812,1.282809,2.519441,0.930424,1.411902,2.593401,0.555287,1.291509,2.306092,0.250217,1.324400,2.307970,0.068328,1.143606,2.596303,0.923475,1.199189,2.656180,0.528364,1.200757,2.621106,0.093613,1.282638,2.772215,0.022965,0.358035,1.138423,0.181661
1.219200,2.576495,0.929047,1.211814,2.571820,1.024806,1.208719,2.581641,1.128877,1.201542,2.583426,1.224107,1.194243,2.587007,1.319170,1.188931,2.607209,1.453740,1.193931,2.635354,1.549804,1.220725,2.586561,1.397610,1.359165,2.525725,1.389132,1.384632,2.498643,1.111972,1.416305,2.468597,0.876988,1.161585,2.609829,1.391789,1.021099,2.653697,1.356048,1.008308,2.623694,1.078311,1.012154,2.617615,0.839433,1.289115,2.538702,0.933224,1.423896,2.627607,0.563492,1.315649,2.353898,0.241122,1.356918,2.370786,0.062842,1.149197,2.614232,0.926103,1.199054,2.661287,0.528495,1.200475,2.621454,0.094158,1.282659,2.772293,0.023286,0.403329,1.138324,0.126577
1.225192,2.595021,0.931150,1.217661,2.590201,1.026890,1.214479,2.599929,1.130968,1.207344,2.601617,1.226202,1.200153,2.605119,1.321276,1.195053,2.625233,1.455867,1.200202,2.653425,1.551909,1.226717,2.604703,1.399767,1.365185,2.543931,1.391320,1.390238,2.514836,1.114327,1.422682,2.484873,0.879459,1.167542,2.627917,1.394061,1.026881,2.671929,1.359179,1.013510,2.643387,1.081324,1.017747,2.639942,0.842405,1.295509,2.558001,0.935446,1.434232,2.660592,0.570670,1.340513,2.404658,0.230187,1.390037,2.437036,0.057245,1.154787,2.631981,0.928083,1.199268,2.666379,0.528487,1.200308,2.621736,0.094632,1.282682,2.772357,0.023514,0.435684,1.138269,0.076419
1.231211,2.613478,0.932544,1.223480,2.608517,1.028261,1.220164,2.618111,1.132346,1.213056,2.619636,1.227586,1.205973,2.622970,1.322673,1.201082,2.642853,1.457307,1.206440,2.670984,1.553354,1.232700,2.622547,1.401180,1.371271,2.562014,1.392703,1.396281,2.530724,1.115952,1.429461,2.501792,0.881065,1.173464,2.645634,1.395623,1.032552,2.689461,1.361531,1.018161,2.663084,1.083524,1.022414,2.662411,0.844583,1.301984,2.577368,0.937021,1.442480,2.692572,0.576644,1.366119,2.458848,0.217001,1.423814,2.507565,0.051160,1.160344,2.649523,0.929294,1.200115,2.671529,0.528319,1.200344,2.621882,0.094998,1.282707,2.772392,0.023634,0.445181,1.133761,0.039152
1.237273,2.631864,0.933324,1.229318,2.626776,1.029016,1.225840,2.636211,1.133111,1.218755,2.637526,1.228355,1.211781,2.640625,1.323459,1.207096,2.660172,1.458149,1.212707,2.688173,1.554220,1.238716,2.640177,1.401958,1.377446,2.580021,1.393407,1.402598,2.546347,1.116950,1.436599,2.519262,0.881959,1.179392,2.663070,1.396576,1.038175,2.706474,1.363222,1.022524,2.682675,1.085048,1.026543,2.684820,0.846110,1.308547,2.596773,0.938018,1.449070,2.723331,0.581591,1.392449,2.515991,0.201974,1.458192,2.581528,0.044965,1.165901,2.666886,0.929855,1.201311,2.676663,0.528011,1.200495,2.621962,0.095293,1.282735,2.772414,0.023662,0.441739,1.129296,0.006811
1.243395,2.650289,0.933485,1.235328,2.645159,1.029165,1.231729,2.654474,1.133267,1.224675,2.655589,1.228516,1.217788,2.658441,1.323634,1.213223,2.677612,1.458382,1.219000,2.705450,1.554491,1.244884,2.657965,1.402109,1.383825,2.598320,1.393443,1.409111,2.562359,1.117282,1.443827,2.537119,0.882186,1.185443,2.680578,1.396880,1.043912,2.723345,1.364053,1.026976,2.702068,1.085743,1.030581,2.707026,0.846840,1.315154,2.616213,0.938339,1.454485,2.752132,0.584862,1.418600,2.575267,0.187814,1.492358,2.656363,0.041341,1.171534,2.684294,0.929855,1.202802,2.682201,0.527539,1.200694,2.622093,0.095556,1.282776,2.772445,0.023539,0.433932,1.128253,-0.025121
1.249626,2.668727,0.932980,1.241590,2.663697,1.028669,1.237914,2.672967,1.132772,1.230889,2.673919,1.228025,1.224040,2.676525,1.323153,1.219452,2.695294,1.457957,1.225248,2.722943,1.554119,1.251202,2.676021,1.401582,1.390409,2.617033,1.392740,1.415789,2.578883,1.116884,1.451120,2.555339,0.881706,1.191610,2.698252,1.396460,1.049773,2.740144,1.363831,1.031543,2.721319,1.085431,1.034537,2.729185,0.846604,1.321828,2.635605,0.937929,1.458710,2.778907,0.586318,1.444727,2.637298,0.174720,1.527478,2.731922,0.040802,1.177322,2.701778,0.929256,1.204569,2.688008,0.526895,1.200925,2.622291,0.095724,1.282840,2.772490,0.023196,0.422261,1.130972,-0.058712
1.255916,2.687203,0.931856,1.248023,2.682361,1.027567,1.244311,2.691624,1.131669,1.237325,2.692422,1.226927,1.230490,2.694769,1.322063,1.225794,2.713096,1.456924,1.231522,2.740525,1.553153,1.257671,2.694236,1.400428,1.397197,2.636037,1.391368,1.422662,2.595796,1.115821,1.458502,2.573947,0.880558,1.197900,2.715999,1.395390,1.055747,2.756800,1.362750,1.036198,2.740373,1.084290,1.038401,2.751141,0.845571,1.328546,2.655033,0.936842,1.461759,2.803723,0.586099,1.470675,2.701462,0.162492,1.562385,2.808353,0.042834,1.183187,2.719308,0.928096,1.206631,2.694220,0.526087,1.201205,2.622539,0.095861,1.282919,2.772543,0.022702,0.406224,1.137112,-0.091894
1.262131,2.705906,0.930245,1.254543,2.701247,1.025989,1.250887,2.710496,1.130094,1.244001,2.711132,1.225360,1.237211,2.713208,1.320505,1.232404,2.731076,1.455424,1.238018,2.758273,1.551726,1.264414,2.712651,1.398805,1.404291,2.655332,1.389556,1.429740,2.613397,1.114255,1.465783,2.592853,0.878901,1.204452,2.733897,1.393856,1.061960,2.773476,1.361193,1.041239,2.758979,1.082702,1.042591,2.772287,0.844095,1.335197,2.674732,0.935142,1.464158,2.826046,0.583983,1.495086,2.765065,0.153235,1.592769,2.883538,0.048584,1.188969,2.737017,0.926578,1.208994,2.701653,0.525106,1.201513,2.622906,0.096201,1.283001,2.772622,0.022211,0.392889,1.149030,-0.122975
1.268100,2.724914,0.928139,1.261066,2.720423,1.023930,1.257618,2.729651,1.128044,1.250926,2.730120,1.223325,1.244229,2.731924,1.318482,1.239325,2.749334,1.453457,1.244794,2.776298,1.549833,1.271462,2.731333,1.396711,1.411674,2.674824,1.387407,1.436915,2.631757,1.112257,1.472843,2.611953,0.876816,1.211305,2.752046,1.391856,1.068464,2.790356,1.359190,1.046820,2.777101,1.080700,1.047290,2.792513,0.842212,1.341613,2.694765,0.932744,1.465774,2.844582,0.579264,1.518220,2.828659,0.147963,1.618163,2.958196,0.059437,1.194500,2.755005,0.924766,1.211517,2.710635,0.524015,1.201842,2.623389,0.096816,1.283159,2.772705,0.021788,0.381241,1.172141,-0.152705
1.273994,2.744148,0.925547,1.267675,2.739822,1.021396,1.264529,2.749022,1.125522,1.258092,2.749315,1.220821,1.251517,2.750834,1.315992,1.246514,2.767770,1.451024,1.251793,2.794489,1.547479,1.278784,2.750215,1.394148,1.419363,2.694607,1.384816,1.444295,2.650803,1.109756,1.479802,2.631351,0.874221,1.218420,2.770346,1.389390,1.075208,2.807256,1.356712,1.052787,2.794776,1.078251,1.052316,2.811929,0.839887,1.347963,2.715071,0.929733,1.466739,2.860624,0.572648,1.539817,2.891693,0.145662,1.639033,3.031608,0.074008,1.199949,2.773172,0.922596,1.214340,2.720839,0.522751,1.202199,2.623992,0.097635,1.283322,2.772813,0.021368,0.372295,1.201029,-0.180335
1.280186,2.763558,0.922633,1.274537,2.759338,1.018531,1.271665,2.768460,1.122672,1.265496,2.768532,1.217989,1.259074,2.769725,1.313175,1.254008,2.786138,1.448269,1.259048,2.812593,1.544809,1.286413,2.769138,1.391278,1.427514,2.714960,1.381699,1.452214,2.670614,1.106706,1.486824,2.651268,0.871036,1.225816,2.788580,1.386647,1.082164,2.823785,1.354055,1.058984,2.811857,1.075636,1.057541,2.830251,0.837368,1.354639,2.735704,0.926419,1.467976,2.877523,0.566033,1.557730,2.949811,0.145394,1.652467,3.099500,0.089287,1.205666,2.791361,0.920084,1.217891,2.732109,0.521124,1.202580,2.624787,0.098677,1.283258,2.773020,0.020910,0.376156,1.221804,-0.201919
1.286803,2.782964,0.919301,1.281757,2.778786,1.015234,1.279115,2.787776,1.119393,1.273223,2.787574,1.214727,1.266986,2.788394,1.309929,1.261904,2.804229,1.445091,1.266635,2.830401,1.541724,1.294448,2.787934,1.388029,1.436315,2.735946,1.377836,1.460891,2.691126,1.102908,1.493836,2.671661,0.867018,1.233583,2.806563,1.383560,1.089386,2.839693,1.351216,1.065370,2.828225,1.072848,1.062918,2.847338,0.834639,1.361807,2.756600,0.922719,1.469599,2.895811,0.559628,1.571243,3.002876,0.148611,1.655399,3.162387,0.107148,1.211740,2.809275,0.917118,1.222469,2.744183,0.518993,1.202937,2.625609,0.099765,1.282770,2.773452,0.020432,0.400834,1.224943,-0.217555
1.293718,2.802546,0.915646,1.289230,2.798352,1.011606,1.286790,2.807160,1.115786,1.281188,2.806637,1.211137,1.275167,2.807043,1.306356,1.270106,2.822252,1.441591,1.274477,2.848122,1.538322,1.302789,2.806770,1.384473,1.445577,2.757502,1.373446,1.470106,2.712403,1.098560,1.500911,2.692574,0.862411,1.241631,2.824479,1.380195,1.096820,2.855230,1.348199,1.071985,2.843999,1.069894,1.068495,2.863331,0.831715,1.369303,2.777825,0.918717,1.471494,2.914954,0.553225,1.581074,3.051025,0.153862,1.650894,3.219753,0.125717,1.218082,2.827209,0.913810,1.227774,2.757323,0.516500,1.203318,2.626625,0.101077,1.282056,2.773982,0.019916,0.438320,1.219969,-0.227146
1.300925,2.822791,0.912122,1.296802,2.818488,1.008094,1.294476,2.827032,1.112298,1.289134,2.826129,1.207661,1.283347,2.826071,1.302895,1.278359,2.840595,1.438208,1.282377,2.866136,1.535041,1.311172,2.825987,1.380994,1.454891,2.779717,1.369102,1.479531,2.734706,1.094214,1.508432,2.714358,0.857860,1.249710,2.842667,1.376938,1.104282,2.870749,1.345315,1.078788,2.859391,1.067074,1.074287,2.878370,0.828890,1.377027,2.799630,0.914972,1.474234,2.936709,0.548096,1.587229,3.090320,0.155854,1.645235,3.265777,0.136366,1.224777,2.845889,0.910505,1.233329,2.772149,0.513872,1.203863,2.628406,0.103160,1.281481,2.774313,0.019263,0.474691,1.221561,-0.226455
1.308545,2.843830,0.908869,1.304426,2.839328,1.004834,1.302056,2.847533,1.109064,1.296906,2.846198,1.204433,1.291373,2.845636,1.299681,1.286551,2.859434,1.435076,1.290257,2.884634,1.532012,1.319483,2.845756,1.377705,1.464121,2.802716,1.364958,1.489074,2.758149,1.090021,1.516471,2.737084,0.853551,1.257704,2.861288,1.373922,1.111652,2.886354,1.342697,1.085838,2.874494,1.064503,1.080333,2.892473,0.826263,1.385040,2.821953,0.911748,1.478204,2.962626,0.545219,1.588118,3.117428,0.151924,1.639522,3.296119,0.135074,1.232003,2.865639,0.907221,1.239159,2.788390,0.511199,1.204475,2.630826,0.105985,1.281205,2.774254,0.018379,0.510976,1.236953,-0.206179
1.316457,2.865531,0.905746,1.312149,2.860738,1.001689,1.309647,2.868523,1.105950,1.304659,2.866695,1.201320,1.299399,2.865578,1.296579,1.294796,2.878591,1.432061,1.298193,2.903424,1.529104,1.327836,2.865906,1.374492,1.473402,2.826374,1.360860,1.498828,2.782618,1.085831,1.524956,2.760681,0.849298,1.265729,2.880181,1.371015,1.119049,2.901942,1.340212,1.093076,2.889215,1.062068,1.086593,2.905622,0.823733,1.393281,2.844857,0.908782,1.483019,2.991154,0.543616,1.585332,3.135680,0.144737,1.632656,3.315117,0.125862,1.239580,2.886135,0.903941,1.245238,2.806317,0.508392,1.205251,2.634011,0.109582,1.281069,2.773994,0.017358,0.546147,1.258912,-0.175622
1.324287,2.887990,0.902783,1.319958,2.882763,0.998700,1.317383,2.890002,1.102997,1.312599,2.887579,1.198363,1.307614,2.885815,1.293626,1.303175,2.897921,1.429196,1.306225,2.922309,1.526361,1.336300,2.886274,1.371390,1.482735,2.850413,1.356923,1.508742,2.808046,1.081738,1.534061,2.785290,0.845192,1.273882,2.899198,1.368194,1.126654,2.917548,1.337767,1.100280,2.903486,1.059731,1.092969,2.917898,0.821296,1.401469,2.868784,0.905845,1.488100,3.019394,0.541633,1.583650,3.151139,0.136991,1.627619,3.329969,0.112166,1.247051,2.907123,0.900953,1.251009,2.827357,0.505410,1.206627,2.638913,0.114591,1.280959,2.773801,0.016382,0.563191,1.280417,-0.158460
1.331862,2.911658,0.899985,1.327965,2.905845,0.995885,1.325505,2.912364,1.100230,1.321027,2.909174,1.195585,1.316315,2.906588,1.290839,1.311910,2.917524,1.426505,1.314574,2.941303,1.523830,1.345081,2.906954,1.368374,1.492317,2.874638,1.353257,1.518942,2.834562,1.077799,1.544121,2.811031,0.841311,1.282375,2.918454,1.365405,1.134690,2.933481,1.335283,1.107242,2.917468,1.057466,1.099383,2.929395,0.818919,1.409491,2.894373,0.902714,1.493137,3.046640,0.538469,1.585005,3.165564,0.129143,1.625382,3.342097,0.091823,1.254187,2.928869,0.898494,1.256556,2.852301,0.502249,1.208733,2.645568,0.121455,1.280884,2.773768,0.015338,0.547426,1.306697,-0.182655
1.339355,2.936083,0.897346,1.336059,2.929541,0.993225,1.333772,2.935215,1.097625,1.329641,2.931156,1.192962,1.325206,2.927656,1.288201,1.320778,2.937299,1.423963,1.323017,2.960392,1.521465,1.353974,2.927851,1.365469,1.501950,2.899243,1.349751,1.529303,2.862036,1.073957,1.554801,2.837784,0.837577,1.290995,2.937835,1.362703,1.142932,2.949433,1.332839,1.114170,2.931000,1.055300,1.105913,2.940019,0.816634,1.417459,2.920984,0.899613,1.498440,3.073597,0.534923,1.587464,3.177194,0.120737,1.624974,3.350078,0.066997,1.261217,2.951108,0.896328,1.261795,2.880359,0.498914,1.211438,2.653939,0.129732,1.280837,2.773801,0.014340,0.513534,1.332522,-0.220247
1.346908,2.960007,0.894886,1.343887,2.952575,0.990707,1.341596,2.957381,1.095151,1.337740,2.952506,1.190465,1.333587,2.948211,1.285687,1.329195,2.956796,1.421527,1.330924,2.979330,1.519172,1.362431,2.948522,1.362793,1.511048,2.924527,1.346195,1.539395,2.890004,1.070142,1.565263,2.865330,0.833846,1.299213,2.956848,1.360230,1.150886,2.964511,1.330575,1.121472,2.943528,1.053280,1.112691,2.949569,0.814535,1.425423,2.947141,0.896985,1.504352,3.099478,0.531738,1.590004,3.186807,0.113100,1.626466,3.356841,0.047611,1.268366,2.972792,0.894040,1.265921,2.910590,0.495375,1.214782,2.664864,0.138732,1.280682,2.773889,0.013912,0.488550,1.335185,-0.211026
1.354925,2.983395,0.892264,1.351542,2.974748,0.987959,1.348911,2.978599,1.092430,1.345193,2.972950,1.187706,1.341333,2.968016,1.282911,1.337114,2.975883,1.418803,1.338182,2.998041,1.516542,1.370434,2.968885,1.360059,1.519600,2.951131,1.341890,1.549496,2.918622,1.065752,1.575614,2.893846,0.829491,1.307001,2.975373,1.357719,1.158528,2.978269,1.328176,1.129267,2.954601,1.051075,1.119352,2.957741,0.812318,1.433755,2.972797,0.894746,1.511748,3.124546,0.529036,1.592611,3.194571,0.106396,1.631055,3.363538,0.038402,1.276059,2.993895,0.891028,1.268554,2.943767,0.490935,1.218544,2.679166,0.148097,1.280022,2.773387,0.013620,0.494228,1.304180,-0.107083
1.363002,3.006282,0.889821,1.358932,2.996258,0.985353,1.355783,2.999131,1.089840,1.352130,2.992761,1.185073,1.348570,2.987309,1.280260,1.344582,2.994693,1.416184,1.344904,3.016602,1.513984,1.378001,2.989021,1.357554,1.527618,2.978414,1.337534,1.559328,2.947733,1.061388,1.585747,2.923154,0.825139,1.314386,2.993531,1.355436,1.165881,2.991153,1.325957,1.137435,2.964669,1.049017,1.126261,2.964839,0.810288,1.442084,2.997999,0.892980,1.519753,3.148537,0.526694,1.595299,3.200318,0.100461,1.637543,3.369016,0.034633,1.283872,3.014442,0.887895,1.270074,2.979118,0.486291,1.222946,2.696022,0.158184,1.279254,2.772940,0.013898,0.508814,1.250012,0.043672
1.370078,3.027509,0.888592,1.365428,3.016419,0.983994,1.361817,3.018594,1.088488,1.358246,3.011745,1.183692,1.354971,3.005996,1.278872,1.351150,3.013179,1.414810,1.350798,3.035000,1.512631,1.384646,3.008723,1.356256,1.534543,3.004745,1.335011,1.567630,2.976409,1.058787,1.594513,2.952496,0.822529,1.320911,3.011190,1.354333,1.172521,3.003611,1.325000,1.146024,2.974539,1.048144,1.134649,2.971577,0.809451,1.449347,3.021411,0.892378,1.526098,3.169870,0.525080,1.597093,3.204325,0.096126,1.642410,3.372749,0.032021,1.290751,3.033467,0.886031,1.270812,3.013376,0.483505,1.228692,2.713792,0.169370,1.279437,2.774473,0.016575,0.494080,1.181481,0.157719
1.375750,3.046445,0.889105,1.370683,3.034781,0.984425,1.366709,3.036682,1.088915,1.363254,3.029712,1.184116,1.360257,3.023986,1.279307,1.356536,3.031368,1.415237,1.355701,3.053344,1.513023,1.390061,3.027928,1.356644,1.540034,3.029470,1.335247,1.573482,3.004406,1.058760,1.601198,2.981465,0.822487,1.326273,3.028303,1.354888,1.178115,3.015881,1.325930,1.155467,2.984727,1.048999,1.145524,2.978118,0.810339,1.455127,3.042284,0.893438,1.529751,3.187962,0.524581,1.597390,3.206093,0.094101,1.643999,3.373967,0.029438,1.296307,3.050456,0.885993,1.270823,3.045773,0.483403,1.236092,2.731873,0.182591,1.281429,2.777939,0.023258,0.423491,1.091750,0.194448
1.380420,3.063722,0.890833,1.375044,3.051794,0.986102,1.370764,3.053700,1.090578,1.367441,3.046851,1.185792,1.364707,3.041370,1.281005,1.361022,3.049232,1.416910,1.359776,3.071526,1.514619,1.394552,3.046699,1.358239,1.544434,3.053243,1.337316,1.577803,3.031967,1.060495,1.606515,3.010468,0.824187,1.330776,3.044916,1.356621,1.182995,3.027723,1.328123,1.165332,2.994716,1.051041,1.157878,2.984300,0.812421,1.459840,3.061367,0.895663,1.531743,3.203395,0.524810,1.596791,3.206121,0.093676,1.643966,3.373438,0.028011,1.300929,3.065923,0.887224,1.270053,3.077077,0.485159,1.244837,2.750868,0.196911,1.284372,2.783386,0.032340,0.323583,0.987656,0.194469
1.384237,3.080075,0.893232,1.378925,3.068125,0.988495,1.374496,3.070175,1.092961,1.371355,3.063531,1.188194,1.368837,3.058328,1.283428,1.365007,3.066642,1.419302,1.363219,3.089205,1.516939,1.398554,3.065020,1.360592,1.548216,3.076396,1.340321,1.582091,3.058890,1.063292,1.611452,3.039964,0.826876,1.334872,3.061039,1.359043,1.187734,3.038872,1.330780,1.174361,3.003760,1.053677,1.169911,2.990344,0.815113,1.463671,3.079567,0.898245,1.532890,3.216334,0.524969,1.596132,3.206179,0.093562,1.643753,3.372943,0.026842,1.304735,3.080428,0.889440,1.268664,3.106330,0.488358,1.254699,2.770947,0.209898,1.286749,2.792877,0.040835,0.235735,0.898513,0.196098
1.387091,3.095734,0.896296,1.382467,3.084019,0.991618,1.378153,3.086319,1.096083,1.375285,3.079917,1.191341,1.372912,3.074955,1.286592,1.368643,3.083567,1.422433,1.366092,3.106283,1.520016,1.402233,3.082922,1.363768,1.551567,3.099049,1.344265,1.587054,3.085180,1.067243,1.616652,3.070350,0.830580,1.338749,3.076665,1.362173,1.192603,3.049093,1.333706,1.181770,3.011328,1.056818,1.181014,2.996349,0.818320,1.466528,3.097189,0.900964,1.533193,3.226485,0.524640,1.595606,3.206848,0.093304,1.643770,3.373079,0.025643,1.307596,3.094128,0.892849,1.266520,3.133132,0.493259,1.265772,2.791979,0.221286,1.287549,2.807046,0.048181,0.175442,0.836100,0.214849
1.389093,3.110469,0.900030,1.385529,3.099232,0.995457,1.381488,3.101920,1.099924,1.378943,3.095843,1.195212,1.376667,3.091155,1.290480,1.371777,3.100038,1.426283,1.368333,3.122857,1.523816,1.405423,3.100373,1.367702,1.554301,3.121082,1.349145,1.591984,3.110831,1.072255,1.621472,3.101228,0.835275,1.342220,3.091800,1.365990,1.197329,3.058620,1.337096,1.188345,3.017951,1.060554,1.191797,3.002217,0.822137,1.468502,3.113929,0.904041,1.532650,3.234142,0.524242,1.595019,3.207547,0.093357,1.643607,3.373247,0.024702,1.309640,3.106867,0.897243,1.263757,3.157882,0.499602,1.277962,2.814095,0.231342,1.287783,2.825259,0.054939,0.127209,0.788639,0.235209
1.390723,3.124328,0.903908,1.388099,3.113701,0.999439,1.384270,3.116865,1.103901,1.382011,3.111183,1.199221,1.379822,3.106818,1.294506,1.374351,3.116011,1.430267,1.369944,3.138885,1.527748,1.408051,3.117259,1.371745,1.556337,3.142461,1.354046,1.596256,3.135629,1.077354,1.624970,3.131868,0.840131,1.345183,3.106473,1.369947,1.201671,3.067885,1.340739,1.195185,3.024475,1.064569,1.202292,3.007884,0.826270,1.470052,3.129778,0.907327,1.532076,3.240352,0.524231,1.594616,3.208300,0.093787,1.643477,3.373437,0.023987,1.311364,3.118747,0.901714,1.260946,3.180824,0.506190,1.290769,2.837851,0.238429,1.288975,2.847681,0.059805,0.085942,0.750106,0.248949
1.392094,3.137182,0.907894,1.390108,3.127337,1.003523,1.386346,3.131093,1.107965,1.384298,3.125891,1.203317,1.382192,3.121909,1.298621,1.376252,3.131459,1.434337,1.370796,3.154328,1.531764,1.410022,3.133513,1.375821,1.557599,3.163076,1.358840,1.599637,3.159476,1.082403,1.626753,3.162221,0.845023,1.347531,3.120689,1.373993,1.205482,3.077037,1.344711,1.202906,3.031051,1.068926,1.212579,3.013235,0.830787,1.471278,3.144588,0.910921,1.531672,3.245050,0.524837,1.594475,3.209101,0.094699,1.643452,3.373644,0.023584,1.312884,3.129657,0.906094,1.258237,3.201617,0.512748,1.304931,2.863175,0.241821,1.291257,2.874464,0.062255,0.050110,0.720098,0.254709
1.393093,3.149160,0.912023,1.391626,3.140229,1.007750,1.387870,3.144665,1.112166,1.385994,3.140012,1.207551,1.383962,3.136464,1.302873,1.377593,3.146408,1.438542,1.371019,3.169224,1.535912,1.411432,3.149202,1.380007,1.558163,3.183037,1.363656,1.602359,3.182469,1.087538,1.627214,3.192335,0.850076,1.349371,3.134441,1.378178,1.208908,3.085928,1.348937,1.210893,3.037528,1.073560,1.222579,3.018385,0.835621,1.472081,3.158507,0.914725,1.531237,3.248302,0.525830,1.594518,3.209957,0.095988,1.643458,3.373872,0.023406,1.314084,3.139708,0.910552,1.255481,3.220600,0.519551,1.319709,2.890139,0.242244,1.294498,2.905456,0.062812,0.021243,0.699018,0.253848
1.393871,3.160698,0.915873,1.392851,3.152579,1.011681,1.389073,3.157654,1.116069,1.387359,3.153554,1.211482,1.385409,3.150475,1.306822,1.378648,3.160890,1.442437,1.371003,3.183649,1.539745,1.412499,3.164412,1.383884,1.558179,3.202640,1.367963,1.604501,3.204685,1.092194,1.626594,3.221631,0.854838,1.350922,3.147748,1.382097,1.212143,3.094537,1.352974,1.218395,3.044295,1.077959,1.232085,3.023617,0.840268,1.472614,3.171976,0.918295,1.530975,3.251351,0.526977,1.594750,3.210906,0.097421,1.643495,3.374122,0.023162,1.315111,3.149326,0.914684,1.252795,3.239033,0.526223,1.332385,2.919518,0.240232,1.299822,2.940372,0.061745,-0.001163,0.682044,0.242216
1.394463,3.171880,0.919374,1.393849,3.164353,1.015236,1.390053,3.169967,1.119597,1.388525,3.166398,1.215034,1.386695,3.163827,1.310391,1.379614,3.174818,1.445944,1.370993,3.197531,1.543182,1.413385,3.179088,1.387381,1.557745,3.222011,1.371595,1.606099,3.226020,1.096186,1.624764,3.249911,0.859171,1.352349,3.160525,1.385701,1.215353,3.102762,1.356803,1.225188,3.051504,1.082064,1.241077,3.028914,0.844691,1.472915,3.185073,0.921545,1.531061,3.254378,0.528292,1.595211,3.211982,0.098970,1.643506,3.374434,0.022735,1.315997,3.158598,0.918434,1.250246,3.257465,0.532789,1.342144,2.951928,0.235557,1.309046,2.979022,0.058557,-0.015530,0.669476,0.214439
1.394834,3.182621,0.922595,1.394554,3.175585,1.018495,1.390713,3.181698,1.122826,1.389360,3.178662,1.218285,1.387657,3.176636,1.313658,1.380293,3.188279,1.449141,1.370743,3.210943,1.546303,1.413927,3.193285,1.390569,1.556762,3.241022,1.374717,1.607116,3.246579,1.099698,1.621854,3.277372,0.863212,1.353488,3.172856,1.389039,1.218371,3.110707,1.360444,1.231497,3.059003,1.085933,1.249575,3.034293,0.848929,1.472947,3.197720,0.924561,1.531319,3.257203,0.529762,1.595861,3.213152,0.100662,1.643547,3.374768,0.022241,1.316710,3.167437,0.921859,1.247766,3.275346,0.539225,1.349801,2.986753,0.228446,1.320353,3.021595,0.053746,-0.023436,0.661015,0.175891
1.395029,3.193104,0.925326,1.394969,3.186576,1.021261,1.390987,3.193199,1.125555,1.389730,3.190714,1.221031,1.388089,3.189250,1.316415,1.380368,3.201561,1.451819,1.369903,3.224179,1.548897,1.413854,3.207256,1.393241,1.555084,3.259594,1.377299,1.607522,3.266747,1.102716,1.618491,3.304028,0.866916,1.354057,3.185006,1.391853,1.220891,3.118659,1.363518,1.237248,3.066733,1.089230,1.257438,3.040087,0.852598,1.472751,3.210117,0.927157,1.531432,3.260535,0.531110,1.596593,3.214363,0.102337,1.643779,3.375010,0.021741,1.317299,3.176010,0.924725,1.245270,3.292281,0.545085,1.355080,3.022920,0.220121,1.329427,3.068380,0.049074,-0.030119,0.650936,0.138541
1.395095,3.203364,0.927480,1.395131,3.197426,1.023453,1.390900,3.204603,1.127700,1.389648,3.202702,1.223189,1.387985,3.201818,1.318580,1.379812,3.214795,1.453896,1.368434,3.237370,1.550881,1.413135,3.221118,1.395315,1.552706,3.277723,1.379289,1.607455,3.286689,1.105217,1.614920,3.329944,0.870296,1.354029,3.197087,1.394046,1.222879,3.126751,1.365911,1.242434,3.074727,1.091846,1.264667,3.046390,0.855593,1.472384,3.222281,0.929244,1.531302,3.264467,0.532254,1.597432,3.215589,0.103924,1.644401,3.375092,0.021234,1.317801,3.184370,0.926945,1.242578,3.308311,0.550365,1.357735,3.060170,0.210744,1.335468,3.120852,0.044903,-0.035953,0.636140,0.105315
1.394986,3.213365,0.929143,1.395002,3.208036,1.025152,1.390428,3.215778,1.129344,1.389101,3.214478,1.224843,1.387350,3.214192,1.320237,1.378651,3.227851,1.455453,1.366374,3.250386,1.552338,1.411800,3.234754,1.396873,1.549634,3.295412,1.380737,1.606776,3.306240,1.107223,1.610897,3.355054,0.873339,1.353433,3.208988,1.395716,1.224368,3.134850,1.367736,1.247061,3.082952,1.093890,1.271261,3.053108,0.858021,1.471788,3.234196,0.930911,1.531025,3.268906,0.533277,1.598352,3.216856,0.105495,1.645214,3.375082,0.020722,1.318179,3.192465,0.928605,1.239869,3.323394,0.555068,1.358012,3.098762,0.200152,1.339277,3.177535,0.040873,-0.040563,0.619726,0.073288
1.394605,3.223186,0.930367,1.394472,3.218408,1.026404,1.389431,3.226676,1.130535,1.387924,3.225962,1.226036,1.385987,3.226276,1.321426,1.376647,3.240627,1.456527,1.363485,3.263129,1.553303,1.409668,3.248066,1.397962,1.545733,3.312585,1.381765,1.605043,3.325300,1.108789,1.606308,3.379170,0.875963,1.352063,3.220633,1.396890,1.225149,3.142854,1.368961,1.251080,3.091247,1.095352,1.277069,3.060296,0.859811,1.470832,3.246009,0.932234,1.530577,3.274275,0.534152,1.599166,3.218191,0.107100,1.645788,3.375073,0.020268,1.318372,3.200301,0.929730,1.237592,3.337009,0.558759,1.356381,3.138403,0.189081,1.338936,3.234283,0.037665,-0.048066,0.605273,0.045647
1.393935,3.232757,0.931133,1.393502,3.228467,1.027193,1.387849,3.237230,1.131251,1.386042,3.237106,1.226749,1.383808,3.238043,1.322127,1.373698,3.253142,1.457090,1.359666,3.275636,1.553746,1.406662,3.261042,1.398556,1.540939,3.329210,1.382326,1.602193,3.343957,1.109886,1.601218,3.402408,0.878148,1.349832,3.232030,1.397541,1.225122,3.150779,1.369542,1.254538,3.099690,1.096196,1.282042,3.068077,0.860907,1.469475,3.257717,0.933210,1.529965,3.280785,0.534877,1.599798,3.219575,0.108742,1.645900,3.375100,0.019919,1.318386,3.207741,0.930287,1.235652,3.348979,0.561406,1.352799,3.179480,0.177349,1.333942,3.290900,0.035266,-0.060306,0.591222,0.025738
1.392993,3.242147,0.931460,1.392132,3.238288,1.027536,1.385743,3.247506,1.131512,1.383530,3.247959,1.227002,1.380900,3.249520,1.322362,1.369906,3.265377,1.457169,1.355018,3.287869,1.553698,1.402858,3.273693,1.398680,1.535316,3.345319,1.382467,1.598288,3.362122,1.110543,1.595564,3.424652,0.879913,1.346828,3.243173,1.397697,1.224386,3.158607,1.369522,1.257386,3.108204,1.096458,1.286230,3.076327,0.861367,1.467757,3.269323,0.933843,1.529180,3.288227,0.535453,1.600323,3.221027,0.110419,1.645773,3.375127,0.019630,1.318214,3.214923,0.930309,1.234143,3.359481,0.563040,1.347310,3.221606,0.165137,1.324799,3.347582,0.033690,-0.075440,0.579131,0.010216
1.391738,3.251650,0.931452,1.390360,3.248101,1.027533,1.383150,3.257657,1.131425,1.380445,3.258591,1.226898,1.377333,3.260689,1.322234,1.365339,3.277179,1.456881,1.349606,3.299617,1.553287,1.398313,3.285959,1.398466,1.528926,3.360932,1.382448,1.593081,3.379424,1.110902,1.589043,3.445364,0.881235,1.343116,3.253964,1.397462,1.223031,3.166185,1.368991,1.259432,3.116386,1.096240,1.289623,3.084730,0.861293,1.465674,3.280984,0.934221,1.528172,3.296396,0.535857,1.600784,3.222620,0.112174,1.645644,3.375149,0.019329,1.317781,3.222271,0.929913,1.233798,3.368522,0.563321,1.340510,3.263337,0.153729,1.311104,3.400773,0.033669,-0.092054,0.577246,-0.007763
1.390296,3.261291,0.931145,1.388300,3.257927,1.027222,1.380159,3.267704,1.131023,1.376853,3.269029,1.226473,1.373147,3.271586,1.321775,1.359994,3.288599,1.456247,1.343419,3.310931,1.552537,1.393028,3.297906,1.397944,1.521767,3.376144,1.382361,1.586345,3.395671,1.110979,1.581439,3.464277,0.882089,1.338712,3.264446,1.396863,1.221122,3.173497,1.367966,1.260589,3.124062,1.095569,1.292127,3.093199,0.860692,1.463351,3.292698,0.934389,1.527043,3.305374,0.536104,1.601153,3.224368,0.114022,1.645597,3.375153,0.019003,1.317213,3.229840,0.929133,1.234834,3.375631,0.561952,1.332097,3.304808,0.143239,1.291278,3.449980,0.035800,-0.106969,0.590521,-0.031660
1.388542,3.271044,0.930503,1.385839,3.267744,1.026565,1.376682,3.277625,1.130273,1.372688,3.279247,1.225692,1.368301,3.282174,1.320955,1.353874,3.299587,1.455245,1.336468,3.321759,1.551425,1.387001,3.309468,1.397084,1.513840,3.390859,1.382115,1.578306,3.411055,1.110758,1.572970,3.481659,0.882501,1.333599,3.274576,1.395873,1.218594,3.180557,1.366431,1.260944,3.131407,1.094418,1.293836,3.101821,0.859558,1.460662,3.304467,0.934302,1.525690,3.315080,0.536178,1.601457,3.226257,0.115948,1.645547,3.375151,0.018666,1.316384,3.237576,0.927935,1.237033,3.381278,0.559230,1.322374,3.345884,0.133553,1.266901,3.495697,0.039487,-0.123365,0.614002,-0.058015
1.386049,3.281124,0.929515,1.382646,3.277726,1.025551,1.372488,3.287508,1.129176,1.367811,3.289233,1.224562,1.362745,3.292325,1.319787,1.347062,3.309837,1.453924,1.328857,3.331736,1.550019,1.380278,3.320390,1.395923,1.505209,3.404811,1.381693,1.569387,3.425788,1.110332,1.563989,3.497779,0.882516,1.327794,3.284135,1.394516,1.215340,3.187262,1.364428,1.260554,3.138548,1.092803,1.295025,3.110544,0.857982,1.457216,3.316462,0.933915,1.523751,3.325072,0.536002,1.601820,3.228323,0.117951,1.645482,3.375169,0.018291,1.314835,3.245738,0.926345,1.240474,3.386889,0.555698,1.312844,3.384717,0.125611,1.242312,3.535847,0.043668,-0.149361,0.641079,-0.083284
1.382641,3.291554,0.928113,1.378598,3.287901,1.024117,1.367491,3.297368,1.127675,1.362154,3.298978,1.223030,1.356426,3.302001,1.318221,1.339517,3.319259,1.452244,1.320551,3.340767,1.548281,1.372811,3.330605,1.394424,1.495811,3.417952,1.381074,1.559635,3.439869,1.109701,1.554509,3.512521,0.882079,1.321247,3.293062,1.392747,1.211267,3.193597,1.361942,1.259459,3.145449,1.090730,1.295784,3.119345,0.855975,1.452836,3.328710,0.933118,1.521189,3.334744,0.535474,1.602272,3.230374,0.119802,1.645389,3.375230,0.017826,1.312391,3.254345,0.924338,1.246088,3.392230,0.551100,1.303383,3.421571,0.120092,1.217423,3.569999,0.049242,-0.193442,0.674468,-0.107828
1.378495,3.302311,0.926364,1.373817,3.298240,1.022326,1.361777,3.307190,1.125827,1.355784,3.308490,1.221150,1.349396,3.311238,1.316308,1.331281,3.327942,1.450245,1.311586,3.348947,1.546248,1.364647,3.340181,1.392624,1.485710,3.430330,1.380280,1.549004,3.453299,1.108864,1.544517,3.526000,0.881245,1.314007,3.301418,1.390611,1.206468,3.199577,1.358988,1.257621,3.152145,1.088193,1.296022,3.128248,0.853526,1.447700,3.341183,0.932021,1.518041,3.344703,0.534696,1.602782,3.232601,0.121729,1.645279,3.375311,0.017324,1.309226,3.263378,0.921937,1.252944,3.397534,0.545692,1.294114,3.456181,0.116317,1.192322,3.598583,0.055311,-0.247123,0.711452,-0.131287
1.373715,3.313540,0.924461,1.368341,3.308831,1.020352,1.355384,3.317021,1.123802,1.348760,3.317781,1.219085,1.341763,3.320022,1.314212,1.322559,3.335849,1.448101,1.302161,3.356184,1.544099,1.355978,3.349058,1.390682,1.475163,3.441819,1.379351,1.537776,3.466283,1.107915,1.534333,3.538831,0.880237,1.306234,3.309168,1.388261,1.201119,3.205130,1.355662,1.254975,3.158879,1.085186,1.295736,3.137278,0.850699,1.441953,3.353972,0.930911,1.514059,3.356328,0.533889,1.603383,3.235608,0.124420,1.645176,3.375373,0.016920,1.305404,3.273038,0.919241,1.258326,3.404922,0.540790,1.286919,3.485908,0.113188,1.171612,3.620822,0.058121,-0.293062,0.737269,-0.149040
1.368296,3.325412,0.922370,1.362077,3.319804,1.018157,1.348200,3.326943,1.121562,1.340982,3.326883,1.216803,1.333469,3.328337,1.311904,1.313387,3.342897,1.445806,1.292313,3.362355,1.541839,1.346825,3.357177,1.388562,1.464177,3.452360,1.378176,1.525917,3.478986,1.106751,1.524023,3.551213,0.878958,1.297945,3.316259,1.385673,1.195303,3.210153,1.351897,1.251452,3.165641,1.081590,1.294932,3.146397,0.847394,1.435589,3.367229,0.929833,1.508955,3.369299,0.532940,1.604158,3.238726,0.127903,1.645074,3.375399,0.016732,1.300915,3.283511,0.916138,1.261860,3.415766,0.536895,1.282829,3.509655,0.110680,1.157214,3.634794,0.055166,-0.318997,0.747985,-0.162508
1.362243,3.337757,0.920124,1.355118,3.331029,1.015779,1.340336,3.336874,1.119144,1.332549,3.335764,1.214337,1.324572,3.336197,1.309413,1.303730,3.349168,1.443366,1.282007,3.367583,1.539461,1.337167,3.364598,1.386299,1.452745,3.462013,1.376868,1.513461,3.491244,1.105474,1.513520,3.562946,0.877504,1.289122,3.322745,1.382871,1.188937,3.214749,1.347760,1.247123,3.172440,1.077524,1.293605,3.155643,0.843712,1.428614,3.380803,0.928742,1.503016,3.383937,0.531962,1.605023,3.242624,0.132149,1.644979,3.375406,0.016642,1.295769,3.294613,0.912739,1.263921,3.428694,0.533506,1.280812,3.528518,0.108819,1.147207,3.642421,0.048953,-0.337191,0.747535,-0.170270
1.355683,3.350214,0.918020,1.347778,3.342207,1.013517,1.332158,3.346619,1.116829,1.323814,3.344336,1.211953,1.315349,3.343633,1.306984,1.293694,3.354870,1.440962,1.271337,3.372151,1.537122,1.327125,3.371446,1.384151,1.441111,3.470826,1.375808,1.500802,3.502774,1.104489,1.502945,3.574046,0.876392,1.279874,3.328753,1.380093,1.181946,3.219161,1.343542,1.242130,3.179548,1.073346,1.291733,3.165163,0.840012,1.421194,3.394329,0.927795,1.496867,3.402585,0.531523,1.605755,3.249912,0.137763,1.644924,3.375404,0.016438,1.290056,3.305987,0.909479,1.262918,3.441712,0.530431,1.279646,3.543153,0.106582,1.140430,3.648685,0.043245,-0.367093,0.732965,-0.163440
1.348587,3.363164,0.916066,1.340070,3.353551,1.011347,1.323680,3.356277,1.114586,1.314764,3.352607,1.209605,1.305736,3.350588,1.304556,1.283123,3.359886,1.438513,1.260158,3.375915,1.534743,1.316552,3.377597,1.382095,1.429239,3.478562,1.375042,1.487929,3.513503,1.103886,1.492469,3.584686,0.875806,1.270027,3.334189,1.377253,1.174002,3.223452,1.339081,1.236536,3.187074,1.068974,1.289649,3.175166,0.836300,1.413338,3.408112,0.927057,1.491062,3.427144,0.531675,1.606630,3.261889,0.145135,1.644712,3.375314,0.015239,1.283715,3.318087,0.906306,1.257317,3.454769,0.527506,1.279176,3.552998,0.103220,1.137434,3.655279,0.039185,-0.428308,0.698565,-0.131203
1.340983,3.376228,0.914253,1.331981,3.364847,1.009292,1.314888,3.365749,1.112446,1.305412,3.360569,1.207339,1.295798,3.357118,1.302191,1.272173,3.364332,1.436101,1.248616,3.379018,1.532403,1.305596,3.383175,1.380153,1.417164,3.485457,1.374524,1.474852,3.523504,1.103574,1.481920,3.594693,0.875561,1.259755,3.339147,1.374436,1.165433,3.227559,1.334539,1.230278,3.194909,1.064490,1.287021,3.185443,0.832570,1.405036,3.421849,0.926462,1.485047,3.455712,0.532367,1.607372,3.277255,0.153875,1.644541,3.375214,0.013925,1.276808,3.330461,0.903272,1.248651,3.467917,0.524894,1.279557,3.558616,0.099483,1.137668,3.660510,0.035629,-0.501233,0.650045,-0.084375
1.333081,3.387903,0.912858,1.323785,3.375156,1.007711,1.306113,3.374550,1.110785,1.296158,3.368106,1.205563,1.286009,3.363419,1.300315,1.261415,3.368766,1.434151,1.237248,3.382173,1.530491,1.294826,3.388686,1.378645,1.405236,3.492276,1.374503,1.461992,3.532709,1.103685,1.470903,3.603558,0.875618,1.249689,3.344040,1.372134,1.157143,3.231536,1.330693,1.223308,3.202996,1.060497,1.282834,3.195503,0.829168,1.396430,3.434255,0.925969,1.477775,3.484927,0.534011,1.606928,3.294728,0.163416,1.645032,3.375349,0.014926,1.269610,3.341390,0.900971,1.239933,3.479320,0.522893,1.280027,3.562342,0.096593,1.138321,3.664292,0.032911,-0.546503,0.601584,-0.046515
1.324897,3.397326,0.911963,1.315566,3.383938,1.006736,1.297469,3.382390,1.109736,1.287131,3.375112,1.204418,1.276498,3.369529,1.299073,1.250961,3.373386,1.432788,1.226130,3.385660,1.529112,1.284393,3.394312,1.377683,1.393642,3.499187,1.375253,1.449265,3.540889,1.104379,1.459190,3.610892,0.876077,1.239982,3.349038,1.370512,1.149261,3.235515,1.327789,1.215299,3.211514,1.057125,1.276634,3.205303,0.826197,1.387556,3.444518,0.925455,1.469447,3.514601,0.536982,1.604892,3.314713,0.173654,1.647431,3.374035,0.019480,1.262116,3.349964,0.899693,1.231827,3.488441,0.521855,1.280394,3.564384,0.095198,1.138648,3.666191,0.031366,-0.538062,0.557239,-0.030518
1.316414,3.405362,0.911485,1.307241,3.391734,1.006234,1.288842,3.389559,1.109164,1.278204,3.381694,1.203763,1.267137,3.375409,1.298321,1.240699,3.377995,1.431887,1.215185,3.389199,1.528162,1.274147,3.399871,1.377154,1.382194,3.506022,1.376500,1.436755,3.548272,1.105496,1.447009,3.617083,0.876839,1.230482,3.353971,1.369405,1.141659,3.239364,1.325580,1.206579,3.220284,1.054244,1.268875,3.214887,0.823554,1.378379,3.453451,0.925042,1.459864,3.544922,0.540905,1.601670,3.336805,0.184693,1.650493,3.372955,0.026349,1.254331,3.357093,0.899148,1.223667,3.495817,0.521428,1.280849,3.564534,0.094650,1.139393,3.666640,0.030659,-0.501968,0.512954,-0.023489
1.307793,3.413095,0.911447,1.298829,3.399227,1.006175,1.280215,3.396450,1.109047,1.269386,3.388051,1.203575,1.258016,3.381138,1.298053,1.230869,3.382557,1.431494,1.204725,3.392664,1.527720,1.264210,3.405317,1.377035,1.370686,3.513030,1.377668,1.425138,3.555474,1.106682,1.434652,3.622789,0.877570,1.221365,3.358740,1.368815,1.134856,3.242747,1.324109,1.198088,3.228716,1.052072,1.259901,3.223893,0.821269,1.368926,3.462210,0.925059,1.447385,3.573083,0.545074,1.597428,3.358498,0.196278,1.651109,3.377415,0.034247,1.246546,3.363795,0.899054,1.216475,3.501220,0.520857,1.281209,3.564509,0.094223,1.139981,3.666848,0.030107,-0.477030,0.470734,-0.010299
1.298907,3.420927,0.911903,1.290190,3.406698,1.006600,1.271488,3.403251,1.109437,1.260643,3.394316,1.203915,1.249181,3.386809,1.298337,1.221647,3.387126,1.431709,1.194967,3.396016,1.527906,1.254667,3.410688,1.377362,1.358956,3.520482,1.378410,1.415052,3.562927,1.107775,1.422241,3.628338,0.878059,1.212751,3.363346,1.368815,1.129313,3.245406,1.323509,1.190153,3.236822,1.050747,1.249295,3.231936,0.819273,1.359070,3.471204,0.925632,1.430773,3.598208,0.549318,1.592230,3.378362,0.209158,1.648750,3.389149,0.043663,1.238633,3.370463,0.899397,1.210528,3.504032,0.519720,1.281409,3.564856,0.093652,1.140182,3.667159,0.029473,-0.483181,0.425552,0.018112
1.289883,3.428456,0.912799,1.281464,3.413867,1.007468,1.262761,3.409773,1.110281,1.252010,3.400355,1.204722,1.240587,3.392329,1.299106,1.212856,3.391647,1.432433,1.185693,3.399293,1.528600,1.245434,3.415947,1.378098,1.347165,3.528108,1.379074,1.405859,3.570199,1.108937,1.409654,3.633401,0.878518,1.204520,3.367787,1.369332,1.124569,3.247599,1.323647,1.182449,3.244591,1.050131,1.237474,3.239401,0.817635,1.348938,3.480025,0.926636,1.411266,3.621173,0.553807,1.586010,3.397828,0.222585,1.643944,3.406422,0.054108,1.230720,3.376704,0.900191,1.205548,3.504871,0.518440,1.281513,3.565028,0.093203,1.140226,3.667229,0.028994,-0.500490,0.382437,0.052684
1.281269,3.435568,0.913995,1.273087,3.420583,1.008624,1.254315,3.415837,1.111395,1.243611,3.405976,1.205796,1.232184,3.397492,1.300138,1.204208,3.395923,1.433406,1.176570,3.402490,1.529522,1.236378,3.420935,1.379109,1.335586,3.535349,1.380124,1.396326,3.576601,1.110300,1.396806,3.637646,0.879248,1.196485,3.371965,1.370149,1.119763,3.249755,1.324162,1.174940,3.251396,1.050021,1.226026,3.247090,0.816599,1.338950,3.488597,0.928021,1.390937,3.641800,0.558343,1.578744,3.418684,0.234054,1.635170,3.429333,0.062829,1.223484,3.382354,0.901201,1.201716,3.505370,0.517519,1.281538,3.565095,0.092947,1.140224,3.667238,0.028706,-0.507969,0.358482,0.081363
1.273389,3.442216,0.915539,1.265321,3.426778,1.010105,1.246325,3.421361,1.112801,1.235538,3.411092,1.207150,1.223979,3.402219,1.301440,1.195589,3.399901,1.434610,1.167454,3.405638,1.530638,1.227483,3.425602,1.380423,1.324403,3.541971,1.381847,1.385979,3.581445,1.111951,1.383538,3.640507,0.880398,1.188595,3.375858,1.371263,1.114497,3.252124,1.324965,1.167516,3.256993,1.050406,1.215756,3.255479,0.816329,1.329333,3.496956,0.929895,1.370530,3.660011,0.562997,1.570834,3.441431,0.242958,1.621149,3.459429,0.068763,1.217341,3.387286,0.902416,1.199309,3.506027,0.517194,1.281472,3.565056,0.092949,1.140205,3.667230,0.028656,-0.491895,0.369610,0.100209
1.265920,3.448446,0.917384,1.257905,3.432520,1.011874,1.238616,3.426427,1.114477,1.227699,3.415788,1.208770,1.215966,3.406590,1.303007,1.187113,3.403634,1.436064,1.158488,3.408705,1.531982,1.218766,3.429997,1.382012,1.313432,3.548208,1.383955,1.375291,3.585418,1.113804,1.370009,3.642550,0.881818,1.180902,3.379487,1.372677,1.109168,3.254456,1.326146,1.160288,3.261626,1.051297,1.205860,3.264092,0.816660,1.319859,3.505068,0.932152,1.349301,3.675883,0.567699,1.561878,3.465568,0.249906,1.603159,3.495165,0.072973,1.211875,3.391629,0.903848,1.198050,3.506343,0.517229,1.281327,3.564911,0.093146,1.140139,3.667161,0.028797,-0.465992,0.399899,0.113162
1.258440,3.454277,0.919244,1.250492,3.437871,1.013657,1.230946,3.431110,1.116171,1.219937,3.420128,1.210413,1.208075,3.410637,1.304605,1.178831,3.407083,1.437562,1.149768,3.411583,1.533376,1.210148,3.434106,1.383648,1.302395,3.554199,1.386056,1.364441,3.589899,1.115733,1.356618,3.645146,0.883356,1.173376,3.382813,1.374186,1.104115,3.256431,1.327612,1.153558,3.265408,1.052520,1.195509,3.272297,0.817347,1.310254,3.512754,0.934418,1.327086,3.689464,0.572035,1.550635,3.491385,0.254219,1.583509,3.531997,0.075895,1.206519,3.395598,0.905298,1.197288,3.506461,0.517422,1.281155,3.564734,0.093421,1.140061,3.667076,0.029014,-0.450444,0.418674,0.119989
1.250891,3.459650,0.921117,1.243052,3.442767,1.015455,1.223317,3.435342,1.117886,1.212284,3.424039,1.212088,1.200368,3.414283,1.306247,1.170841,3.410163,1.439126,1.141408,3.414206,1.534849,1.201684,3.437846,1.385356,1.291321,3.559899,1.388135,1.353494,3.595280,1.117790,1.343495,3.648784,0.885080,1.166068,3.385749,1.375825,1.099415,3.257875,1.329483,1.147450,3.268263,1.054183,1.184437,3.280099,0.818421,1.300502,3.519902,0.936679,1.303637,3.700688,0.575950,1.536897,3.519511,0.255281,1.563881,3.568580,0.077387,1.201176,3.399189,0.906780,1.196953,3.506430,0.517798,1.280959,3.564540,0.093796,1.139970,3.666982,0.029317,-0.455513,0.413006,0.120338
1.243332,3.464625,0.923005,1.235616,3.447272,1.017267,1.215726,3.439192,1.119619,1.204707,3.427593,1.213786,1.192784,3.417606,1.307920,1.163045,3.412959,1.440734,1.133294,3.416640,1.536373,1.193320,3.441301,1.387113,1.280180,3.565352,1.390205,1.342384,3.601168,1.119924,1.330509,3.652975,0.886921,1.158928,3.388382,1.377559,1.094990,3.258961,1.331641,1.141841,3.270266,1.056178,1.172909,3.287494,0.819851,1.290620,3.526625,0.938950,1.279202,3.709621,0.579498,1.520873,3.549317,0.253709,1.542593,3.606261,0.077590,1.195943,3.402407,0.908279,1.197116,3.506202,0.518332,1.280738,3.564314,0.094250,1.139866,3.666871,0.029697,-0.470938,0.395823,0.114562
1.235516,3.469402,0.924626,1.227930,3.451636,1.018822,1.207921,3.442927,1.121099,1.196956,3.431064,1.215240,1.185074,3.420869,1.309356,1.155196,3.415688,1.442119,1.125170,3.418979,1.537685,1.184814,3.444707,1.388618,1.268609,3.570828,1.391909,1.331099,3.607767,1.121858,1.317665,3.657632,0.888523,1.151775,3.390936,1.379080,1.090941,3.259887,1.333634,1.136660,3.271761,1.058010,1.160892,3.293838,0.821284,1.280392,3.533085,0.940909,1.254361,3.716514,0.582430,1.501954,3.579206,0.250678,1.516908,3.644535,0.077363,1.190544,3.405491,0.909556,1.197333,3.505762,0.518747,1.280532,3.564082,0.094607,1.139776,3.666768,0.030008,-0.486122,0.375244,0.103479
1.227337,3.474060,0.925906,1.219898,3.455956,1.020050,1.199824,3.446644,1.122261,1.188973,3.434547,1.216385,1.177207,3.424160,1.310495,1.147295,3.418416,1.443227,1.117053,3.421249,1.538739,1.176150,3.448147,1.389810,1.256552,3.576448,1.393154,1.319626,3.615445,1.123541,1.304942,3.663033,0.889804,1.144621,3.393476,1.380332,1.087411,3.260657,1.335374,1.132006,3.272693,1.059574,1.148122,3.298717,0.822633,1.269691,3.539368,0.942471,1.229031,3.721459,0.584687,1.480089,3.609259,0.246427,1.486166,3.684649,0.076913,1.184890,3.408520,0.910551,1.197553,3.504979,0.518942,1.280360,3.563828,0.094797,1.139703,3.666666,0.030224,-0.497454,0.351868,0.084663
1.218903,3.478520,0.926919,1.211617,3.460135,1.021020,1.191512,3.450247,1.123171,1.180815,3.437947,1.217286,1.169214,3.427390,1.311397,1.139342,3.421077,1.444112,1.108927,3.423424,1.539583,1.167344,3.451539,1.390750,1.244065,3.582092,1.394033,1.307977,3.623834,1.125023,1.292361,3.668900,0.890845,1.137453,3.395936,1.381372,1.084256,3.261266,1.336950,1.127779,3.273117,1.060974,1.134863,3.302544,0.823986,1.258644,3.545387,0.943721,1.203295,3.724364,0.586327,1.455329,3.639395,0.240716,1.451027,3.725356,0.076032,1.179070,3.411416,0.911322,1.197828,3.503984,0.519018,1.280205,3.563567,0.094891,1.139645,3.666571,0.030372,-0.508545,0.325095,0.060540
1.210290,3.482738,0.927599,1.203122,3.464138,1.021667,1.182969,3.453718,1.123756,1.172403,3.441254,1.217865,1.160945,3.430558,1.311978,1.131089,3.423687,1.444669,1.100485,3.425528,1.540090,1.158203,3.454869,1.391327,1.230955,3.587667,1.394464,1.296173,3.632023,1.126183,1.279979,3.674313,0.891532,1.130054,3.398350,1.382065,1.081148,3.261895,1.338176,1.123607,3.273536,1.062028,1.121866,3.305917,0.825258,1.247412,3.551055,0.944593,1.177975,3.725210,0.587267,1.427228,3.667776,0.234010,1.410722,3.762417,0.074949,1.173078,3.414183,0.911808,1.197866,3.503169,0.518993,1.280053,3.563376,0.094916,1.139609,3.666528,0.030382,-0.519627,0.301246,0.039214
1.201551,3.486704,0.927900,1.194422,3.467962,1.021943,1.174175,3.457065,1.123963,1.163696,3.444485,1.218066,1.152344,3.433691,1.312181,1.122465,3.426282,1.444838,1.091654,3.427600,1.540202,1.148649,3.458177,1.391466,1.217087,3.593234,1.394363,1.284351,3.639914,1.126997,1.267860,3.679084,0.891830,1.122369,3.400756,1.382339,1.078097,3.262586,1.338991,1.119528,3.273990,1.062677,1.109319,3.308935,0.826505,1.236081,3.556335,0.945044,1.153216,3.723628,0.587351,1.395332,3.694309,0.226101,1.364185,3.795502,0.073682,1.166932,3.416831,0.911957,1.197428,3.502771,0.518844,1.279913,3.563297,0.094870,1.139612,3.666570,0.030219,-0.529139,0.283555,0.024299
1.192635,3.490429,0.927868,1.185509,3.471609,1.021896,1.165149,3.460278,1.123846,1.154733,3.447624,1.217946,1.143468,3.436761,1.312064,1.113542,3.428826,1.444680,1.082508,3.429601,1.539977,1.138760,3.461424,1.391243,1.202597,3.598732,1.393815,1.272374,3.647605,1.127487,1.255940,3.683400,0.891774,1.114453,3.403115,1.382266,1.075092,3.263297,1.339455,1.115503,3.274440,1.062979,1.097036,3.311497,0.827672,1.224566,3.561264,0.945117,1.128874,3.719987,0.586735,1.360095,3.719086,0.217196,1.312484,3.824942,0.072212,1.160614,3.419351,0.911820,1.196754,3.502552,0.518595,1.279777,3.563287,0.094757,1.139638,3.666664,0.029919,-0.538641,0.268787,0.012180
1.183462,3.493906,0.927585,1.176392,3.475053,1.021610,1.155935,3.463316,1.123496,1.145560,3.450605,1.217592,1.134336,3.439685,1.311708,1.104293,3.431228,1.444265,1.072966,3.431444,1.539469,1.128574,3.464468,1.390766,1.187689,3.603890,1.392986,1.259853,3.654476,1.127601,1.244095,3.686905,0.891356,1.106249,3.405344,1.381934,1.071771,3.264089,1.339559,1.111048,3.275269,1.062923,1.085201,3.313903,0.828507,1.212775,3.565854,0.944873,1.105329,3.715381,0.585804,1.322428,3.740549,0.208375,1.258055,3.847481,0.070711,1.154060,3.421714,0.911499,1.196268,3.502186,0.518335,1.279609,3.563299,0.094616,1.139648,3.666755,0.029519,-0.553047,0.253562,0.000108
1.174022,3.497153,0.927077,1.167108,3.478319,1.021117,1.146583,3.466204,1.122945,1.136228,3.453458,1.217039,1.124986,3.442496,1.311148,1.094721,3.433528,1.443621,1.063000,3.433169,1.538693,1.118107,3.467318,1.390070,1.172284,3.608709,1.391857,1.246662,3.660298,1.127275,1.232261,3.689409,0.890510,1.097776,3.407462,1.381375,1.068128,3.265030,1.339306,1.106087,3.276669,1.062506,1.073866,3.316352,0.829020,1.200664,3.570139,0.944314,1.082823,3.709949,0.584583,1.282212,3.758415,0.199828,1.200622,3.862265,0.069275,1.147292,3.423926,0.911043,1.196092,3.501485,0.518059,1.279400,3.563295,0.094435,1.139627,3.666814,0.029033,-0.576477,0.236830,-0.013474
1.164325,3.500152,0.926318,1.157621,3.481381,1.020386,1.137043,3.468916,1.122161,1.126685,3.456155,1.216252,1.115380,3.445160,1.310350,1.084823,3.435685,1.442720,1.052638,3.434736,1.537633,1.107343,3.469967,1.389121,1.156462,3.613187,1.390448,1.232926,3.665299,1.126571,1.220501,3.691103,0.889302,1.089014,3.409450,1.380558,1.064168,3.266053,1.338692,1.100695,3.278448,1.061730,1.062980,3.318644,0.829202,1.188277,3.574086,0.943437,1.061116,3.703552,0.583047,1.239567,3.772966,0.191364,1.140461,3.870149,0.067807,1.140287,3.425980,0.910403,1.196104,3.500637,0.517772,1.279159,3.563312,0.094226,1.139591,3.666870,0.028447,-0.604811,0.219641,-0.027009
1.154329,3.502841,0.925312,1.147833,3.484144,1.019409,1.127201,3.471331,1.121130,1.116820,3.458539,1.215215,1.105427,3.447488,1.309295,1.074555,3.437489,1.441554,1.041883,3.435942,1.536292,1.096271,3.472253,1.387926,1.140668,3.617048,1.388991,1.218632,3.669552,1.125627,1.208887,3.692200,0.887922,1.079845,3.411167,1.379472,1.059543,3.267008,1.337701,1.094606,3.280408,1.060597,1.052578,3.320478,0.828778,1.175651,3.577613,0.942298,1.039867,3.696864,0.581500,1.195765,3.783488,0.183493,1.080841,3.870440,0.066183,1.132924,3.427833,0.909532,1.196367,3.499876,0.517589,1.278878,3.563418,0.094067,1.139552,3.666959,0.027754,-0.630600,0.201755,-0.038569
1.144010,3.505139,0.924021,1.137728,3.486521,1.018148,1.117052,3.473364,1.119816,1.106638,3.460523,1.213891,1.095141,3.449394,1.307949,1.063951,3.438860,1.440092,1.030765,3.436711,1.534640,1.084938,3.474115,1.386453,1.125079,3.620163,1.387564,1.203699,3.673058,1.124467,1.197548,3.692517,0.886387,1.070288,3.412562,1.378087,1.054230,3.267874,1.336274,1.087633,3.282614,1.059040,1.042603,3.321771,0.827589,1.162773,3.580625,0.940864,1.019017,3.689993,0.579997,1.150799,3.789877,0.176382,1.022136,3.861908,0.064037,1.125167,3.429415,0.908384,1.197235,3.499287,0.517587,1.278572,3.563679,0.093968,1.139519,3.667116,0.026927,-0.651441,0.183878,-0.046811
1.133392,3.507126,0.922483,1.127322,3.488597,1.016642,1.106602,3.475100,1.118256,1.096134,3.462196,1.212316,1.084508,3.450964,1.306347,1.052977,3.439878,1.438365,1.019254,3.437118,1.532706,1.073299,3.475615,1.384734,1.109518,3.622660,1.386089,1.188207,3.675815,1.123067,1.186354,3.692238,0.884681,1.060325,3.413686,1.376434,1.048252,3.268673,1.334469,1.079962,3.285000,1.057125,1.033113,3.322606,0.825795,1.149656,3.583217,0.939167,0.998626,3.682833,0.578484,1.104677,3.792236,0.169864,0.963971,3.845783,0.061734,1.117051,3.430796,0.907006,1.198353,3.498786,0.517688,1.278226,3.564027,0.093919,1.139484,3.667307,0.025992,-0.669736,0.165304,-0.053079
1.122505,3.508988,0.920818,1.116568,3.490533,1.015001,1.095754,3.476676,1.116547,1.085184,3.463662,1.210580,1.073389,3.452273,1.304570,1.041486,3.440576,1.436445,1.007266,3.437184,1.530587,1.061204,3.476779,1.382878,1.093903,3.624651,1.384553,1.172382,3.677893,1.121488,1.174986,3.692125,0.882945,1.049777,3.414543,1.374594,1.041325,3.269319,1.332441,1.071890,3.287173,1.055055,1.024316,3.322930,0.823603,1.136377,3.585587,0.937359,0.978535,3.675737,0.577092,1.058692,3.790169,0.163937,0.908487,3.825060,0.060250,1.108557,3.432148,0.905484,1.198719,3.498358,0.517769,1.277788,3.564333,0.093958,1.139431,3.667463,0.025028,-0.685245,0.143681,-0.059479
1.111495,3.510895,0.919004,1.105541,3.492472,1.013191,1.084541,3.478205,1.114642,1.073796,3.465005,1.208629,1.061784,3.453370,1.302561,1.029479,3.440965,1.434272,0.994821,3.436891,1.528225,1.048649,3.477626,1.380862,1.078375,3.626141,1.382969,1.156264,3.679260,1.119705,1.163496,3.692406,0.881200,1.038613,3.415155,1.372519,1.033344,3.269835,1.330140,1.063480,3.289085,1.052797,1.016287,3.322612,0.820930,1.123103,3.587896,0.935449,0.958527,3.669047,0.576043,1.012501,3.782986,0.158615,0.856009,3.799498,0.059961,1.099813,3.433652,0.903763,1.198364,3.497893,0.517772,1.277256,3.564482,0.094001,1.139384,3.667551,0.024012,-0.693753,0.117552,-0.067012
1.100216,3.512675,0.917062,1.094166,3.494270,1.011247,1.072929,3.479575,1.112587,1.061961,3.466141,1.206515,1.049693,3.454206,1.300377,1.016954,3.441034,1.431906,0.981899,3.436257,1.525679,1.035640,3.478138,1.378709,1.062794,3.627125,1.381323,1.139814,3.679948,1.117744,1.151830,3.692853,0.879425,1.026865,3.415500,1.370257,1.024413,3.270199,1.327616,1.054669,3.290783,1.050383,1.008951,3.321784,0.817860,1.109667,3.589983,0.933427,0.938819,3.662421,0.575116,0.966446,3.771375,0.153884,0.806212,3.769338,0.060490,1.090691,3.435127,0.901898,1.197256,3.497501,0.517755,1.276632,3.564587,0.094132,1.139320,3.667604,0.022966,-0.699474,0.088373,-0.074678
1.088254,3.514000,0.915183,1.082171,3.495660,1.009378,1.060723,3.480577,1.110617,1.049530,3.466929,1.204489,1.036982,3.454703,1.298276,1.003764,3.440787,1.429609,0.968355,3.435352,1.523214,1.022039,3.478288,1.376593,1.046653,3.627696,1.379566,1.123130,3.680115,1.115746,1.139515,3.693546,0.877705,1.014451,3.415514,1.368030,1.014564,3.270258,1.325173,1.045563,3.292013,1.048119,1.002293,3.320784,0.814857,1.095641,3.591562,0.931418,0.919912,3.655200,0.573783,0.922847,3.757001,0.149701,0.760270,3.738290,0.061677,1.080795,3.436199,0.900146,1.194296,3.497492,0.517778,1.275869,3.564859,0.094647,1.139153,3.667653,0.022039,-0.714813,0.058155,-0.081580
1.075512,3.514856,0.913445,1.069487,3.496630,1.007667,1.047851,3.481195,1.108812,1.036412,3.467344,1.202624,1.023530,3.454831,1.296328,0.989724,3.440188,1.427429,0.954017,3.434155,1.520885,1.007712,3.478032,1.374548,1.029746,3.627845,1.377688,1.106278,3.679686,1.113770,1.126447,3.694638,0.876111,1.001226,3.415147,1.365862,1.003587,3.269943,1.322851,1.036199,3.292763,1.046075,0.996374,3.319832,0.812001,1.080904,3.592625,0.929490,0.901995,3.647140,0.571903,0.881708,3.739527,0.146290,0.718295,3.706326,0.063985,1.070048,3.436851,0.898600,1.189193,3.498188,0.517931,1.275065,3.565482,0.095632,1.138791,3.667676,0.021273,-0.744933,0.029693,-0.087138
1.062088,3.515257,0.911769,1.056184,3.497191,1.006030,1.034384,3.481446,1.107093,1.022698,3.467411,1.200847,1.009458,3.454619,1.294462,0.975018,3.439272,1.425318,0.939058,3.432688,1.518638,0.992795,3.477413,1.372540,1.012280,3.627581,1.375699,1.089194,3.678738,1.111757,1.112730,3.695975,0.874572,0.987335,3.414448,1.363728,0.991692,3.269323,1.320610,1.026541,3.293045,1.044181,0.991132,3.318708,0.809212,1.065578,3.593181,0.927575,0.884880,3.638485,0.569617,0.843025,3.719290,0.143426,0.680175,3.673473,0.066951,1.058526,3.437100,0.897167,1.182239,3.499268,0.518123,1.274122,3.566272,0.097001,1.138328,3.667695,0.020627,-0.784672,0.000193,-0.091931
1.047863,3.514911,0.910108,1.042190,3.497112,1.004433,1.020341,3.481173,1.105455,1.008503,3.467052,1.199177,0.994997,3.454078,1.292730,0.960049,3.438153,1.423384,0.923852,3.431083,1.516578,0.977558,3.476537,1.370638,0.994365,3.627024,1.373572,1.071783,3.677661,1.109677,1.098192,3.697182,0.872961,0.973136,3.413499,1.361778,0.979549,3.268464,1.318636,1.016577,3.292642,1.042521,0.986372,3.317090,0.806722,1.049592,3.592963,0.925595,0.868500,3.629296,0.566816,0.809104,3.698964,0.140393,0.646738,3.643523,0.069025,1.046064,3.436631,0.895830,1.173202,3.500077,0.518142,1.272695,3.566879,0.098783,1.137955,3.667805,0.020117,-0.830946,-0.036716,-0.096800
1.032770,3.513736,0.908419,1.027480,3.496330,1.002838,1.005725,3.480332,1.103873,0.993855,3.466233,1.197595,0.980192,3.453177,1.291116,0.944875,3.436797,1.421617,0.908433,3.429313,1.514683,0.962040,3.475379,1.368829,0.975945,3.626165,1.371242,1.054112,3.676537,1.107518,1.082713,3.698194,0.871232,0.958682,3.412267,1.360005,0.967250,3.267335,1.316867,1.006243,3.291368,1.041009,0.982113,3.314933,0.804450,1.032947,3.591896,0.923493,0.852946,3.619337,0.563386,0.780508,3.678899,0.137186,0.618120,3.617342,0.070227,1.032526,3.435354,0.894558,1.162099,3.500600,0.517990,1.270870,3.567314,0.100953,1.137774,3.668112,0.019763,-0.887052,-0.086925,-0.104805
1.016876,3.511814,0.906745,1.012079,3.494908,1.001283,0.990533,3.478967,1.102372,0.978728,3.464989,1.196122,0.964997,3.451946,1.289635,0.929438,3.435237,1.420028,0.892767,3.427407,1.512975,0.946202,3.473963,1.367125,0.957077,3.625012,1.368775,1.036115,3.675286,1.105292,1.066413,3.699075,0.869431,0.943919,3.410784,1.358415,0.954703,3.265965,1.315365,0.995604,3.289410,1.039733,0.978335,3.312283,0.802476,1.015643,3.590056,0.921326,0.838128,3.608844,0.559443,0.756674,3.658745,0.133810,0.594186,3.594062,0.070537,1.018048,3.433359,0.893383,1.148914,3.500853,0.517664,1.268561,3.567566,0.103536,1.137685,3.668510,0.019547,-0.949693,-0.144543,-0.112884
1.000270,3.509103,0.905173,0.995997,3.492797,0.999841,0.974768,3.477054,1.101025,0.963153,3.463348,1.194837,0.949510,3.450485,1.288386,0.913958,3.433683,1.418767,0.877137,3.425584,1.511632,0.930207,3.472465,1.365640,0.938036,3.623710,1.366349,1.017496,3.674051,1.103005,1.049490,3.699640,0.867559,0.929044,3.409226,1.357174,0.942307,3.264515,1.314500,0.984850,3.287113,1.039042,0.974786,3.308960,0.801274,0.997611,3.587406,0.919190,0.823712,3.598594,0.555223,0.738221,3.640130,0.129562,0.575358,3.574880,0.068341,1.002873,3.430596,0.892381,1.133375,3.500231,0.516951,1.265178,3.567256,0.106650,1.137569,3.668782,0.019426,-1.005904,-0.198263,-0.112700
0.982708,3.505517,0.903701,0.978994,3.489954,0.998514,0.958238,3.474587,1.099852,0.947005,3.461343,1.193774,0.933687,3.448860,1.287420,0.898529,3.432239,1.417931,0.861667,3.423953,1.510764,0.914115,3.470980,1.364401,0.919037,3.622363,1.364067,0.998186,3.673043,1.100694,1.031935,3.699945,0.865630,0.914120,3.407681,1.356335,0.930200,3.263039,1.314419,0.973927,3.284456,1.039050,0.971417,3.304687,0.800975,0.978569,3.583871,0.917051,0.809806,3.588664,0.550561,0.726542,3.622586,0.123695,0.562900,3.560238,0.061741,0.986795,3.426968,0.891586,1.115328,3.498800,0.515856,1.260758,3.566400,0.110373,1.137266,3.668853,0.019347,-1.057790,-0.243739,-0.103196
0.964433,3.501142,0.902330,0.961310,3.486422,0.997299,0.941136,3.471573,1.098833,0.930409,3.458941,1.192900,0.917571,3.447005,1.286686,0.883058,3.430801,1.417423,0.846232,3.422406,1.510260,0.897866,3.469413,1.363381,0.899867,3.620867,1.361825,0.978254,3.672053,1.098321,1.013756,3.699933,0.863629,0.899084,3.406061,1.355845,0.918244,3.261482,1.314975,0.962889,3.281460,1.039644,0.968277,3.299741,0.801449,0.958800,3.579527,0.914942,0.796303,3.578977,0.545624,0.720243,3.606579,0.116956,0.555550,3.549692,0.052635,0.970018,3.422572,0.890963,1.094928,3.496495,0.514372,1.255264,3.564981,0.114625,1.136937,3.668797,0.019365,-1.103246,-0.285317,-0.085427
0.946259,3.496193,0.901149,0.943674,3.482282,0.996259,0.924041,3.468002,1.097982,0.913781,3.456080,1.192194,0.901388,3.444827,1.286124,0.867480,3.429256,1.417094,0.830741,3.420833,1.509963,0.881434,3.467649,1.362606,0.880156,3.619056,1.359494,0.957611,3.670589,1.095783,0.995167,3.699258,0.861516,0.883933,3.404269,1.355716,0.906419,3.259833,1.316094,0.952089,3.278533,1.040841,0.965259,3.294770,0.802773,0.939078,3.574559,0.913058,0.782539,3.570072,0.541152,0.715765,3.595135,0.110881,0.549942,3.543115,0.045106,0.953398,3.417651,0.890488,1.072367,3.492519,0.512270,1.247992,3.562563,0.119285,1.136947,3.668623,0.019594,-1.122989,-0.324733,-0.054221
0.928321,3.490481,0.899970,0.926216,3.477293,0.995195,0.907056,3.463655,1.097094,0.897197,3.452581,1.191450,0.885179,3.442219,1.285526,0.851786,3.427627,1.416735,0.815215,3.419316,1.509679,0.864768,3.465685,1.361963,0.859654,3.616916,1.356708,0.936168,3.668605,1.092751,0.976251,3.697875,0.858983,0.868621,3.402297,1.355889,0.894744,3.258108,1.317699,0.941718,3.275819,1.042602,0.962520,3.289746,0.804955,0.919575,3.568780,0.911258,0.767843,3.562088,0.537328,0.712295,3.590686,0.105867,0.545192,3.541890,0.040840,0.937031,3.412011,0.889919,1.047397,3.487151,0.509097,1.238854,3.559230,0.124052,1.138427,3.668605,0.019332,-1.099836,-0.364568,0.005698
0.910483,3.484197,0.898980,0.908806,3.471696,0.994306,0.890080,3.458751,1.096375,0.880580,3.448623,1.190873,0.868901,3.439288,1.285099,0.835986,3.425892,1.416556,0.799633,3.417774,1.509602,0.847920,3.463524,1.361565,0.838611,3.614461,1.353833,0.914014,3.666148,1.089553,0.956924,3.695828,0.856338,0.853194,3.400154,1.356422,0.883201,3.256290,1.319867,0.931585,3.273174,1.044967,0.959903,3.284697,0.807988,0.900121,3.562378,0.909684,0.752885,3.554886,0.533971,0.710645,3.590800,0.101518,0.542186,3.544632,0.038151,0.920820,3.405846,0.889498,1.020267,3.480111,0.505306,1.227938,3.554898,0.129226,1.140248,3.668468,0.019282,-1.050972,-0.402240,0.079055
0.893158,3.478127,0.898831,0.891793,3.466296,0.994247,0.873379,3.453950,1.096449,0.864117,3.444677,1.191062,0.852654,3.436258,1.285406,0.820049,3.423869,1.417045,0.783840,3.415854,1.510158,0.831024,3.461062,1.361778,0.817414,3.611566,1.351835,0.891334,3.662874,1.087072,0.937155,3.692900,0.854454,0.837799,3.397767,1.357498,0.871707,3.254314,1.322766,0.921464,3.270578,1.048074,0.956835,3.280356,0.811926,0.880976,3.556108,0.908956,0.739022,3.548595,0.531271,0.709685,3.591206,0.098184,0.540214,3.547055,0.036056,0.905324,3.399984,0.889917,0.991922,3.469769,0.502024,1.214810,3.548886,0.135584,1.139379,3.667390,0.021673,-1.008662,-0.431752,0.125196
0.876590,3.472732,0.899994,0.875336,3.461609,0.995497,0.857025,3.449736,1.097775,0.847795,3.441169,1.192459,0.836340,3.433464,1.286867,0.803764,3.421733,1.418576,0.767555,3.413642,1.511682,0.814002,3.458468,1.362904,0.796137,3.608428,1.351293,0.868043,3.658454,1.085742,0.917124,3.688778,0.853846,0.822334,3.395302,1.359346,0.859993,3.252264,1.326802,0.911058,3.268306,1.052334,0.953201,3.277406,0.817279,0.862282,3.550427,0.909486,0.726584,3.543450,0.529487,0.709279,3.590579,0.096238,0.539389,3.547619,0.034363,0.890880,3.394892,0.891716,0.961958,3.454477,0.499463,1.198863,3.540338,0.143606,1.135324,3.665697,0.028089,-0.985092,-0.456549,0.116080
0.860535,3.467553,0.901998,0.859276,3.457118,0.997577,0.840948,3.445625,1.099895,0.831628,3.437674,1.194623,0.820056,3.430572,1.289062,0.787343,3.419309,1.420776,0.751060,3.411051,1.513839,0.796932,3.455574,1.364641,0.774706,3.604850,1.351627,0.844226,3.653215,1.085128,0.896649,3.683775,0.854000,0.806899,3.392592,1.361736,0.848329,3.250055,1.331569,0.900663,3.266082,1.057337,0.949115,3.275163,0.823537,0.843897,3.544877,0.910862,0.715240,3.539216,0.528360,0.709563,3.590243,0.095308,0.539598,3.547864,0.033265,0.877152,3.390103,0.894355,0.930779,3.435882,0.497412,1.180704,3.530110,0.152812,1.128580,3.663064,0.036945,-0.968077,-0.473184,0.079748
0.844680,3.462000,0.904074,0.843484,3.452082,0.999710,0.825206,3.440819,1.102062,0.815837,3.433383,1.196826,0.804183,3.426805,1.291293,0.771389,3.415881,1.423015,0.735048,3.407470,1.516041,0.780180,3.451765,1.366440,0.753280,3.600118,1.352070,0.820328,3.647799,1.084806,0.875148,3.678610,0.854244,0.791940,3.389072,1.364169,0.837447,3.247375,1.336015,0.890949,3.263063,1.061987,0.944346,3.272309,0.829228,0.825655,3.538839,0.912461,0.705344,3.535314,0.527307,0.709814,3.589910,0.094623,0.539795,3.548117,0.032360,0.863681,3.385048,0.896914,0.900537,3.417298,0.496364,1.161721,3.520080,0.162539,1.117609,3.657689,0.045716,-0.953328,-0.465319,0.059664
0.828711,3.455768,0.906008,0.827810,3.446079,1.001673,0.809782,3.434851,1.104073,0.800503,3.427829,1.198878,0.788876,3.421728,1.293381,0.756153,3.411080,1.425144,0.719798,3.402619,1.518161,0.763859,3.446729,1.368155,0.731734,3.593838,1.352286,0.796338,3.642619,1.084624,0.852303,3.673667,0.854346,0.777655,3.384450,1.366542,0.827761,3.244064,1.339798,0.882297,3.258620,1.065916,0.938849,3.268214,0.833865,0.807247,3.531972,0.914201,0.697238,3.531623,0.526078,0.709847,3.589479,0.093923,0.539645,3.548503,0.031614,0.850157,3.379451,0.899048,0.871782,3.400119,0.496515,1.142732,3.511167,0.173278,1.102448,3.649900,0.054619,-0.943137,-0.408847,0.078720
0.812942,3.449164,0.908015,0.812404,3.439530,1.003688,0.794693,3.428189,1.106130,0.785546,3.421480,1.200971,0.773980,3.415775,1.295505,0.741384,3.405274,1.427312,0.705030,3.396777,1.520326,0.747856,3.440779,1.369933,0.710194,3.586405,1.352610,0.772267,3.637260,1.084734,0.828432,3.668562,0.854539,0.763845,3.379016,1.368958,0.818857,3.240281,1.343261,0.874326,3.253381,1.069492,0.932669,3.263508,0.837935,0.788982,3.524616,0.916163,0.690580,3.528265,0.524923,0.709848,3.589050,0.093467,0.539483,3.548898,0.031062,0.836891,3.373587,0.901102,0.843965,3.382952,0.497669,1.122920,3.502451,0.184538,1.083060,3.639370,0.063437,-0.935212,-0.327875,0.114024
0.797998,3.442512,0.909962,0.797580,3.432956,1.005641,0.780053,3.421437,1.108096,0.770951,3.414931,1.202955,0.759404,3.409470,1.297506,0.726942,3.398863,1.429336,0.690596,3.390176,1.522334,0.732204,3.434243,1.371672,0.689203,3.578292,1.353279,0.748599,3.631117,1.085175,0.803904,3.662869,0.854857,0.750365,3.373072,1.371218,0.810227,3.236189,1.346375,0.866550,3.248385,1.072735,0.925701,3.258758,0.841419,0.771627,3.517174,0.917973,0.684702,3.525029,0.524008,0.709646,3.588630,0.093265,0.539271,3.549255,0.030405,0.824362,3.367720,0.903186,0.817592,3.364923,0.499725,1.101223,3.493062,0.194193,1.057803,3.623324,0.068989,-0.918386,-0.278384,0.140367
0.784261,3.435998,0.911805,0.783540,3.426604,1.007498,0.765951,3.414857,1.109916,0.756739,3.408426,1.204770,0.745137,3.403014,1.299317,0.712805,3.391968,1.431143,0.676471,3.382875,1.524108,0.716928,3.427210,1.373347,0.668962,3.569631,1.354460,0.725488,3.623880,1.086020,0.778652,3.656532,0.855335,0.737203,3.366708,1.373250,0.801781,3.231873,1.349076,0.858926,3.244082,1.075606,0.917861,3.254096,0.844212,0.755598,3.509843,0.919488,0.679580,3.521873,0.523372,0.709153,3.588239,0.093308,0.538970,3.549597,0.029482,0.812914,3.362024,0.905356,0.792953,3.345374,0.502749,1.077635,3.483183,0.202193,1.024679,3.599698,0.069497,-0.883416,-0.289609,0.150196
0.771349,3.429437,0.913589,0.770083,3.420227,1.009294,0.752297,3.408188,1.111644,0.742889,3.401722,1.206476,0.731191,3.396206,1.301006,0.698995,3.384467,1.432807,0.662680,3.374815,1.525724,0.702003,3.419592,1.374983,0.649270,3.560291,1.355987,0.702781,3.615860,1.087196,0.752744,3.649606,0.855939,0.724372,3.359834,1.375126,0.793609,3.227249,1.351429,0.851498,3.240023,1.078143,0.909234,3.249391,0.846420,0.740478,3.502424,0.920850,0.675236,3.518839,0.522977,0.708458,3.587856,0.093605,0.538619,3.549901,0.028456,0.802204,3.356325,0.907556,0.769759,3.324964,0.506676,1.052162,3.472631,0.208587,0.985687,3.570555,0.066738,-0.839545,-0.332315,0.151064
0.758742,3.422601,0.915307,0.756927,3.413603,1.011025,0.738937,3.401249,1.113302,0.729319,3.394682,1.208105,0.717509,3.388966,1.302609,0.685436,3.376390,1.434360,0.649148,3.366047,1.527213,0.687382,3.411449,1.376553,0.630059,3.550347,1.357596,0.680502,3.607383,1.088521,0.726757,3.641824,0.856599,0.711761,3.352475,1.376864,0.785461,3.222225,1.353598,0.843917,3.235889,1.080480,0.899971,3.244822,0.848336,0.725786,3.494720,0.922109,0.671075,3.515850,0.522865,0.707658,3.587433,0.094192,0.538287,3.550054,0.027512,0.791676,3.350360,0.909729,0.747640,3.304799,0.511209,1.023767,3.459975,0.211390,0.945181,3.539314,0.062866,-0.803331,-0.374779,0.140418
0.746336,3.415410,0.917028,0.744028,3.406677,1.012758,0.725853,3.394004,1.114964,0.716024,3.387283,1.209735,0.704082,3.381285,1.304204,0.672090,3.367745,1.435879,0.635830,3.356564,1.528643,0.673049,3.402803,1.378119,0.611293,3.539811,1.359307,0.658673,3.598484,1.090024,0.700815,3.633093,0.857355,0.699338,3.344653,1.378536,0.777283,3.216811,1.355754,0.836102,3.231632,1.082775,0.890077,3.240532,0.850144,0.711445,3.486665,0.923328,0.666885,3.512884,0.523101,0.706761,3.586951,0.095134,0.538004,3.549972,0.026710,0.781199,3.344038,0.911950,0.726650,3.285170,0.516438,0.991560,3.445177,0.209257,0.904464,3.507423,0.058127,-0.784031,-0.407245,0.111168
0.734235,3.407943,0.918683,0.731429,3.399503,1.014427,0.713063,3.386488,1.116555,0.703009,3.379549,1.211287,0.690919,3.373172,1.305713,0.658995,3.358525,1.437288,0.622771,3.346373,1.529945,0.659020,3.393633,1.379619,0.593009,3.528672,1.361100,0.637272,3.589130,1.091677,0.674795,3.623505,0.858167,0.687135,3.336348,1.380070,0.769131,3.210997,1.357726,0.828134,3.227301,1.084870,0.879548,3.236378,0.851660,0.697531,3.478324,0.924443,0.662876,3.509964,0.523620,0.705760,3.586429,0.096365,0.537741,3.549740,0.025990,0.770905,3.337451,0.914143,0.706736,3.265787,0.522273,0.956431,3.428274,0.203532,0.862233,3.473432,0.052274,-0.772388,-0.439467,0.070405
0.722234,3.400209,0.920067,0.718977,3.392030,1.015820,0.700460,3.378627,1.117870,0.690212,3.371405,1.212560,0.678002,3.364579,1.306939,0.646185,3.348735,1.438400,0.610033,3.335545,1.530944,0.645297,3.383929,1.380834,0.575244,3.516970,1.362655,0.616261,3.579537,1.093210,0.648901,3.613072,0.858854,0.675149,3.327526,1.381265,0.760917,3.204666,1.359170,0.819899,3.222731,1.086424,0.868516,3.232108,0.852628,0.683791,3.469696,0.925322,0.659079,3.507083,0.524273,0.704724,3.585872,0.097723,0.537478,3.549503,0.025364,0.760636,3.330614,0.916031,0.687364,3.246887,0.528150,0.920010,3.407953,0.196266,0.818939,3.436415,0.046716,-0.757187,-0.468983,0.036851
0.710208,3.392186,0.921133,0.706595,3.384232,1.016892,0.688010,3.370394,1.118873,0.677634,3.362832,1.213523,0.665361,3.355493,1.307855,0.633727,3.338377,1.439200,0.597700,3.324088,1.531627,0.631925,3.373686,1.381730,0.558058,3.504703,1.363909,0.595550,3.569889,1.094590,0.623093,3.601756,0.859364,0.663423,3.318184,1.382086,0.752647,3.197800,1.359986,0.811408,3.217913,1.087337,0.856963,3.227698,0.852952,0.670072,3.460742,0.925942,0.655624,3.504336,0.525057,0.703665,3.585316,0.099174,0.537203,3.549307,0.024853,0.750299,3.323524,0.917543,0.668214,3.228337,0.534099,0.882597,3.383536,0.187642,0.774135,3.396146,0.041706,-0.731067,-0.493650,0.019571
0.698282,3.383895,0.921926,0.694359,3.376134,1.017690,0.675746,3.361817,1.119600,0.665273,3.353851,1.214206,0.652966,3.345926,1.308487,0.621553,3.327449,1.439703,0.585689,3.311994,1.532007,0.618859,3.362910,1.382341,0.541390,3.491874,1.364925,0.575228,3.560003,1.095850,0.597411,3.589594,0.859749,0.651913,3.308326,1.382567,0.744317,3.190418,1.360274,0.802650,3.212857,1.087709,0.844906,3.223173,0.852727,0.656527,3.451501,0.926325,0.652381,3.501629,0.525974,0.702571,3.584726,0.100750,0.536928,3.549107,0.024435,0.739987,3.316184,0.918748,0.649607,3.210270,0.540090,0.843892,3.355700,0.177477,0.728267,3.352850,0.036991,-0.701389,-0.515610,0.009500
0.686618,3.375408,0.922379,0.682340,3.367759,1.018136,0.663664,3.352896,1.119955,0.653069,3.344453,1.214506,0.640708,3.335869,1.308721,0.609495,3.315955,1.439773,0.573805,3.299311,1.531938,0.605970,3.351606,1.382549,0.525102,3.478531,1.365573,0.555531,3.549554,1.096823,0.572178,3.576713,0.859974,0.640483,3.297930,1.382612,0.735832,3.182453,1.359984,0.793487,3.207424,1.087498,0.832535,3.218348,0.851982,0.643360,3.442093,0.926401,0.648987,3.498673,0.526885,0.701474,3.583998,0.102390,0.536667,3.548915,0.024048,0.729822,3.308621,0.919579,0.631973,3.193319,0.545463,0.804621,3.325154,0.167272,0.683125,3.306272,0.033224,-0.679015,-0.538822,-0.001834
0.675308,3.366834,0.922469,0.670579,3.359186,1.018204,0.651759,3.343691,1.119901,0.640984,3.334676,1.214378,0.628524,3.325344,1.308508,0.597465,3.303893,1.439351,0.561947,3.286039,1.531355,0.593186,3.339780,1.382301,0.509097,3.464659,1.365799,0.536551,3.538434,1.097465,0.547377,3.563117,0.860031,0.629069,3.287009,1.382171,0.727162,3.173951,1.359060,0.783800,3.201641,1.086627,0.819806,3.213181,0.850655,0.630692,3.432645,0.926145,0.645302,3.495345,0.527740,0.700423,3.583065,0.104071,0.536444,3.548627,0.023673,0.719864,3.300920,0.920015,0.615392,3.177807,0.550137,0.764583,3.291625,0.156935,0.639005,3.255025,0.029988,-0.667588,-0.564598,-0.016810
0.664260,3.358064,0.922218,0.659035,3.350338,1.017921,0.640035,3.334144,1.119477,0.629055,3.324481,1.213866,0.616478,3.314330,1.307896,0.585551,3.291264,1.438497,0.550216,3.272178,1.530324,0.580578,3.327425,1.381651,0.493471,3.450274,1.365656,0.518196,3.526752,1.097819,0.523025,3.548801,0.859929,0.617735,3.275550,1.381292,0.718338,3.164866,1.357559,0.773709,3.195482,1.085174,0.806762,3.207716,0.848808,0.618401,3.423028,0.925581,0.641466,3.491769,0.528588,0.699368,3.581994,0.105816,0.536234,3.548347,0.023328,0.710052,3.292995,0.920077,0.599783,3.163412,0.554195,0.723978,3.255385,0.146557,0.595610,3.200495,0.027700,-0.663465,-0.591627,-0.033049
0.653360,3.348849,0.921625,0.647666,3.340997,1.017291,0.628500,3.324083,1.118698,0.617331,3.313745,1.212994,0.604649,3.302751,1.306916,0.573853,3.278077,1.437255,0.538722,3.257783,1.528903,0.568235,3.314532,1.380635,0.478378,3.435465,1.365179,0.500422,3.514502,1.097851,0.499493,3.533874,0.859658,0.606539,3.263495,1.380026,0.709352,3.155001,1.355608,0.763428,3.188724,1.083332,0.793720,3.201900,0.846645,0.606323,3.412978,0.924712,0.637548,3.488026,0.529443,0.698189,3.580887,0.107627,0.535973,3.548401,0.023006,0.700324,3.284614,0.919759,0.585335,3.149800,0.557217,0.684132,3.217963,0.137921,0.553835,3.146580,0.028255,-0.666591,-0.619934,-0.051890
0.642741,3.339204,0.920646,0.636588,3.331181,1.016269,0.617243,3.313516,1.117514,0.605870,3.302466,1.211703,0.593060,3.290596,1.305500,0.562337,3.264310,1.435539,0.527409,3.242835,1.526994,0.556150,3.301095,1.379179,0.463878,3.420285,1.364300,0.483226,3.501723,1.097484,0.476841,3.518328,0.859171,0.595444,3.250817,1.378303,0.700110,3.144259,1.353179,0.752900,3.181449,1.081116,0.780609,3.195792,0.844176,0.594560,3.402488,0.923477,0.633966,3.484485,0.530371,0.696903,3.579858,0.109425,0.535575,3.549099,0.022719,0.690846,3.275813,0.919036,0.572425,3.137038,0.559037,0.644674,3.178435,0.131706,0.513750,3.092570,0.032965,-0.680251,-0.647113,-0.077546
0.632270,3.329114,0.919325,0.625684,3.320874,1.014900,0.606175,3.302437,1.115975,0.594613,3.290644,1.210052,0.581688,3.277876,1.303715,0.551038,3.249984,1.433435,0.516333,3.227352,1.524696,0.544329,3.287120,1.377358,0.449911,3.404681,1.363086,0.466612,3.488378,1.096795,0.455009,3.502171,0.858515,0.584487,3.237543,1.376192,0.690707,3.132736,1.350300,0.742184,3.173576,1.078511,0.767499,3.189334,0.841393,0.583009,3.391563,0.921936,0.630302,3.480777,0.531305,0.695493,3.578794,0.111291,0.535126,3.550131,0.022454,0.681451,3.266556,0.917934,0.560676,3.125059,0.559821,0.605974,3.137724,0.127232,0.475285,3.039175,0.040519,-0.701160,-0.675570,-0.105804
0.621427,3.318285,0.917786,0.614560,3.309815,1.013323,0.595038,3.290648,1.114260,0.583434,3.278158,1.208243,0.570539,3.264553,1.301793,0.540156,3.235171,1.431250,0.505776,3.211447,1.522356,0.532877,3.272608,1.375438,0.436446,3.388592,1.361769,0.450549,3.474351,1.095982,0.434187,3.485535,0.857824,0.573832,3.223699,1.373950,0.681418,3.120527,1.347186,0.731667,3.164637,1.075663,0.754921,3.182306,0.838473,0.571196,3.379962,0.920271,0.625358,3.475870,0.532060,0.693789,3.577445,0.113462,0.534822,3.550897,0.022162,0.671578,3.256496,0.916523,0.549149,3.113334,0.559658,0.570466,3.100134,0.124240,0.439126,2.992424,0.048886,-0.719403,-0.712540,-0.125359
0.610112,3.306746,0.915952,0.603174,3.298040,1.011463,0.583846,3.278186,1.112305,0.572395,3.265044,1.206218,0.559722,3.250661,1.299682,0.529861,3.219902,1.428941,0.495926,3.195138,1.519938,0.521927,3.257573,1.373369,0.423540,3.371971,1.360267,0.435027,3.459613,1.094970,0.414414,3.468375,0.857031,0.563626,3.209306,1.371514,0.672378,3.107633,1.343712,0.721581,3.154468,1.072447,0.743066,3.174838,0.835319,0.559017,3.367709,0.918429,0.619000,3.469567,0.532573,0.691960,3.575726,0.115863,0.534769,3.551101,0.021836,0.661130,3.245670,0.914697,0.537744,3.101820,0.558413,0.538731,3.066062,0.123474,0.404455,2.954628,0.058747,-0.731908,-0.760323,-0.130408
0.598426,3.294467,0.913900,0.591568,3.285513,1.009394,0.572585,3.265016,1.110173,0.561434,3.251265,1.204034,0.549128,3.236166,1.297435,0.519984,3.204146,1.426551,0.486596,3.178405,1.517479,0.511345,3.242002,1.371201,0.411136,3.354864,1.358661,0.420056,3.444193,1.093835,0.395651,3.450736,0.856203,0.553722,3.194344,1.368947,0.663454,3.094051,1.340004,0.711695,3.143234,1.068986,0.731742,3.166801,0.832030,0.546575,3.354779,0.916463,0.611362,3.462066,0.532906,0.689836,3.573724,0.118570,0.534862,3.551039,0.021483,0.650202,3.234042,0.912561,0.526561,3.090559,0.556220,0.510189,3.035111,0.124190,0.372090,2.923476,0.069422,-0.741749,-0.816620,-0.126754
0.586151,3.281064,0.911992,0.579469,3.271870,1.007475,0.560948,3.250832,1.108228,0.550230,3.236589,1.202067,0.538437,3.220921,1.295439,0.510220,3.187886,1.424505,0.477498,3.161304,1.515433,0.500838,3.225858,1.369342,0.399023,3.337349,1.357428,0.405639,3.428067,1.093000,0.377969,3.432888,0.855675,0.543842,3.178781,1.366691,0.654526,3.079868,1.336647,0.701705,3.130963,1.065796,0.720905,3.157590,0.829079,0.533706,3.340854,0.914709,0.601657,3.452930,0.533060,0.686733,3.571451,0.122044,0.534976,3.550996,0.021077,0.638526,3.221158,0.910500,0.514963,3.079141,0.553572,0.485527,3.010390,0.123891,0.345171,2.898068,0.076840,-0.748226,-0.881762,-0.120506
0.573176,3.266442,0.910287,0.566705,3.257014,1.005763,0.548736,3.235550,1.106528,0.538581,3.220937,1.200373,0.527461,3.204858,1.293759,0.500423,3.171068,1.422882,0.468516,3.143777,1.513890,0.490257,3.209085,1.367868,0.387064,3.319388,1.356719,0.391768,3.411074,1.092576,0.361415,3.414759,0.855541,0.533858,3.162583,1.364822,0.645574,3.065174,1.333721,0.691562,3.117539,1.062898,0.710661,3.146924,0.826496,0.520354,3.325898,0.913205,0.589948,3.442070,0.533010,0.682879,3.569290,0.126398,0.535073,3.551066,0.020611,0.625929,3.206867,0.908593,0.502407,3.067303,0.550656,0.465380,2.994102,0.121742,0.325649,2.878690,0.079977,-0.748427,-0.963757,-0.113498
0.559613,3.250695,0.908725,0.553447,3.241042,1.004200,0.536149,3.219255,1.105015,0.526689,3.204389,1.198894,0.516387,3.188045,1.292330,0.490739,3.153748,1.421604,0.459767,3.125881,1.512760,0.479751,3.191739,1.366704,0.375398,3.301019,1.356383,0.378450,3.393374,1.092452,0.345943,3.396420,0.855706,0.523898,3.145784,1.363265,0.636619,3.049879,1.331147,0.681314,3.103079,1.060270,0.700903,3.135083,0.824252,0.506574,3.309947,0.911914,0.576172,3.429576,0.532781,0.678045,3.566859,0.131519,0.535191,3.551156,0.020092,0.612583,3.191321,0.906761,0.489436,3.055307,0.547286,0.449115,2.984043,0.118578,0.311573,2.865055,0.079858,-0.745265,-1.054598,-0.103896
0.545582,3.233719,0.907494,0.539942,3.223872,1.002978,0.523476,3.201902,1.103889,0.514842,3.186944,1.197832,0.505462,3.170538,1.291351,0.481297,3.136076,1.420865,0.451317,3.107840,1.512238,0.469478,3.173954,1.366028,0.364224,3.282440,1.356443,0.365708,3.375420,1.092722,0.331488,3.378354,0.856222,0.514068,3.128453,1.362236,0.627601,3.033785,1.329272,0.670810,3.087961,1.058355,0.691265,3.122298,0.822738,0.492368,3.292791,0.911064,0.559355,3.415279,0.532450,0.670861,3.563018,0.137525,0.535322,3.551266,0.019511,0.598729,3.174520,0.905148,0.477041,3.043535,0.543390,0.435512,2.976714,0.114401,0.300235,2.855408,0.075484,-0.746781,-1.130600,-0.092307
0.530794,3.215100,0.906542,0.526112,3.205087,1.002053,0.510763,3.183127,1.103135,0.503165,3.168303,1.197183,0.494844,3.152122,1.290837,0.472255,3.117988,1.420716,0.443313,3.089644,1.512391,0.459579,3.155641,1.365873,0.353731,3.263605,1.356847,0.353650,3.357401,1.093412,0.318177,3.360695,0.857089,0.504466,3.110453,1.361798,0.618591,3.016670,1.328319,0.659863,3.072381,1.057424,0.681687,3.108581,0.822208,0.477478,3.274039,0.910732,0.538827,3.399131,0.531986,0.660604,3.557588,0.144391,0.535131,3.551189,0.018095,0.584055,3.156032,0.903578,0.465775,3.032491,0.538248,0.424407,2.971783,0.108340,0.290961,2.850527,0.064218,-0.759119,-1.191110,-0.081427
0.515538,3.195253,0.905922,0.512034,3.185106,1.001469,0.497964,3.163294,1.102769,0.491532,3.148767,1.196949,0.484374,3.133011,1.290772,0.463454,3.099549,1.421107,0.435608,3.071303,1.513151,0.449913,3.136888,1.366206,0.343732,3.244558,1.357647,0.342168,3.339127,1.094494,0.305884,3.343309,0.858306,0.494994,3.091921,1.361889,0.609517,2.998757,1.328065,0.648659,3.056145,1.057206,0.672228,3.093919,0.822407,0.462162,3.254082,0.910842,0.515257,3.381181,0.531420,0.647997,3.550749,0.152142,0.534953,3.551132,0.016616,0.568875,3.136289,0.902228,0.455085,3.021671,0.532581,0.415966,2.969583,0.101266,0.284425,2.849634,0.048697,-0.776136,-1.236781,-0.068561
0.500799,3.175308,0.905967,0.498184,3.165096,1.001544,0.485233,3.143455,1.103037,0.479863,3.129238,1.197337,0.473818,3.113907,1.291312,0.454552,3.081106,1.422073,0.427822,3.053070,1.514511,0.440213,3.118096,1.367108,0.333865,3.225632,1.359025,0.330969,3.320483,1.095985,0.294161,3.326279,0.859928,0.485464,3.073332,1.362537,0.600113,2.980525,1.328193,0.637603,3.039045,1.057329,0.662698,3.078507,0.822967,0.447199,3.233889,0.911394,0.489687,3.361406,0.530913,0.633839,3.541906,0.160976,0.535784,3.551729,0.017387,0.554370,3.116592,0.901768,0.444305,3.009949,0.528474,0.409467,2.967612,0.095797,0.279937,2.848631,0.035838,-0.787442,-1.245884,-0.046224
0.486985,3.155554,0.906942,0.484666,3.145346,1.002532,0.472527,3.123849,1.104159,0.468036,3.109908,1.198547,0.463043,3.094941,1.292642,0.445476,3.062691,1.423774,0.419907,3.034987,1.516635,0.430436,3.099284,1.368749,0.324193,3.206955,1.361175,0.319865,3.301509,1.098042,0.282617,3.309943,0.862146,0.475844,3.054723,1.363867,0.590138,2.961846,1.328573,0.626939,3.020662,1.057667,0.653071,3.062394,0.823820,0.432831,3.213608,0.912460,0.461809,3.340059,0.530471,0.618124,3.531012,0.170945,0.539980,3.554943,0.021274,0.541109,3.097366,0.902653,0.432640,2.996474,0.527197,0.404998,2.964891,0.093242,0.277885,2.845836,0.028342,-0.789102,-1.189384,-0.002368
0.473688,3.135702,0.908583,0.471376,3.125567,1.004180,0.459888,3.104237,1.105916,0.456173,3.090586,1.200379,0.452182,3.075982,1.294576,0.436298,3.044271,1.426051,0.411910,3.017012,1.519360,0.420625,3.080434,1.370959,0.314653,3.188397,1.363905,0.309044,3.282166,1.100506,0.271645,3.293964,0.864769,0.466166,3.036057,1.365753,0.579832,2.942847,1.329334,0.616423,3.001416,1.058347,0.643373,3.045532,0.825033,0.418815,3.193090,0.913970,0.431931,3.316888,0.530088,0.600858,3.518114,0.181997,0.545185,3.558810,0.027411,0.528525,3.078185,0.904427,0.420884,2.982097,0.527480,0.402471,2.962399,0.092293,0.277881,2.842933,0.023509,-0.785050,-1.096317,0.050957
0.460671,3.116025,0.910438,0.458479,3.106069,1.006053,0.447594,3.084956,1.107899,0.444552,3.071602,1.202428,0.441399,3.057334,1.296713,0.426903,3.026093,1.428467,0.403595,2.999273,1.522183,0.410641,3.061886,1.373305,0.304699,3.169908,1.366810,0.298775,3.262218,1.102918,0.261967,3.277408,0.867278,0.456334,3.017701,1.367851,0.569639,2.924391,1.330551,0.605727,2.982369,1.059377,0.633488,3.027961,0.826431,0.405205,3.172860,0.915713,0.402011,3.291118,0.529914,0.582854,3.502755,0.194172,0.545329,3.558076,0.035507,0.516099,3.059065,0.906397,0.410757,2.968240,0.527603,0.400906,2.960580,0.091643,0.278065,2.840874,0.020156,-0.776707,-1.032067,0.085092
0.447865,3.096457,0.912390,0.446105,3.086867,1.008048,0.435818,3.066079,1.110022,0.433329,3.053056,1.204615,0.430766,3.039112,1.298968,0.417189,3.008263,1.430919,0.394817,2.981866,1.524984,0.400364,3.043785,1.375666,0.293954,3.151385,1.369867,0.289564,3.241096,1.105087,0.254440,3.259618,0.869445,0.446264,2.999817,1.370104,0.559771,2.906919,1.332386,0.594598,2.963973,1.060857,0.623357,3.009684,0.828045,0.392098,3.153004,0.917658,0.372108,3.261635,0.529827,0.564514,3.484679,0.208625,0.538095,3.551803,0.046867,0.503602,3.039788,0.908358,0.403038,2.954994,0.526901,0.400298,2.959793,0.090871,0.277875,2.840260,0.018286,-0.764886,-1.031172,0.077188
0.435338,3.077063,0.914555,0.434123,3.067946,1.010268,0.424386,3.047531,1.112371,0.422349,3.034848,1.207020,0.420210,3.021202,1.301425,0.407256,2.990675,1.433511,0.385720,2.964696,1.527884,0.389913,3.025986,1.378163,0.282795,3.132932,1.373101,0.280904,3.219370,1.107203,0.248208,3.241252,0.871498,0.436040,2.982243,1.372570,0.550016,2.889988,1.334675,0.583288,2.945777,1.062686,0.613038,2.990699,0.829844,0.379397,3.133434,0.919837,0.342164,3.229552,0.529948,0.545436,3.464141,0.224201,0.525800,3.540928,0.060186,0.491264,3.020571,0.910515,0.396947,2.942267,0.526038,0.400652,2.959678,0.090398,0.277873,2.840491,0.017897,-0.748773,-1.059093,0.050094
0.423061,3.058309,0.916836,0.422308,3.049571,1.012592,0.413064,3.029433,1.114796,0.411430,3.017003,1.209487,0.409677,3.003574,1.303930,0.397294,2.973264,1.436117,0.376508,2.947599,1.530745,0.379511,3.008404,1.380719,0.271807,3.114798,1.376188,0.271542,3.198513,1.109373,0.241428,3.223352,0.873600,0.425826,2.964858,1.375067,0.540178,2.873132,1.337004,0.572234,2.927490,1.064574,0.602596,2.971046,0.831560,0.366863,3.114416,0.922134,0.313963,3.197435,0.530795,0.525228,3.441452,0.237470,0.509332,3.523009,0.071260,0.479255,3.002082,0.912782,0.391863,2.931204,0.525282,0.401002,2.959602,0.090186,0.277885,2.840725,0.017797,-0.727350,-1.077599,0.043694
0.411087,3.040452,0.919279,0.410620,3.031973,1.015062,0.401787,3.011967,1.117330,0.400516,2.999660,1.212043,0.399145,2.986315,1.306505,0.387355,2.956049,1.438758,0.367241,2.930528,1.533571,0.369243,2.991056,1.383384,0.261233,3.097146,1.379020,0.260731,3.179272,1.111698,0.233448,3.206472,0.875847,0.415679,2.947664,1.377591,0.530158,2.856225,1.339229,0.561742,2.908889,1.066413,0.592222,2.950445,0.833057,0.354471,3.096141,0.924557,0.288450,3.166039,0.532582,0.503973,3.416746,0.247642,0.488593,3.496360,0.079052,0.467702,2.984649,0.915247,0.387752,2.922434,0.524720,0.401017,2.959378,0.090281,0.277855,2.840683,0.017671,-0.690305,-1.072538,0.086483
0.399362,3.023234,0.921838,0.399099,3.014920,1.017636,0.390620,2.994949,1.119940,0.389663,2.982681,1.214661,0.388636,2.969337,1.309128,0.377386,2.939011,1.441413,0.357857,2.913530,1.536358,0.359022,2.973924,1.386110,0.250829,3.079814,1.381706,0.249217,3.160900,1.114078,0.224919,3.190058,0.878144,0.405543,2.930659,1.380147,0.520055,2.839391,1.341492,0.551504,2.890197,1.068311,0.581724,2.929176,0.834472,0.342245,3.078417,0.927099,0.264680,3.134607,0.535094,0.481589,3.389888,0.255506,0.463681,3.462667,0.084598,0.456477,2.967944,0.917823,0.384647,2.915328,0.524265,0.401029,2.959194,0.090636,0.277838,2.840644,0.017835,-0.647951,-1.058062,0.149966
0.387696,3.006344,0.924268,0.387640,2.997987,1.020061,0.379512,2.977948,1.122380,0.378857,2.965678,1.217103,0.378158,2.952347,1.311574,0.367417,2.922029,1.443903,0.348379,2.896594,1.538960,0.348809,2.956861,1.388673,0.240446,3.062568,1.384243,0.237988,3.142634,1.116321,0.215959,3.173496,0.880364,0.395413,2.913713,1.382571,0.509961,2.822542,1.343804,0.541042,2.871795,1.070295,0.570595,2.908111,0.835942,0.330024,3.060935,0.929625,0.241603,3.103434,0.538207,0.457438,3.360792,0.260002,0.435780,3.424539,0.086805,0.445367,2.951649,0.920155,0.382030,2.909140,0.523918,0.401063,2.958970,0.091066,0.277830,2.840596,0.018053,-0.630208,-1.038384,0.188546
0.376049,2.989756,0.926603,0.376215,2.981015,1.022359,0.368453,2.960763,1.124665,0.368107,2.948452,1.219384,0.367740,2.935185,1.313866,0.357510,2.905045,1.446275,0.338861,2.879708,1.541436,0.338632,2.939822,1.391111,0.230090,3.045349,1.386744,0.227498,3.124107,1.118437,0.206591,3.156562,0.882579,0.385318,2.896775,1.384920,0.499919,2.805594,1.346330,0.530119,2.853920,1.072555,0.558575,2.887644,0.837681,0.317758,3.043647,0.932248,0.218651,3.072991,0.542127,0.431247,3.329593,0.260537,0.405158,3.382420,0.084412,0.434340,2.935752,0.922198,0.379944,2.903845,0.523695,0.401171,2.958668,0.091510,0.277834,2.840533,0.018285,-0.658686,-1.010636,0.179696
0.364460,2.973496,0.928809,0.364851,2.964163,1.024510,0.357454,2.943595,1.126779,0.357405,2.931202,1.221488,0.357352,2.918010,1.315981,0.347604,2.888118,1.448482,0.329248,2.862883,1.543727,0.328463,2.922852,1.393386,0.219755,3.028216,1.389098,0.217293,3.105685,1.120415,0.196790,3.139480,0.884718,0.375230,2.879896,1.387137,0.489886,2.788632,1.348905,0.518971,2.836335,1.074901,0.545923,2.867382,0.839476,0.305497,3.026601,0.934855,0.196392,3.042807,0.546647,0.403289,3.296155,0.257703,0.371546,3.335867,0.078680,0.423428,2.920265,0.923999,0.378346,2.899467,0.523582,0.401302,2.958327,0.092030,0.277846,2.840461,0.018571,-0.711776,-0.977688,0.145942
0.352861,2.957336,0.930545,0.353530,2.947482,1.026193,0.346494,2.926617,1.128428,0.346710,2.914142,1.223126,0.346913,2.901004,1.317627,0.337544,2.871302,1.450199,0.319396,2.846133,1.545500,0.318182,2.905938,1.395173,0.209277,3.011104,1.390970,0.207004,3.087704,1.122035,0.186604,3.122302,0.886450,0.365057,2.863100,1.388890,0.479828,2.771818,1.351044,0.507827,2.818702,1.076788,0.532916,2.847020,0.840819,0.293222,3.009634,0.936983,0.175473,3.011767,0.551026,0.373750,3.259989,0.252217,0.335322,3.286154,0.072304,0.412508,2.904905,0.925338,0.376579,2.895331,0.523530,0.401332,2.957994,0.092627,0.277853,2.840386,0.018797,-0.754567,-0.952359,0.109269
0.341239,2.941258,0.931731,0.342281,2.931077,1.027342,0.335616,2.909996,1.129558,0.336061,2.897465,1.224248,0.336446,2.884356,1.318752,0.327319,2.854749,1.451363,0.309286,2.829596,1.546692,0.307795,2.889165,1.396417,0.198668,2.994103,1.392336,0.196553,3.070409,1.123314,0.175887,3.105127,0.887767,0.354818,2.846489,1.390126,0.469789,2.755295,1.352673,0.496768,2.801052,1.078125,0.519562,2.826656,0.841618,0.280926,2.992733,0.938507,0.156097,2.978955,0.555139,0.342469,3.220795,0.243855,0.296021,3.233517,0.065915,0.401566,2.889650,0.926183,0.374469,2.891328,0.523573,0.401226,2.957656,0.093326,0.277849,2.840306,0.018919,-0.774296,-0.940202,0.075881
0.329607,2.925281,0.932448,0.331075,2.914843,1.028025,0.324777,2.893565,1.130223,0.325420,2.880977,1.224904,0.325928,2.867875,1.319409,0.316941,2.838307,1.452038,0.298936,2.813133,1.547366,0.297297,2.872447,1.397171,0.187916,2.977122,1.393221,0.186018,3.053553,1.124234,0.164784,3.087857,0.888677,0.344492,2.829961,1.390898,0.459726,2.738922,1.353866,0.485712,2.783354,1.079003,0.505853,2.806191,0.841965,0.268617,2.975911,0.939551,0.138061,2.945286,0.559111,0.309607,3.178872,0.232841,0.254107,3.177721,0.058882,0.390615,2.874521,0.926568,0.372191,2.887567,0.523678,0.401019,2.957327,0.094104,0.277840,2.840222,0.018982,-0.783726,-0.935665,0.039573
0.317925,2.909233,0.932585,0.319802,2.898508,1.028123,0.313834,2.876995,1.130292,0.314631,2.864312,1.224959,0.315214,2.851176,1.319459,0.306295,2.821584,1.452087,0.288251,2.796342,1.547389,0.286549,2.855513,1.397273,0.176824,2.959825,1.393363,0.175259,3.036740,1.124516,0.153770,3.070243,0.888872,0.333934,2.813236,1.391026,0.449477,2.722441,1.354358,0.474644,2.765184,1.079155,0.492039,2.785025,0.841635,0.256296,2.959040,0.940022,0.121409,2.912396,0.562582,0.275838,3.134625,0.220556,0.211351,3.119330,0.052007,0.379577,2.859296,0.926369,0.369622,2.883698,0.523697,0.400688,2.957098,0.094895,0.277832,2.840152,0.019001,-0.786239,-0.934916,0.003715
0.306145,2.893077,0.932099,0.308417,2.881975,1.027585,0.302743,2.860163,1.129707,0.303658,2.847333,1.224353,0.304271,2.834125,1.318843,0.295358,2.804464,1.451456,0.277224,2.779114,1.546713,0.275515,2.838291,1.396644,0.165303,2.942082,1.392642,0.164205,3.019986,1.124083,0.143091,3.052158,0.888227,0.323109,2.796245,1.390439,0.439021,2.705812,1.354042,0.463629,2.746334,1.078459,0.478153,2.762858,0.840505,0.243926,2.942085,0.939913,0.106315,2.880677,0.565542,0.241125,3.088074,0.206762,0.167940,3.058047,0.045053,0.368393,2.843934,0.925505,0.366750,2.879688,0.523567,0.400247,2.957025,0.095638,0.277793,2.840113,0.018982,-0.779597,-0.936345,-0.031017
0.294317,2.876849,0.931035,0.296965,2.865341,1.026463,0.291547,2.843192,1.128526,0.292537,2.830177,1.223146,0.293133,2.816855,1.317620,0.284153,2.787063,1.450200,0.265863,2.761557,1.545386,0.264230,2.820852,1.395363,0.153442,2.924022,1.391177,0.152928,3.003274,1.123011,0.132501,3.033730,0.886867,0.312052,2.779057,1.389208,0.428380,2.689075,1.353025,0.452600,2.727011,1.077038,0.464162,2.739990,0.838698,0.231545,2.925082,0.939232,0.092604,2.849737,0.568001,0.205505,3.039199,0.191697,0.123687,2.994169,0.038258,0.357122,2.828475,0.924058,0.363587,2.875571,0.523352,0.399681,2.957053,0.096395,0.277755,2.840087,0.018918,-0.766038,-0.941562,-0.065299
0.282546,2.860487,0.929419,0.285471,2.848623,1.024796,0.280225,2.826128,1.126793,0.281226,2.812888,1.221382,0.281753,2.799384,1.315829,0.272644,2.769337,1.448342,0.254097,2.743599,1.543415,0.252668,2.803146,1.393493,0.141313,2.905695,1.389063,0.141506,2.986158,1.121254,0.121737,3.015099,0.884857,0.300714,2.761603,1.387373,0.417456,2.672092,1.351357,0.441344,2.707425,1.074991,0.450224,2.716708,0.836355,0.219273,2.908012,0.937911,0.079794,2.820039,0.569620,0.169761,2.988343,0.177451,0.079801,2.929144,0.033134,0.345857,2.812814,0.922147,0.360049,2.871101,0.523095,0.398926,2.957099,0.097280,0.277814,2.840036,0.018808,-0.755655,-0.951564,-0.097791
0.270930,2.843996,0.927178,0.273997,2.831856,1.022517,0.268815,2.809011,1.124439,0.269753,2.795494,1.218990,0.270152,2.781716,1.313398,0.260846,2.751245,1.445800,0.241906,2.725165,1.540700,0.240854,2.785146,1.390966,0.128972,2.887106,1.386223,0.130004,2.968534,1.118708,0.110769,2.996249,0.882118,0.289116,2.743853,1.384852,0.406257,2.654818,1.348948,0.429790,2.687601,1.072240,0.436378,2.692975,0.833416,0.207217,2.890903,0.935840,0.067805,2.791576,0.570376,0.133754,2.935503,0.164225,0.035931,2.863256,0.029773,0.334682,2.796936,0.919736,0.356120,2.866381,0.522810,0.397923,2.957231,0.098277,0.278035,2.839917,0.018648,-0.752890,-0.966265,-0.129056
0.259372,2.827370,0.924386,0.262482,2.815004,1.019694,0.257278,2.791802,1.121534,0.258090,2.777967,1.216040,0.258309,2.763847,1.310399,0.248744,2.732827,1.442655,0.229310,2.706330,1.537340,0.228763,2.766878,1.387850,0.116363,2.868250,1.382733,0.118357,2.950505,1.115476,0.099628,2.977196,0.878730,0.277239,2.725837,1.381728,0.394775,2.637299,1.345890,0.418008,2.667512,1.068865,0.422585,2.668829,0.829941,0.195271,2.873726,0.933130,0.056718,2.764355,0.570293,0.097624,2.880682,0.151818,-0.007571,2.796221,0.028084,0.323513,2.780855,0.916862,0.351814,2.861310,0.522483,0.396731,2.957382,0.099403,0.278354,2.839773,0.018441,-0.753301,-0.985750,-0.158531
0.247692,2.810529,0.921284,0.250765,2.797974,1.016568,0.245477,2.774423,1.118324,0.246117,2.760262,1.212782,0.246118,2.745778,1.307086,0.236251,2.714165,1.439180,0.216305,2.687246,1.533640,0.216293,2.748372,1.384419,0.103385,2.849159,1.378914,0.106456,2.931934,1.111828,0.088138,2.958132,0.874994,0.264977,2.707578,1.378291,0.382894,2.619529,1.342501,0.405992,2.647281,1.065205,0.408884,2.644670,0.826254,0.183233,2.856383,0.930043,0.046293,2.738857,0.569112,0.062573,2.824236,0.141721,-0.048442,2.728643,0.029311,0.312190,2.764514,0.913747,0.347091,2.855336,0.522123,0.395461,2.957264,0.100825,0.278679,2.839690,0.018188,-0.753656,-1.011277,-0.183180
0.235941,2.793587,0.917840,0.238887,2.780873,1.013107,0.233442,2.756971,1.114773,0.233856,2.742463,1.209179,0.233598,2.727575,1.303419,0.223381,2.695299,1.435324,0.202908,2.667952,1.529547,0.203451,2.729670,1.380640,0.090053,2.829887,1.374775,0.094350,2.912735,1.107728,0.076272,2.939124,0.870894,0.252337,2.689120,1.374504,0.370615,2.601557,1.338721,0.393740,2.626880,1.061196,0.395286,2.620513,0.822302,0.171151,2.838982,0.926540,0.036359,2.715533,0.566682,0.028483,2.764933,0.134264,-0.086519,2.659549,0.034096,0.300769,2.748029,0.910363,0.342103,2.848495,0.521723,0.394133,2.956960,0.102487,0.279014,2.839725,0.017855,-0.748932,-1.045019,-0.202328
0.224067,2.776430,0.914088,0.226808,2.763595,1.009345,0.221141,2.739350,1.110917,0.221284,2.724485,1.205269,0.220731,2.709172,1.299439,0.210120,2.676188,1.431137,0.189102,2.648408,1.525113,0.190231,2.710729,1.376546,0.076353,2.810381,1.370307,0.081988,2.892994,1.103212,0.064057,2.920105,0.866446,0.239313,2.670420,1.370406,0.357938,2.583334,1.334610,0.381253,2.606336,1.056902,0.381781,2.596343,0.818136,0.158978,2.821415,0.922660,0.027088,2.693932,0.563154,-0.004528,2.704005,0.129117,-0.121965,2.589911,0.041796,0.289194,2.731282,0.906737,0.336696,2.840753,0.521290,0.392728,2.956388,0.104444,0.279354,2.839821,0.017475,-0.744152,-1.084803,-0.216651
0.211733,2.758638,0.910365,0.214249,2.745723,1.005617,0.208345,2.721200,1.107110,0.208207,2.706043,1.201415,0.207352,2.690373,1.295526,0.196341,2.656788,1.427041,0.174829,2.628648,1.520799,0.176512,2.691455,1.372513,0.062140,2.790506,1.365804,0.069109,2.872832,1.098651,0.051396,2.901070,0.862005,0.225782,2.651372,1.366403,0.344740,2.564716,1.330672,0.368530,2.585848,1.052853,0.368370,2.572513,0.814243,0.146368,2.803251,0.918779,0.018757,2.673186,0.558731,-0.034895,2.645499,0.126790,-0.153006,2.523245,0.051734,0.277134,2.713863,0.903173,0.330371,2.831448,0.520843,0.391301,2.955013,0.107029,0.279593,2.839898,0.017147,-0.751158,-1.125369,-0.225139
0.198858,2.740196,0.906689,0.201126,2.727237,1.001941,0.194967,2.702492,1.103365,0.194537,2.687097,1.197631,0.193373,2.671133,1.291689,0.181956,2.637040,1.423040,0.160015,2.608626,1.516617,0.162218,2.671788,1.368550,0.047292,2.770153,1.361262,0.055660,2.852282,1.094090,0.038272,2.882070,0.857614,0.211669,2.631918,1.362500,0.330938,2.545621,1.326935,0.355511,2.565524,1.049086,0.355024,2.549074,0.810669,0.133230,2.784461,0.914909,0.011870,2.653779,0.552972,-0.063344,2.589205,0.129025,-0.178957,2.458379,0.065422,0.264518,2.695770,0.899692,0.323096,2.820669,0.520462,0.389967,2.952879,0.110245,0.279660,2.839920,0.016895,-0.779264,-1.163462,-0.228754
0.185522,2.721119,0.903043,0.187523,2.708158,0.998301,0.181092,2.683254,1.099668,0.180361,2.667686,1.193905,0.178883,2.651497,1.287920,0.167053,2.617003,1.419129,0.144735,2.588388,1.512554,0.147426,2.651787,1.364648,0.031930,2.749431,1.356684,0.041693,2.831312,1.089484,0.024703,2.863055,0.853229,0.197049,2.612116,1.358694,0.316615,2.526130,1.323370,0.342256,2.545257,1.045564,0.341774,2.525976,0.807368,0.119655,2.765075,0.911037,0.005922,2.635227,0.546317,-0.089149,2.535334,0.134079,-0.200503,2.396485,0.081346,0.251417,2.677004,0.896271,0.314903,2.808328,0.520068,0.388611,2.949941,0.114088,0.279625,2.839922,0.016694,-0.819156,-1.202336,-0.226534
0.171629,2.701034,0.899716,0.173418,2.688133,0.994986,0.166750,2.663214,1.096334,0.165749,2.647631,1.190566,0.163982,2.631406,1.284569,0.151766,2.596810,1.415715,0.129160,2.568097,1.509041,0.132252,2.631530,1.361163,0.016284,2.728541,1.352377,0.027096,2.809948,1.085071,0.010641,2.843856,0.849080,0.182033,2.592033,1.355381,0.301910,2.506341,1.320399,0.328949,2.524921,1.042693,0.328710,2.503410,0.804682,0.105576,2.744754,0.907504,-0.000325,2.615207,0.540299,-0.108563,2.488565,0.137229,-0.217926,2.344602,0.094287,0.237706,2.657158,0.893151,0.305382,2.793502,0.519441,0.386949,2.945527,0.118880,0.279587,2.839930,0.016568,-0.854734,-1.246496,-0.214587
0.157010,2.679894,0.896751,0.158693,2.667067,0.992035,0.151860,2.642264,1.093403,0.150653,2.626829,1.187658,0.148648,2.610777,1.281689,0.136103,2.576418,1.412870,0.113318,2.547712,1.506156,0.116693,2.610966,1.358157,0.000412,2.707514,1.348415,0.011755,2.788228,1.080916,-0.004037,2.824508,0.845237,0.166614,2.571610,1.352624,0.286803,2.486185,1.318056,0.315612,2.504403,1.040506,0.315819,2.481308,0.802632,0.090838,2.723461,0.904414,-0.006867,2.592705,0.535426,-0.118896,2.450795,0.137034,-0.231467,2.306675,0.103975,0.223203,2.636171,0.890312,0.294408,2.776521,0.518677,0.385254,2.940114,0.124814,0.279574,2.839956,0.016577,-0.882894,-1.302330,-0.189670
0.141834,2.657746,0.894105,0.143467,2.645055,0.989409,0.136503,2.620512,1.090833,0.135120,2.605384,1.185138,0.132902,2.589693,1.279227,0.120056,2.555870,1.410522,0.097181,2.527274,1.503820,0.100752,2.590147,1.355567,-0.015745,2.686319,1.344724,-0.004216,2.766114,1.076953,-0.019207,2.804976,0.841629,0.150800,2.550907,1.350361,0.271313,2.465731,1.316306,0.302223,2.483817,1.038971,0.303114,2.459739,0.801199,0.075597,2.701233,0.901662,-0.013709,2.568736,0.531190,-0.122838,2.420127,0.134935,-0.240885,2.278759,0.110679,0.208090,2.614104,0.887773,0.282106,2.757056,0.517681,0.383252,2.933225,0.131698,0.279558,2.839988,0.016661,-0.906740,-1.363449,-0.155026
0.126513,2.634366,0.891936,0.128066,2.622027,0.987285,0.120941,2.598002,1.088818,0.119360,2.583427,1.183202,0.116913,2.568350,1.277381,0.103740,2.535429,1.408866,0.080841,2.507073,1.502230,0.084556,2.569304,1.353568,-0.032145,2.665056,1.341376,-0.020580,2.743521,1.073220,-0.034552,2.784995,0.838278,0.134721,2.530161,1.348801,0.255640,2.445284,1.315464,0.288892,2.463378,1.038404,0.290724,2.439112,0.800666,0.060246,2.677842,0.899274,-0.022101,2.544020,0.527592,-0.124705,2.395555,0.130540,-0.245737,2.256061,0.109991,0.192796,2.590737,0.885826,0.268447,2.733200,0.515946,0.379835,2.922753,0.139281,0.279548,2.840013,0.016660,-0.919489,-1.415194,-0.116490
0.111118,2.609004,0.890199,0.112434,2.597404,0.985639,0.105060,2.574334,1.087367,0.103239,2.560724,1.181883,0.100552,2.546681,1.276206,0.087072,2.515260,1.408013,0.064253,2.487349,1.501528,0.068019,2.548525,1.352202,-0.048840,2.643844,1.338299,-0.037425,2.720377,1.069585,-0.050137,2.764519,0.835063,0.118286,2.509452,1.348034,0.239696,2.424889,1.315698,0.275730,2.443033,1.039000,0.278714,2.419508,0.801193,0.044839,2.652536,0.897038,-0.032379,2.518158,0.524411,-0.124628,2.377914,0.122288,-0.243403,2.237425,0.097327,0.177408,2.565326,0.884593,0.253051,2.703966,0.513130,0.374528,2.907957,0.147459,0.279739,2.840000,0.015340,-0.917401,-1.457584,-0.074913
0.095578,2.582411,0.888939,0.096629,2.571765,0.984495,0.088974,2.549909,1.086470,0.086891,2.537509,1.181147,0.083946,2.524754,1.275646,0.070134,2.495199,1.407852,0.047462,2.467862,1.501572,0.051227,2.527723,1.351427,-0.065776,2.622565,1.335566,-0.054664,2.696754,1.066180,-0.065898,2.743592,0.832105,0.101588,2.488701,1.347969,0.223568,2.404501,1.316838,0.262626,2.422835,1.040563,0.267018,2.400845,0.802620,0.029323,2.626067,0.895165,-0.044208,2.491549,0.521868,-0.122477,2.366369,0.111739,-0.236505,2.224008,0.077269,0.161839,2.538614,0.883952,0.236297,2.670340,0.509575,0.367806,2.889578,0.156336,0.279937,2.839980,0.013935,-0.904217,-1.490600,-0.029443
0.080090,2.556601,0.888451,0.081146,2.546782,0.984100,0.073290,2.525974,1.086287,0.070939,2.514616,1.181096,0.067646,2.502968,1.275735,0.053290,2.475014,1.408241,0.030692,2.448190,1.502130,0.034568,2.506864,1.351285,-0.082756,2.600960,1.333471,-0.071790,2.672784,1.063435,-0.081322,2.722079,0.829785,0.085031,2.467913,1.348541,0.207722,2.384290,1.318693,0.249371,2.403167,1.042822,0.255569,2.383290,0.804750,0.013936,2.600458,0.894316,-0.057841,2.466112,0.520636,-0.122166,2.357403,0.103186,-0.232459,2.214481,0.059159,0.146252,2.512612,0.883829,0.219289,2.633381,0.505807,0.359986,2.867738,0.165977,0.279575,2.840038,0.015986,-0.884378,-1.499531,0.016629
0.064619,2.532337,0.888830,0.066165,2.523044,0.984524,0.058238,2.502955,1.086852,0.055595,2.492318,1.181740,0.051775,2.481455,1.276453,0.036458,2.454648,1.409088,0.013803,2.428235,1.503079,0.017998,2.485945,1.351754,-0.099994,2.578756,1.331878,-0.088717,2.648364,1.061272,-0.096052,2.699963,0.828053,0.068563,2.447082,1.349743,0.192215,2.364406,1.321319,0.235854,2.384257,1.045818,0.244545,2.367019,0.807636,-0.001303,2.576516,0.894819,-0.074782,2.442117,0.521475,-0.126191,2.350255,0.098454,-0.235172,2.209488,0.045684,0.130559,2.488032,0.884080,0.202789,2.592192,0.501392,0.351461,2.841970,0.176555,0.278998,2.843029,0.023877,-0.854870,-1.470115,0.062847
0.049200,2.508857,0.889981,0.051506,2.499961,0.985696,0.043588,2.480427,1.088131,0.040647,2.470343,1.183068,0.036210,2.460084,1.277819,0.019721,2.434158,1.410485,-0.003066,2.408094,1.504542,0.001561,2.464969,1.352856,-0.117274,2.556225,1.330922,-0.105532,2.623597,1.059769,-0.110446,2.677260,0.826958,0.052236,2.426214,1.351583,0.176990,2.344700,1.324660,0.222186,2.365878,1.049509,0.233769,2.351856,0.811224,-0.016413,2.553434,0.896346,-0.093526,2.419292,0.523624,-0.132056,2.345686,0.095718,-0.240739,2.208384,0.034157,0.114849,2.464161,0.884850,0.186036,2.547668,0.496763,0.341839,2.812740,0.187897,0.277861,2.846099,0.035224,-0.818708,-1.416614,0.109668
0.034143,2.485897,0.891914,0.037128,2.477438,0.987652,0.029251,2.458366,1.090175,0.026078,2.448700,1.185148,0.021133,2.438856,1.279920,0.003684,2.413477,1.412573,-0.019272,2.387639,1.506651,-0.014219,2.443915,1.354702,-0.133755,2.533930,1.331315,-0.121994,2.598929,1.059588,-0.125071,2.653888,0.827030,0.036610,2.405338,1.354008,0.162337,2.324892,1.328352,0.208486,2.347727,1.053496,0.222640,2.337442,0.815156,-0.031214,2.530812,0.898574,-0.109817,2.398748,0.525470,-0.136196,2.342467,0.093789,-0.244865,2.207914,0.025845,0.099547,2.440873,0.886486,0.167854,2.503552,0.493746,0.330255,2.781568,0.199548,0.274561,2.840767,0.046424,-0.789383,-1.367096,0.155181
0.019363,2.463376,0.894800,0.022916,2.455549,0.990571,0.015149,2.436883,1.093178,0.011867,2.427485,1.188176,0.006605,2.417795,1.282948,-0.011443,2.392466,1.415535,-0.034632,2.366663,1.509565,-0.029131,2.422707,1.357467,-0.149032,2.512129,1.333573,-0.138056,2.574310,1.061168,-0.140042,2.629777,0.828686,0.021906,2.384389,1.357099,0.148293,2.304665,1.332355,0.194513,2.329741,1.057714,0.210688,2.323992,0.819381,-0.045826,2.508529,0.901570,-0.121974,2.380717,0.526461,-0.136761,2.340574,0.092459,-0.245615,2.207190,0.022163,0.084605,2.418124,0.889266,0.147271,2.460980,0.493000,0.316122,2.748861,0.212066,0.270401,2.822087,0.047514,-0.775223,-1.333262,0.201164
0.004945,2.441374,0.898469,0.008985,2.434219,0.994272,0.001361,2.415866,1.096946,-0.001966,2.406603,1.191955,-0.007435,2.396877,1.286711,-0.025869,2.371265,1.419188,-0.049329,2.345374,1.513127,-0.043387,2.401420,1.360975,-0.163509,2.490564,1.337178,-0.153765,2.549790,1.064069,-0.155244,2.604998,0.831509,0.007903,2.363432,1.360776,0.134822,2.284337,1.336709,0.180508,2.311984,1.062227,0.198384,2.311290,0.823950,-0.060130,2.486706,0.905266,-0.131679,2.364966,0.527150,-0.135600,2.340031,0.091937,-0.244925,2.207099,0.021698,0.070071,2.395956,0.892914,0.125259,2.418816,0.493866,0.300027,2.714211,0.224894,0.261801,2.798510,0.063765,-0.767900,-1.303411,0.245838
-0.008557,2.419878,0.902422,-0.004364,2.413126,0.998250,-0.011970,2.394957,1.100958,-0.015374,2.385780,1.195971,-0.020989,2.376038,1.290716,-0.039611,2.350224,1.423126,-0.063267,2.324266,1.516997,-0.057101,2.380259,1.364810,-0.177552,2.469017,1.341290,-0.169022,2.525969,1.067639,-0.170907,2.579675,0.834773,-0.005510,2.342680,1.364747,0.122102,2.264578,1.341180,0.167319,2.294347,1.066830,0.186536,2.298332,0.828655,-0.073583,2.465300,0.909138,-0.139718,2.351904,0.527581,-0.134698,2.339677,0.091661,-0.244305,2.207051,0.021471,0.056517,2.374375,0.896953,0.103556,2.377386,0.496186,0.282874,2.677910,0.235903,0.250082,2.765876,0.075540,-0.755923,-1.270509,0.281956
-0.020771,2.398844,0.906645,-0.016964,2.392046,1.002484,-0.024771,2.373894,1.105180,-0.028334,2.364795,1.200195,-0.034037,2.355160,1.294946,-0.052587,2.329437,1.427383,-0.076341,2.303513,1.521240,-0.070274,2.359242,1.368997,-0.191294,2.447300,1.345792,-0.183817,2.503069,1.071858,-0.187301,2.553755,0.838346,-0.018305,2.322199,1.369085,0.110361,2.245796,1.345799,0.155500,2.276653,1.071546,0.175584,2.284672,0.833532,-0.085842,2.444229,0.913116,-0.145942,2.342433,0.527534,-0.134702,2.339181,0.091349,-0.244270,2.206878,0.020480,0.044342,2.353371,0.901420,0.082804,2.336585,0.500136,0.265050,2.640195,0.245049,0.235857,2.721673,0.079593,-0.732165,-1.225269,0.311081
-0.032069,2.378314,0.911153,-0.028981,2.371204,1.006995,-0.037115,2.352938,1.109645,-0.040869,2.343870,1.204656,-0.046599,2.334360,1.299417,-0.064879,2.308811,1.431926,-0.088657,2.282941,1.525791,-0.082905,2.338352,1.373510,-0.204602,2.425601,1.350801,-0.198158,2.480867,1.076745,-0.204157,2.527293,0.842359,-0.030511,2.301924,1.373717,0.099372,2.227583,1.350535,0.144496,2.259079,1.076350,0.165089,2.270756,0.838546,-0.097249,2.423575,0.917269,-0.150501,2.335652,0.527230,-0.134966,2.338873,0.091283,-0.244305,2.206749,0.019728,0.033146,2.332954,0.906279,0.062361,2.296519,0.505540,0.246167,2.600829,0.252377,0.218554,2.668697,0.080896,-0.703753,-1.176979,0.331650
-0.043004,2.358402,0.915494,-0.040620,2.350952,1.011332,-0.049068,2.332511,1.113925,-0.052998,2.323398,1.208924,-0.058743,2.313925,1.303689,-0.076746,2.288424,1.436244,-0.100435,2.262521,1.530123,-0.095105,2.317739,1.377859,-0.217443,2.404262,1.355828,-0.211974,2.459301,1.081710,-0.220897,2.500571,0.846485,-0.042328,2.281873,1.378131,0.088632,2.209389,1.355049,0.133484,2.242051,1.080969,0.154539,2.256922,0.843381,-0.108288,2.403548,0.921278,-0.154625,2.329257,0.527370,-0.135534,2.338582,0.091754,-0.244384,2.206580,0.019249,0.022308,2.313149,0.910947,0.042037,2.257825,0.511718,0.225966,2.559390,0.255897,0.197896,2.612028,0.079911,-0.680574,-1.146471,0.331721
-0.053663,2.339419,0.919680,-0.051856,2.331625,1.015502,-0.060565,2.312920,1.118026,-0.064645,2.303640,1.213002,-0.070409,2.294050,1.307753,-0.088199,2.268361,1.440301,-0.111640,2.242280,1.534192,-0.106836,2.297522,1.382035,-0.229746,2.383461,1.360951,-0.225078,2.438450,1.086807,-0.237261,2.473644,0.850788,-0.053747,2.262117,1.382304,0.078048,2.191099,1.359396,0.122108,2.225977,1.085475,0.143799,2.243354,0.848098,-0.119031,2.384473,0.925219,-0.158644,2.322709,0.528397,-0.136657,2.338333,0.093058,-0.244522,2.206315,0.019150,0.011726,2.294254,0.915373,0.021677,2.220703,0.518787,0.204374,2.515814,0.254600,0.173388,2.552779,0.076264,-0.669746,-1.146433,0.301679
-0.063960,2.321054,0.923699,-0.062713,2.312889,1.019500,-0.071671,2.293858,1.121941,-0.075886,2.284336,1.216888,-0.081656,2.274539,1.311618,-0.099227,2.248538,1.444134,-0.122305,2.222191,1.538040,-0.118136,2.277583,1.386047,-0.241583,2.363021,1.366092,-0.237657,2.418234,1.091982,-0.253511,2.446458,0.855205,-0.064778,2.242586,1.386259,0.067713,2.172828,1.363521,0.110725,2.210449,1.089795,0.133005,2.229867,0.852636,-0.129405,2.366024,0.929016,-0.162227,2.316547,0.529869,-0.138085,2.338101,0.094899,-0.244704,2.206011,0.019324,0.001501,2.275971,0.919608,0.001435,2.184954,0.526629,0.181464,2.470166,0.249496,0.145525,2.489837,0.070328,-0.664151,-1.164177,0.251139
-0.074186,2.302485,0.927064,-0.073464,2.294092,1.022851,-0.082648,2.274818,1.125228,-0.086974,2.265094,1.220150,-0.092728,2.255099,1.314860,-0.110062,2.228773,1.447343,-0.132757,2.202148,1.541265,-0.129235,2.257725,1.389426,-0.253137,2.342749,1.370522,-0.250201,2.398345,1.096482,-0.269847,2.419135,0.859218,-0.075643,2.223086,1.389556,0.057409,2.154368,1.366924,0.099570,2.194666,1.093437,0.122049,2.216239,0.856495,-0.139673,2.347426,0.932121,-0.165622,2.310094,0.531150,-0.139117,2.337641,0.096675,-0.244843,2.205755,0.019488,-0.008689,2.257433,0.923228,-0.018412,2.150623,0.534218,0.157192,2.422222,0.241622,0.115518,2.424947,0.063683,-0.652328,-1.182465,0.197007
-0.084465,2.283391,0.929644,-0.084203,2.275044,1.025438,-0.093568,2.255700,1.127786,-0.097961,2.245881,1.222695,-0.103659,2.235746,1.317394,-0.120718,2.209129,1.449855,-0.143015,2.182228,1.543792,-0.140166,2.237984,1.392074,-0.264422,2.322688,1.374078,-0.262838,2.378871,1.100150,-0.286323,2.391717,0.862719,-0.086371,2.203662,1.392106,0.047107,2.135748,1.369529,0.088847,2.178460,1.096343,0.110891,2.202538,0.859606,-0.149947,2.328373,0.934363,-0.168943,2.303012,0.532048,-0.139494,2.336826,0.098211,-0.244905,2.205564,0.019539,-0.018975,2.238302,0.926143,-0.037881,2.117638,0.541476,0.131583,2.371954,0.230646,0.083546,2.358823,0.056378,-0.627479,-1.196939,0.142048
-0.094673,2.264093,0.931569,-0.094835,2.255935,1.027379,-0.104359,2.236605,1.129715,-0.108793,2.226730,1.224616,-0.114415,2.216464,1.319306,-0.131180,2.189544,1.451743,-0.153059,2.162353,1.545696,-0.150897,2.218324,1.394090,-0.275425,2.302796,1.376923,-0.275440,2.359723,1.103142,-0.302885,2.364163,0.865816,-0.096933,2.184268,1.393999,0.036836,2.116938,1.371411,0.078354,2.162000,1.098571,0.099572,2.188695,0.862038,-0.160116,2.309170,0.935912,-0.172075,2.295638,0.532755,-0.139475,2.335783,0.099682,-0.244925,2.205421,0.019580,-0.029226,2.218914,0.928442,-0.056955,2.086071,0.548480,0.104613,2.319390,0.216900,0.049430,2.290751,0.048365,-0.596401,-1.211957,0.083497
-0.104738,2.244739,0.932745,-0.105354,2.236691,1.028563,-0.115071,2.217317,1.130872,-0.119567,2.207340,1.225759,-0.125128,2.196904,1.320433,-0.141636,2.169651,1.452835,-0.163146,2.142182,1.546792,-0.161560,2.198440,1.395296,-0.286291,2.282750,1.378819,-0.288114,2.340338,1.105184,-0.319581,2.336475,0.868316,-0.107474,2.164581,1.395069,0.026459,2.097644,1.372296,0.067723,2.144987,1.099804,0.088111,2.174286,0.863504,-0.170105,2.289959,0.936738,-0.174916,2.288313,0.533224,-0.139138,2.334644,0.101011,-0.244924,2.205356,0.019624,-0.039372,2.199419,0.929970,-0.075311,2.056187,0.554437,0.076163,2.264394,0.202414,0.013839,2.220326,0.041076,-0.568021,-1.223358,0.029971
-0.114545,2.225330,0.933108,-0.115713,2.217219,1.028913,-0.125699,2.197704,1.131169,-0.130302,2.187557,1.226034,-0.135832,2.176920,1.320687,-0.152129,2.149335,1.453048,-0.173340,2.121628,1.547004,-0.172175,2.178241,1.395597,-0.297038,2.262452,1.379597,-0.300995,2.320579,1.106106,-0.336555,2.308536,0.870120,-0.118021,2.144491,1.395229,0.015916,2.077707,1.372037,0.056889,2.127311,1.099904,0.076451,2.159293,0.863889,-0.179797,2.270745,0.936772,-0.177270,2.281331,0.533414,-0.138459,2.333489,0.102110,-0.244866,2.205355,0.019662,-0.049302,2.179813,0.930660,-0.093093,2.028083,0.559250,0.046154,2.206524,0.186974,-0.023230,2.146798,0.034141,-0.540648,-1.226621,-0.013888
-0.124210,2.205864,0.932722,-0.125958,2.197611,1.028506,-0.136248,2.177898,1.130694,-0.140977,2.167535,1.225529,-0.146494,2.156660,1.320157,-0.162616,2.128713,1.452464,-0.183577,2.100778,1.546408,-0.182724,2.157818,1.395088,-0.307648,2.241999,1.379427,-0.313948,2.300581,1.106078,-0.353663,2.280464,0.871326,-0.128547,2.124107,1.394566,0.005269,2.057285,1.370781,0.045917,2.109082,1.099009,0.064649,2.143734,0.863307,-0.189309,2.251523,0.936082,-0.179333,2.274397,0.533364,-0.137462,2.332238,0.103068,-0.244787,2.205433,0.019704,-0.059128,2.160099,0.930579,-0.110156,2.001662,0.563017,0.014665,2.146223,0.170794,-0.061775,2.070918,0.027930,-0.515974,-1.226266,-0.052723
-0.134003,2.186483,0.931691,-0.136224,2.178067,1.027453,-0.146779,2.158095,1.129564,-0.151622,2.147434,1.224360,-0.157142,2.136222,1.318947,-0.173149,2.107762,1.451156,-0.193923,2.079551,1.545060,-0.193279,2.137138,1.393873,-0.318218,2.221361,1.378574,-0.326669,2.280193,1.105331,-0.370514,2.252608,0.872032,-0.139103,2.103429,1.393172,-0.005441,2.036554,1.368694,0.034636,2.090341,1.097221,0.052889,2.127241,0.861812,-0.198917,2.232422,0.934838,-0.181595,2.266962,0.533148,-0.136303,2.330785,0.104071,-0.244815,2.205668,0.019804,-0.069113,2.140434,0.929763,-0.125739,1.976893,0.565235,-0.018193,2.084684,0.156540,-0.101115,1.994530,0.024988,-0.507995,-1.231699,-0.091839
-0.144012,2.167408,0.930003,-0.146568,2.158819,1.025742,-0.157349,2.138491,1.127758,-0.162305,2.127402,1.222498,-0.167866,2.115684,1.317020,-0.183862,2.086440,1.449056,-0.204531,2.057852,1.542868,-0.203949,2.116193,1.391899,-0.328840,2.200561,1.377031,-0.339120,2.259365,1.103842,-0.387111,2.224964,0.872270,-0.149796,2.082453,1.390981,-0.016287,2.015568,1.365712,0.022860,2.071114,1.094456,0.041201,2.109649,0.859308,-0.208693,2.213683,0.933045,-0.184044,2.258874,0.532770,-0.134802,2.329037,0.105122,-0.245064,2.206188,0.020063,-0.079363,2.121020,0.928181,-0.139277,1.953953,0.565683,-0.052910,2.021298,0.144449,-0.141265,1.916427,0.025493,-0.526998,-1.246123,-0.134223
-0.154150,2.148418,0.927670,-0.156933,2.139634,1.023385,-0.167902,2.118888,1.125296,-0.172959,2.107292,1.219970,-0.178576,2.094969,1.314412,-0.194621,2.064789,1.446232,-0.215247,2.035777,1.539923,-0.214625,2.094989,1.389220,-0.339422,2.179576,1.374805,-0.351338,2.238145,1.101634,-0.403452,2.197536,0.872008,-0.160520,2.061183,1.388060,-0.027194,1.994273,1.361898,0.010776,2.051375,1.090799,0.029555,2.091122,0.855891,-0.218565,2.195065,0.930698,-0.186692,2.250286,0.532225,-0.133139,2.327087,0.106219,-0.245421,2.206865,0.020381,-0.089773,2.101656,0.925864,-0.151336,1.932665,0.564583,-0.088996,1.956673,0.134286,-0.182211,1.837817,0.029266,-0.562696,-1.266336,-0.176888
-0.164422,2.128986,0.924835,-0.167279,2.120015,1.020530,-0.178328,2.098884,1.122355,-0.183411,2.086822,1.216970,-0.189036,2.073948,1.311339,-0.205089,2.042918,1.442964,-0.225671,2.013530,1.536547,-0.225058,2.073519,1.386106,-0.349777,2.158304,1.372188,-0.363139,2.216525,1.099009,-0.419137,2.170686,0.871249,-0.171009,2.039633,1.384705,-0.037894,1.972677,1.357609,-0.001235,2.031079,1.086606,0.018047,2.071787,0.851906,-0.228592,2.175966,0.927946,-0.190060,2.241106,0.531569,-0.132014,2.325097,0.107537,-0.245665,2.207403,0.020502,-0.100292,2.081890,0.922949,-0.162845,1.912475,0.562088,-0.124869,1.893830,0.128006,-0.223233,1.764172,0.038321,-0.598228,-1.292133,-0.216187
-0.174792,2.109086,0.921376,-0.177507,2.099952,1.017059,-0.188499,2.078483,1.118820,-0.193525,2.066011,1.213385,-0.199116,2.052649,1.307689,-0.215165,2.020873,1.439137,-0.235718,1.991161,1.532625,-0.235166,2.051814,1.382455,-0.359866,2.136721,1.369130,-0.374404,2.194462,1.095908,-0.434052,2.144424,0.869933,-0.181179,2.017840,1.380828,-0.048301,1.950808,1.352781,-0.013119,2.010252,1.081808,0.006747,2.051628,0.847272,-0.238745,2.156341,0.924699,-0.194196,2.231723,0.530804,-0.131561,2.323230,0.108953,-0.245690,2.207673,0.020300,-0.110874,2.061715,0.919278,-0.173489,1.893458,0.557863,-0.160887,1.832008,0.127349,-0.265654,1.696304,0.055475,-0.632392,-1.326806,-0.257026
-0.185297,2.088745,0.917415,-0.187715,2.079454,1.013091,-0.198542,2.057680,1.114804,-0.203438,2.044840,1.209328,-0.208944,2.031045,1.303574,-0.224948,1.998608,1.434866,-0.245474,1.968622,1.528273,-0.245030,2.029842,1.378370,-0.369727,2.114852,1.365681,-0.385252,2.171998,1.092388,-0.448311,2.118741,0.868121,-0.191115,1.995768,1.376518,-0.058500,1.928638,1.347477,-0.024928,1.988869,1.076476,-0.004413,2.030661,0.842070,-0.249054,2.136236,0.921047,-0.199052,2.221749,0.529929,-0.131647,2.321325,0.110589,-0.245602,2.207803,0.019902,-0.121565,2.041138,0.915007,-0.183582,1.875539,0.552244,-0.196692,1.771967,0.130576,-0.308151,1.633401,0.077910,-0.666389,-1.367064,-0.294499
-0.196053,2.067512,0.913464,-0.198161,2.058056,1.009131,-0.208729,2.036063,1.110824,-0.213384,2.022979,1.205326,-0.218667,2.008914,1.299545,-0.234401,1.976088,1.430771,-0.254800,1.945967,1.524162,-0.254646,2.007497,1.374425,-0.379284,2.092673,1.362273,-0.395852,2.149254,1.088925,-0.461862,2.093970,0.865995,-0.200799,1.973330,1.372330,-0.068475,1.906087,1.342254,-0.036441,1.966801,1.071172,-0.015552,2.009052,0.836883,-0.259659,2.115179,0.917410,-0.205006,2.209934,0.528994,-0.132564,2.319064,0.112989,-0.245502,2.207884,0.019438,-0.132464,2.019730,0.910742,-0.195004,1.857933,0.546397,-0.229629,1.719008,0.134426,-0.346027,1.578509,0.099193,-0.686968,-1.402836,-0.310244
-0.206941,2.045380,0.909477,-0.208805,2.035690,1.005127,-0.219034,2.013553,1.106824,-0.223321,2.000366,1.201330,-0.228201,1.986238,1.295562,-0.243356,1.953382,1.426850,-0.263498,1.923300,1.520311,-0.263872,1.984807,1.370605,-0.388316,2.070320,1.358839,-0.406243,2.126315,1.085460,-0.474797,2.070218,0.863458,-0.210100,1.950542,1.368235,-0.078153,1.883083,1.337021,-0.047469,1.944000,1.065826,-0.026697,1.986952,0.831655,-0.270469,2.093130,0.913714,-0.211641,2.196304,0.528046,-0.134177,2.316773,0.116063,-0.245412,2.207928,0.018905,-0.143425,1.997512,0.906466,-0.208723,1.841568,0.540165,-0.259303,1.674346,0.139492,-0.377789,1.532380,0.119958,-0.681266,-1.423229,-0.289469
-0.218081,2.022357,0.905501,-0.219686,2.012425,1.001131,-0.229482,1.990229,1.102859,-0.233291,1.977062,1.197389,-0.237628,1.963037,1.291665,-0.251980,1.930421,1.423106,-0.271768,1.900518,1.516701,-0.272850,1.961743,1.366926,-0.397043,2.047657,1.355446,-0.416388,2.103096,1.082051,-0.487023,2.047379,0.860608,-0.219149,1.927388,1.364262,-0.087607,1.859697,1.331869,-0.058201,1.920516,1.060509,-0.037819,1.964211,0.826442,-0.281576,2.070130,0.910033,-0.219375,2.180833,0.527039,-0.136623,2.314127,0.119900,-0.245309,2.207923,0.018306,-0.154592,1.974464,0.902194,-0.223771,1.825516,0.533704,-0.286109,1.636765,0.145180,-0.404931,1.494262,0.139571,-0.662145,-1.439137,-0.246966
-0.229944,1.998023,0.902183,-0.231180,1.988006,0.997809,-0.240425,1.965912,1.099609,-0.243652,1.952918,1.194182,-0.247346,1.939147,1.288521,-0.260738,1.906973,1.420168,-0.280066,1.877372,1.513952,-0.282004,1.938109,1.364011,-0.406057,2.024252,1.352730,-0.426334,2.079460,1.079352,-0.498212,2.025466,0.857926,-0.228335,1.903728,1.361063,-0.097036,1.836069,1.327618,-0.068974,1.896364,1.056003,-0.048947,1.940552,0.821997,-0.293397,2.045830,0.907006,-0.229836,2.162193,0.525885,-0.140600,2.309827,0.125308,-0.245218,2.207927,0.017773,-0.166493,1.950097,0.898588,-0.239118,1.806204,0.528651,-0.308573,1.607915,0.146452,-0.427228,1.464946,0.149695,-0.654943,-1.473163,-0.208751
-0.242882,1.972120,0.899750,-0.243635,1.962216,0.995395,-0.252201,1.940402,1.097316,-0.254741,1.927744,1.191955,-0.257686,1.914377,1.286377,-0.269941,1.882828,1.418283,-0.288661,1.853650,1.512320,-0.291637,1.913700,1.362097,-0.415785,1.999716,1.350901,-0.436113,2.055267,1.077596,-0.508319,2.004495,0.855502,-0.237920,1.879418,1.358878,-0.106562,1.812308,1.324573,-0.079967,1.871462,1.052564,-0.060082,1.915741,0.818561,-0.306301,2.019946,0.904842,-0.243070,2.139856,0.524577,-0.145638,2.304466,0.133020,-0.245135,2.207954,0.017388,-0.179462,1.924174,0.895888,-0.254557,1.781336,0.525985,-0.325356,1.591580,0.139846,-0.443025,1.447175,0.145326,-0.676471,-1.548701,-0.193956
-0.256542,1.944907,0.897976,-0.256703,1.935271,0.993655,-0.264471,1.913901,1.095737,-0.266221,1.901730,1.190462,-0.268316,1.888920,1.284986,-0.279277,1.858195,1.417203,-0.297285,1.829564,1.511550,-0.301445,1.888720,1.360947,-0.425798,1.974438,1.349747,-0.445694,2.030658,1.076549,-0.517388,1.984449,0.853245,-0.247642,1.854601,1.357467,-0.116065,1.788304,1.322429,-0.091001,1.845892,1.049936,-0.071224,1.890011,0.815893,-0.319919,1.992761,0.903333,-0.259032,2.114350,0.523122,-0.152208,2.297450,0.142303,-0.245064,2.207989,0.017069,-0.193164,1.896931,0.893852,-0.270295,1.753208,0.524726,-0.337798,1.583976,0.128824,-0.453978,1.438205,0.131468,-0.709918,-1.642358,-0.183449
-0.270345,1.916741,0.896838,-0.269712,1.907569,0.992554,-0.276567,1.886831,1.094828,-0.277441,1.875301,1.189641,-0.278634,1.863184,1.284271,-0.288278,1.833471,1.416821,-0.305593,1.805500,1.511495,-0.310942,1.863590,1.360475,-0.435401,1.949152,1.349269,-0.455034,2.005923,1.076164,-0.525223,1.965295,0.851368,-0.257093,1.829567,1.356757,-0.125380,1.763870,1.321092,-0.101873,1.819921,1.048135,-0.082399,1.863792,0.814021,-0.333554,1.964776,0.902499,-0.279215,2.085934,0.521451,-0.162425,2.285704,0.151768,-0.245042,2.208050,0.016706,-0.207130,1.868587,0.892413,-0.285925,1.725138,0.523561,-0.348450,1.575399,0.118727,-0.464838,1.430596,0.114800,-0.730183,-1.706555,-0.145841
-0.284612,1.887052,0.896334,-0.282689,1.878587,0.992083,-0.288345,1.858772,1.094599,-0.288137,1.848129,1.189508,-0.288309,1.836951,1.284251,-0.296577,1.808605,1.417180,-0.313222,1.781491,1.512216,-0.319799,1.838200,1.360703,-0.444214,1.923825,1.349469,-0.464128,1.981145,1.076495,-0.531640,1.947225,0.849844,-0.265975,1.804159,1.356785,-0.134230,1.738770,1.320649,-0.112471,1.793611,1.047301,-0.093627,1.837234,0.813089,-0.347384,1.935579,0.902513,-0.305867,2.054014,0.519302,-0.178568,2.266815,0.160299,-0.244829,2.208798,0.014546,-0.221819,1.838412,0.891393,-0.301610,1.697881,0.521648,-0.358159,1.561093,0.111138,-0.478466,1.421708,0.095396,-0.725343,-1.722978,-0.047130
-0.299020,1.856410,0.896465,-0.295608,1.848847,0.992250,-0.299949,1.830146,1.095039,-0.298572,1.820542,1.190049,-0.297672,1.810440,1.284907,-0.304541,1.783649,1.418235,-0.320535,1.757504,1.513653,-0.328344,1.812661,1.361610,-0.452616,1.898490,1.350343,-0.472981,1.956242,1.077488,-0.536823,1.930046,0.848699,-0.274588,1.778534,1.357514,-0.142893,1.713240,1.321013,-0.122905,1.766898,1.047293,-0.104888,1.810186,0.812953,-0.361231,1.905582,0.903202,-0.336740,2.019183,0.516937,-0.198359,2.243195,0.169012,-0.244666,2.209571,0.012341,-0.236771,1.807135,0.890970,-0.317187,1.670680,0.519829,-0.366079,1.545815,0.104475,-0.492002,1.414181,0.073181,-0.707321,-1.709941,0.078682
-0.312026,1.826887,0.897215,-0.307711,1.820306,0.993049,-0.311140,1.802638,1.096068,-0.308889,1.793940,1.191161,-0.307119,1.784720,1.286108,-0.312792,1.759158,1.419749,-0.328271,1.733824,1.515476,-0.337070,1.787723,1.363045,-0.461050,1.873982,1.351882,-0.481561,1.931250,1.078943,-0.541132,1.913142,0.848217,-0.283419,1.753454,1.358760,-0.152035,1.687796,1.321823,-0.133306,1.739855,1.047709,-0.116155,1.782625,0.813209,-0.373862,1.876516,0.904066,-0.366592,1.983485,0.515071,-0.217076,2.219007,0.179866,-0.245313,2.208397,0.015236,-0.250139,1.777164,0.891608,-0.331752,1.644583,0.519315,-0.372220,1.534134,0.099326,-0.501612,1.408485,0.054610,-0.686785,-1.674813,0.160979
-0.322490,1.799232,0.898570,-0.318431,1.793739,0.994481,-0.321699,1.776934,1.097655,-0.319096,1.768901,1.192803,-0.316784,1.760225,1.287796,-0.321532,1.735332,1.421606,-0.336704,1.710560,1.517534,-0.346134,1.763666,1.364972,-0.469591,1.850718,1.354195,-0.489711,1.905799,1.080798,-0.544372,1.896313,0.848451,-0.292627,1.729196,1.360453,-0.162008,1.662434,1.322840,-0.143582,1.712264,1.048292,-0.127503,1.754629,0.813629,-0.384338,1.848934,0.904691,-0.393530,1.947479,0.513612,-0.232262,2.196550,0.194697,-0.245472,2.206296,0.027224,-0.260594,1.749452,0.893692,-0.345399,1.619190,0.521235,-0.376125,1.528435,0.096298,-0.504714,1.405166,0.042341,-0.665743,-1.606852,0.151552
-0.331551,1.772695,0.900544,-0.328336,1.768371,0.996544,-0.331846,1.752349,1.099831,-0.329184,1.744847,1.195018,-0.326533,1.736521,1.290029,-0.330559,1.711971,1.423922,-0.345560,1.687603,1.519978,-0.355380,1.740211,1.367427,-0.478163,1.828280,1.357172,-0.497588,1.880260,1.083115,-0.546738,1.879758,0.849347,-0.302054,1.705481,1.362662,-0.172460,1.637157,1.324304,-0.153823,1.684343,1.049300,-0.138857,1.726119,0.814442,-0.393598,1.822283,0.905491,-0.419446,1.910605,0.512654,-0.246375,2.173525,0.211670,-0.246440,2.202249,0.044312,-0.269465,1.723047,0.896837,-0.358035,1.594900,0.524460,-0.378251,1.526333,0.094785,-0.503891,1.403679,0.033717,-0.642188,-1.516801,0.098610
-0.341078,1.747094,0.903164,-0.338371,1.743840,0.999227,-0.342008,1.728508,1.102613,-0.339270,1.721446,1.197828,-0.336361,1.713375,1.292852,-0.339891,1.689040,1.426795,-0.354750,1.664906,1.522930,-0.364826,1.717273,1.370376,-0.486987,1.806258,1.360475,-0.505632,1.855779,1.085884,-0.549173,1.863460,0.851024,-0.311709,1.682243,1.365415,-0.183004,1.612495,1.326575,-0.164434,1.656821,1.051094,-0.149962,1.696832,0.815928,-0.403234,1.796647,0.907210,-0.444776,1.873227,0.513193,-0.262067,2.147200,0.227230,-0.252872,2.191220,0.059656,-0.278888,1.697496,0.900358,-0.368478,1.573958,0.526812,-0.379981,1.525246,0.093563,-0.503062,1.402855,0.027221,-0.620767,-1.444262,0.076168
-0.352046,1.722368,0.906652,-0.349039,1.720131,1.002734,-0.352438,1.705431,1.106219,-0.349461,1.698727,1.201454,-0.346327,1.690813,1.296484,-0.349629,1.666539,1.430446,-0.364317,1.642387,1.526604,-0.374557,1.694876,1.373970,-0.496234,1.784537,1.364165,-0.514113,1.832754,1.089280,-0.551834,1.847518,0.853754,-0.321689,1.659494,1.368865,-0.193576,1.588695,1.329949,-0.175740,1.630039,1.053958,-0.160568,1.666466,0.818291,-0.414086,1.772098,0.910359,-0.469790,1.835001,0.515724,-0.280537,2.116368,0.240883,-0.266711,2.171760,0.071598,-0.289968,1.672609,0.904191,-0.375872,1.557632,0.527229,-0.381769,1.524660,0.092160,-0.503571,1.402533,0.022740,-0.600519,-1.410485,0.126549
-0.363480,1.698578,0.910786,-0.359838,1.697257,1.006861,-0.362882,1.683099,1.110431,-0.359651,1.676660,1.205675,-0.356371,1.668809,1.300706,-0.359672,1.644468,1.434655,-0.374219,1.620128,1.530787,-0.384490,1.672995,1.378059,-0.505732,1.763231,1.368182,-0.522762,1.810788,1.093128,-0.554565,1.831833,0.857264,-0.331898,1.637221,1.372859,-0.204238,1.565509,1.334130,-0.187415,1.603655,1.057610,-0.170925,1.635323,0.821326,-0.425314,1.748563,0.914428,-0.494217,1.796272,0.519752,-0.300586,2.082237,0.253124,-0.286013,2.145320,0.081797,-0.301602,1.648576,0.908400,-0.381073,1.544654,0.526773,-0.383160,1.525089,0.091049,-0.504073,1.402874,0.020388,-0.582405,-1.394220,0.207430
-0.374330,1.675724,0.914926,-0.370201,1.674904,1.010991,-0.373015,1.661084,1.114615,-0.369635,1.654828,1.209866,-0.366308,1.647059,1.304901,-0.369736,1.622783,1.438858,-0.384237,1.598329,1.534967,-0.394389,1.651474,1.382157,-0.515186,1.742269,1.372004,-0.531203,1.789826,1.096896,-0.557841,1.816086,0.860853,-0.342063,1.615316,1.376949,-0.214796,1.542722,1.338590,-0.198882,1.577378,1.061561,-0.181528,1.604040,0.824704,-0.435994,1.725909,0.918625,-0.517685,1.758433,0.524794,-0.321272,2.045694,0.261887,-0.309603,2.111210,0.088390,-0.312616,1.625529,0.912490,-0.385476,1.533468,0.526452,-0.384164,1.525493,0.090420,-0.504455,1.403192,0.018988,-0.573966,-1.371312,0.265849
-0.384013,1.654052,0.919034,-0.379772,1.653070,1.015094,-0.382616,1.639276,1.118721,-0.379281,1.633088,1.213979,-0.376051,1.625456,1.309028,-0.379751,1.601500,1.443034,-0.394329,1.577086,1.539142,-0.404185,1.630303,1.386270,-0.524526,1.721628,1.375499,-0.539342,1.770061,1.100482,-0.561899,1.800229,0.864415,-0.352103,1.593783,1.381185,-0.225188,1.520306,1.343345,-0.209865,1.550989,1.065829,-0.192399,1.572613,0.828476,-0.445563,1.704362,0.922892,-0.540170,1.722252,0.531053,-0.341914,2.006992,0.266456,-0.338000,2.067873,0.090279,-0.322411,1.603728,0.916437,-0.389489,1.524022,0.526669,-0.384713,1.525548,0.090482,-0.504633,1.403240,0.018423,-0.579060,-1.326575,0.282088
-0.393111,1.633316,0.923148,-0.388906,1.631756,1.019200,-0.391905,1.617785,1.122799,-0.388721,1.611582,1.218061,-0.385687,1.604106,1.313129,-0.389787,1.580604,1.447204,-0.404538,1.556303,1.543314,-0.413949,1.609491,1.390392,-0.533821,1.701329,1.378800,-0.547275,1.751301,1.103987,-0.566502,1.784310,0.868055,-0.362099,1.572619,1.385518,-0.235476,1.498289,1.348379,-0.220639,1.524706,1.070397,-0.203516,1.541047,0.832591,-0.454584,1.683697,0.927287,-0.561696,1.686962,0.538324,-0.363193,1.965879,0.267547,-0.370684,2.016868,0.088563,-0.331586,1.582912,0.920265,-0.392704,1.516369,0.527021,-0.384874,1.525577,0.091027,-0.504691,1.403266,0.018810,-0.593828,-1.275196,0.275865
-0.402320,1.612778,0.926746,-0.398108,1.610649,1.022787,-0.401215,1.596512,1.126360,-0.398157,1.590316,1.221626,-0.395297,1.583022,1.316714,-0.399770,1.560011,1.450863,-0.414777,1.535890,1.546978,-0.423651,1.588913,1.394022,-0.542979,1.681374,1.381782,-0.554913,1.732918,1.107190,-0.571412,1.768159,0.871394,-0.372018,1.551713,1.389363,-0.245645,1.476530,1.353117,-0.231455,1.498895,1.074734,-0.215305,1.509999,0.836555,-0.463820,1.663097,0.931189,-0.581957,1.651661,0.545515,-0.386209,1.922483,0.265242,-0.404925,1.962173,0.084676,-0.340769,1.562426,0.923554,-0.395291,1.509110,0.527313,-0.384864,1.525504,0.091621,-0.504757,1.403316,0.019333,-0.614234,-1.238578,0.253377
-0.411834,1.592259,0.929741,-0.407537,1.589699,1.025768,-0.410665,1.575475,1.129328,-0.407671,1.569350,1.224601,-0.404929,1.562279,1.319709,-0.409687,1.539789,1.453936,-0.425054,1.515937,1.550061,-0.433278,1.568600,1.397094,-0.551935,1.661875,1.384544,-0.562068,1.714797,1.110148,-0.576581,1.751806,0.874467,-0.381840,1.531103,1.392636,-0.255646,1.455063,1.357586,-0.242532,1.473784,1.078880,-0.228083,1.479864,0.840403,-0.473494,1.642353,0.934465,-0.600980,1.615917,0.552526,-0.411444,1.876923,0.259108,-0.439887,1.905242,0.078373,-0.350123,1.542126,0.926261,-0.396948,1.501899,0.527537,-0.384629,1.525236,0.092174,-0.504868,1.403414,0.019845,-0.642521,-1.229894,0.210347
-0.421459,1.571937,0.932219,-0.417033,1.568957,1.028229,-0.420136,1.554656,1.131780,-0.417180,1.548623,1.227059,-0.414534,1.541801,1.322188,-0.419552,1.519870,1.456498,-0.435362,1.496355,1.552634,-0.442843,1.548520,1.399673,-0.560754,1.642719,1.386988,-0.568929,1.697052,1.112802,-0.582057,1.735219,0.877238,-0.391585,1.510751,1.395422,-0.265529,1.433854,1.361759,-0.253651,1.449145,1.082794,-0.241532,1.450246,0.844101,-0.483384,1.621675,0.937248,-0.618737,1.580162,0.559455,-0.438416,1.829080,0.249578,-0.476406,1.844622,0.069898,-0.359484,1.522157,0.928428,-0.397977,1.495084,0.527701,-0.384223,1.524865,0.092776,-0.504987,1.403538,0.020492,-0.676446,-1.235970,0.151052
-0.431307,1.551609,0.933923,-0.426617,1.548266,1.029907,-0.429602,1.533901,1.133452,-0.426634,1.527962,1.228737,-0.424059,1.521374,1.323884,-0.429321,1.499963,1.458269,-0.445586,1.476785,1.554412,-0.452369,1.528452,1.401450,-0.569538,1.623563,1.388687,-0.575974,1.679402,1.114755,-0.587749,1.718137,0.879225,-0.401280,1.490430,1.397393,-0.275423,1.412662,1.364983,-0.264406,1.424659,1.085819,-0.255125,1.420614,0.847052,-0.493576,1.600872,0.939314,-0.634847,1.544793,0.565509,-0.466786,1.778727,0.238027,-0.514261,1.779936,0.061417,-0.368985,1.502301,0.929763,-0.399446,1.488310,0.527627,-0.384025,1.524597,0.093270,-0.505137,1.403668,0.020896,-0.705247,-1.238695,0.094518
-0.441429,1.531213,0.934750,-0.436227,1.527609,1.030697,-0.438933,1.513209,1.134244,-0.435867,1.507373,1.229532,-0.433327,1.501003,1.324695,-0.438829,1.480058,1.459144,-0.455566,1.457205,1.555283,-0.461730,1.508391,1.402314,-0.578168,1.604389,1.389523,-0.583340,1.661895,1.115908,-0.593604,1.700494,0.880284,-0.410800,1.470135,1.398440,-0.285260,1.391437,1.367067,-0.274492,1.400347,1.087770,-0.268737,1.390855,0.849079,-0.504151,1.579839,0.940616,-0.649020,1.509595,0.570573,-0.496546,1.725456,0.224101,-0.553665,1.709915,0.053099,-0.378647,1.482541,0.930111,-0.401772,1.481600,0.527234,-0.384236,1.524569,0.093558,-0.505342,1.403820,0.020875,-0.726624,-1.229968,0.047915
-0.451775,1.510810,0.934803,-0.445926,1.507004,1.030704,-0.448260,1.492581,1.134257,-0.445045,1.486849,1.229547,-0.442513,1.480682,1.324723,-0.448241,1.460166,1.459229,-0.465463,1.437637,1.555358,-0.471050,1.488342,1.402378,-0.586763,1.585215,1.389614,-0.590891,1.644481,1.116359,-0.599675,1.682355,0.880558,-0.420271,1.449872,1.398672,-0.295108,1.370228,1.368202,-0.284214,1.376188,1.088833,-0.282493,1.361082,0.850360,-0.515028,1.558681,0.941201,-0.661546,1.474783,0.574762,-0.527703,1.669675,0.208154,-0.594405,1.635829,0.044775,-0.388448,1.462893,0.929628,-0.404539,1.474932,0.526604,-0.384654,1.524644,0.093737,-0.505577,1.403978,0.020609,-0.742877,-1.217890,0.004073
-0.462301,1.490378,0.934122,-0.455922,1.486346,1.029982,-0.457948,1.471863,1.133534,-0.454614,1.466195,1.228824,-0.452092,1.460186,1.324010,-0.458015,1.440028,1.458561,-0.475655,1.417793,1.554685,-0.480723,1.468100,1.401663,-0.595785,1.565747,1.388892,-0.598699,1.626728,1.116002,-0.606038,1.663649,0.880003,-0.430089,1.429427,1.398098,-0.305300,1.348942,1.368299,-0.294078,1.351801,1.088903,-0.296239,1.331101,0.850830,-0.526059,1.537521,0.940984,-0.672909,1.441405,0.577626,-0.559938,1.612372,0.192627,-0.635620,1.561108,0.038099,-0.398458,1.443188,0.928481,-0.407571,1.467887,0.525802,-0.385063,1.524610,0.093939,-0.505781,1.404075,0.020261,-0.750136,-1.208652,-0.039486
-0.473097,1.469936,0.932677,-0.466374,1.465596,1.028501,-0.468188,1.450982,1.132038,-0.464768,1.445314,1.227325,-0.462243,1.439405,1.322518,-0.468289,1.419529,1.457107,-0.486227,1.397555,1.553236,-0.490881,1.447577,1.400117,-0.605389,1.545863,1.387272,-0.606812,1.608589,1.114767,-0.612716,1.644305,0.878548,-0.440389,1.408712,1.396645,-0.315934,1.327566,1.367229,-0.304123,1.327044,1.087848,-0.309956,1.300721,0.850412,-0.537292,1.516429,0.939921,-0.683198,1.409760,0.579066,-0.593619,1.553654,0.177645,-0.677596,1.486366,0.033022,-0.408814,1.423392,0.926655,-0.410770,1.460488,0.524851,-0.385342,1.524373,0.094139,-0.505953,1.404079,0.019849,-0.743485,-1.201837,-0.084479
-0.484073,1.449465,0.930498,-0.477124,1.444795,1.026290,-0.478789,1.430012,1.129806,-0.475314,1.424303,1.225089,-0.472786,1.418448,1.320285,-0.478923,1.398784,1.454900,-0.497093,1.377041,1.551038,-0.501391,1.426861,1.397793,-0.615420,1.525686,1.384837,-0.615182,1.590110,1.112725,-0.619686,1.624394,0.876263,-0.451036,1.387816,1.394384,-0.326912,1.306113,1.365122,-0.314309,1.302059,1.085802,-0.323663,1.270135,0.849182,-0.548677,1.495335,0.938056,-0.692325,1.379550,0.579181,-0.628376,1.493415,0.163083,-0.720047,1.410989,0.029594,-0.419379,1.403538,0.924165,-0.414233,1.452711,0.523729,-0.385611,1.524027,0.094361,-0.506094,1.404022,0.019354,-0.727840,-1.197863,-0.129190
-0.494910,1.428886,0.927718,-0.487904,1.423958,1.023493,-0.489547,1.409022,1.126987,-0.486110,1.403257,1.222267,-0.483650,1.397416,1.317466,-0.489953,1.377874,1.452091,-0.508368,1.356315,1.548223,-0.512256,1.406007,1.394877,-0.625872,1.505287,1.381778,-0.623735,1.570998,1.109980,-0.626950,1.604053,0.873317,-0.462031,1.366790,1.391535,-0.338278,1.284528,1.362281,-0.325026,1.276893,1.083063,-0.337261,1.239728,0.847306,-0.559921,1.474149,0.935437,-0.700509,1.350927,0.577824,-0.662787,1.432328,0.151010,-0.761259,1.336570,0.029620,-0.429810,1.383561,0.921226,-0.418083,1.444073,0.522431,-0.386006,1.523643,0.094808,-0.506153,1.403937,0.018880,-0.714084,-1.204174,-0.170947
-0.505430,1.408257,0.924287,-0.498584,1.403209,1.020067,-0.500378,1.388149,1.123541,-0.497113,1.382307,1.218822,-0.494830,1.376407,1.314022,-0.501429,1.356833,1.448628,-0.520133,1.335386,1.544729,-0.523491,1.385066,1.391336,-0.636753,1.484728,1.378071,-0.632327,1.551130,1.106472,-0.634472,1.583251,0.869664,-0.473394,1.345681,1.388063,-0.350107,1.262796,1.358606,-0.336472,1.251439,1.079540,-0.350776,1.209519,0.844677,-0.570859,1.452922,0.931951,-0.707766,1.324086,0.574822,-0.697006,1.369795,0.141823,-0.801483,1.263013,0.033716,-0.439916,1.363529,0.917851,-0.422321,1.434379,0.520932,-0.386616,1.523362,0.095487,-0.506072,1.403809,0.018455,-0.705191,-1.226643,-0.210207
-0.515810,1.387520,0.920254,-0.509294,1.382426,1.016055,-0.511365,1.367256,1.119508,-0.508365,1.361322,1.214792,-0.506332,1.355321,1.309991,-0.513300,1.335627,1.444561,-0.532308,1.314246,1.540617,-0.535081,1.363987,1.387202,-0.648055,1.463947,1.373739,-0.641103,1.530629,1.102262,-0.642287,1.562019,0.865350,-0.485104,1.324442,1.384003,-0.362325,1.240932,1.354196,-0.348449,1.225804,1.075325,-0.364183,1.179490,0.841401,-0.581655,1.431602,0.927711,-0.714081,1.298832,0.570348,-0.730877,1.306415,0.135125,-0.840468,1.190414,0.041266,-0.449887,1.343373,0.914027,-0.426944,1.423824,0.519258,-0.387352,1.523042,0.096391,-0.505908,1.403652,0.018050,-0.698186,-1.259398,-0.246513
-0.526270,1.366416,0.915901,-0.520153,1.361257,1.011724,-0.522554,1.346001,1.115157,-0.519857,1.340014,1.210447,-0.518097,1.333968,1.305649,-0.525452,1.314242,1.440193,-0.544762,1.292931,1.536205,-0.546980,1.342671,1.382765,-0.659742,1.442834,1.369035,-0.650423,1.509568,1.097637,-0.650507,1.540581,0.860675,-0.497101,1.302994,1.379676,-0.374756,1.218921,1.349655,-0.360752,1.200356,1.070986,-0.377313,1.149975,0.837962,-0.592510,1.409944,0.923105,-0.719626,1.274737,0.564777,-0.762518,1.244660,0.131794,-0.875753,1.120659,0.052225,-0.459957,1.322824,0.909928,-0.432072,1.412505,0.517484,-0.388088,1.522329,0.097697,-0.505778,1.403546,0.017688,-0.695024,-1.292266,-0.275821
-0.536681,1.344960,0.911169,-0.531090,1.339684,1.007016,-0.533902,1.324356,1.110427,-0.531562,1.318355,1.205725,-0.530109,1.312331,1.300933,-0.537864,1.292689,1.435468,-0.557486,1.271452,1.531433,-0.559191,1.321116,1.377978,-0.671812,1.421401,1.363962,-0.660316,1.487968,1.092606,-0.659001,1.519022,0.855655,-0.509383,1.281338,1.375044,-0.387355,1.196795,1.345046,-0.373495,1.175165,1.066588,-0.390138,1.120969,0.834422,-0.603304,1.387948,0.918049,-0.723849,1.252643,0.557544,-0.792411,1.183790,0.133596,-0.907199,1.052750,0.068573,-0.469990,1.301907,0.905520,-0.437605,1.400665,0.515602,-0.388775,1.521297,0.099327,-0.505723,1.403533,0.017366,-0.695652,-1.321486,-0.300348
-0.547170,1.323136,0.906116,-0.542177,1.317726,1.001989,-0.545452,1.302349,1.105379,-0.543507,1.296374,1.200688,-0.542385,1.290425,1.295905,-0.550558,1.270956,1.430441,-0.570490,1.249798,1.526359,-0.571712,1.299325,1.372886,-0.684267,1.399637,1.358517,-0.670753,1.465808,1.087161,-0.667899,1.497257,0.850274,-0.521952,1.259472,1.370145,-0.400168,1.174523,1.340305,-0.386563,1.150160,1.062067,-0.402686,1.092478,0.830719,-0.614157,1.365612,0.912628,-0.727303,1.231706,0.549213,-0.820073,1.124546,0.138767,-0.934944,0.987686,0.088330,-0.480122,1.280596,0.900836,-0.443642,1.388061,0.513620,-0.389461,1.519872,0.101360,-0.505701,1.403571,0.017086,-0.700123,-1.350820,-0.317877
-0.558335,1.300647,0.901199,-0.553754,1.295090,0.997086,-0.557379,1.279726,1.100467,-0.555755,1.273861,1.195789,-0.554923,1.268102,1.291021,-0.563481,1.248995,1.425584,-0.583669,1.227976,1.521479,-0.584486,1.277211,1.367918,-0.697077,1.377393,1.352955,-0.682010,1.443098,1.081564,-0.677702,1.475249,0.844793,-0.534751,1.237313,1.365419,-0.413157,1.152003,1.335837,-0.399416,1.125493,1.057800,-0.414879,1.064853,0.827158,-0.625623,1.342685,0.907476,-0.731824,1.208976,0.541854,-0.842168,1.071620,0.142886,-0.956942,0.930341,0.105510,-0.490991,1.258543,0.896154,-0.450594,1.374063,0.511636,-0.390158,1.517476,0.104211,-0.505700,1.403615,0.016875,-0.710554,-1.381372,-0.317718
-0.570474,1.277555,0.896474,-0.565996,1.271786,0.992354,-0.569781,1.256468,1.095737,-0.568353,1.250783,1.191075,-0.567740,1.245327,1.286328,-0.576629,1.226782,1.420949,-0.596992,1.205963,1.516852,-0.597520,1.254737,1.363112,-0.710339,1.354505,1.347186,-0.694289,1.419923,1.075773,-0.688506,1.453015,0.839163,-0.547780,1.214826,1.360901,-0.426329,1.129208,1.331626,-0.411881,1.101192,1.053763,-0.426721,1.038078,0.823734,-0.637980,1.319245,0.902761,-0.737859,1.183282,0.536200,-0.857122,1.026348,0.145394,-0.972434,0.882604,0.120503,-0.502911,1.235796,0.891418,-0.458411,1.359143,0.509819,-0.390577,1.514286,0.107840,-0.505727,1.403656,0.016764,-0.732286,-1.412625,-0.288052
-0.583288,1.253796,0.891884,-0.578728,1.247805,0.987746,-0.582560,1.232593,1.091144,-0.581254,1.227173,1.186500,-0.580819,1.222136,1.281778,-0.590007,1.204341,1.416484,-0.610490,1.183782,1.512417,-0.610809,1.231940,1.358429,-0.723956,1.331137,1.341300,-0.707388,1.396198,1.069830,-0.700214,1.430538,0.833432,-0.561041,1.192046,1.356555,-0.439676,1.106165,1.327687,-0.424130,1.077228,1.049979,-0.438208,1.012170,0.820451,-0.650950,1.295214,0.898316,-0.744962,1.155795,0.531518,-0.866509,0.987394,0.146850,-0.982178,0.842588,0.132919,-0.515567,1.212308,0.886683,-0.467143,1.342828,0.508000,-0.391007,1.510126,0.112289,-0.505773,1.403702,0.016722,-0.759977,-1.445097,-0.240697
-0.596480,1.228883,0.887716,-0.591765,1.222831,0.983566,-0.595601,1.207911,1.087004,-0.594387,1.202927,1.182383,-0.594110,1.198485,1.277689,-0.603580,1.181693,1.412499,-0.624158,1.161502,1.508489,-0.624284,1.208851,1.354179,-0.737604,1.307634,1.335815,-0.720967,1.371682,1.064121,-0.713039,1.407728,0.828007,-0.574483,1.168983,1.352713,-0.453143,1.082860,1.324484,-0.436139,1.053670,1.046896,-0.449252,0.987535,0.817622,-0.664252,1.270103,0.894277,-0.753623,1.127071,0.527682,-0.871710,0.955436,0.144517,-0.986405,0.809506,0.135595,-0.528648,1.187591,0.882386,-0.477350,1.323073,0.505766,-0.392321,1.503881,0.118091,-0.505807,1.403736,0.016683,-0.779723,-1.481454,-0.200424
-0.610122,1.202304,0.883860,-0.605257,1.196410,0.979714,-0.609080,1.182048,1.083231,-0.607918,1.177746,1.178641,-0.607747,1.174151,1.273980,-0.617419,1.158733,1.408934,-0.638047,1.139089,1.505025,-0.638008,1.185357,1.350286,-0.751040,1.284290,1.330865,-0.734935,1.346269,1.058671,-0.727263,1.384690,0.822933,-0.588193,1.145493,1.349306,-0.466868,1.059036,1.322065,-0.447929,1.030435,1.044549,-0.459863,0.964149,0.815237,-0.677944,1.243439,0.890457,-0.764377,1.096585,0.524660,-0.871037,0.932213,0.135634,-0.982127,0.784021,0.122467,-0.542241,1.161096,0.878495,-0.489578,1.299790,0.503046,-0.394641,1.496128,0.125584,-0.505898,1.403261,0.016245,-0.784433,-1.534927,-0.188531
-0.624143,1.174571,0.880426,-0.619055,1.168995,0.976290,-0.622821,1.155376,1.079911,-0.621680,1.151930,1.175357,-0.621597,1.149358,1.270731,-0.631454,1.135568,1.405850,-0.652106,1.116578,1.502068,-0.651919,1.161570,1.346825,-0.764507,1.260810,1.326316,-0.749383,1.320065,1.053454,-0.742603,1.361318,0.818164,-0.602085,1.121720,1.346402,-0.480713,1.034951,1.320382,-0.459479,1.007605,1.042903,-0.470032,0.942035,0.813306,-0.691967,1.215696,0.887044,-0.776689,1.064863,0.522484,-0.866178,0.915986,0.122961,-0.972333,0.765470,0.099599,-0.556259,1.133373,0.875043,-0.503280,1.273066,0.499910,-0.397845,1.486292,0.134431,-0.505975,1.402774,0.015810,-0.781196,-1.592284,-0.183718
-0.638027,1.146729,0.878032,-0.632529,1.141628,0.973896,-0.636188,1.128826,1.077624,-0.635100,1.126275,1.173100,-0.635204,1.124734,1.268497,-0.645444,1.112535,1.403745,-0.666175,1.094135,1.500061,-0.665766,1.137855,1.344331,-0.778416,1.236653,1.322291,-0.764253,1.293143,1.048782,-0.758416,1.337212,0.813969,-0.615850,1.098112,1.344534,-0.494207,1.011365,1.319741,-0.470707,0.985491,1.042301,-0.479642,0.921664,0.812176,-0.705868,1.187806,0.884737,-0.789447,1.034038,0.521129,-0.863578,0.902211,0.112046,-0.966216,0.751090,0.078021,-0.570120,1.105582,0.872561,-0.517376,1.241113,0.496159,-0.402433,1.471539,0.144157,-0.505796,1.403741,0.016517,-0.777380,-1.616494,-0.146866
-0.651602,1.118672,0.876859,-0.645403,1.114291,0.972708,-0.648910,1.102435,1.076551,-0.647969,1.100859,1.172045,-0.648476,1.100386,1.267447,-0.659511,1.089768,1.402757,-0.680411,1.071892,1.499136,-0.679631,1.114303,1.342922,-0.793237,1.211320,1.318404,-0.779790,1.265446,1.044365,-0.774601,1.312338,0.810088,-0.629560,1.074774,1.343910,-0.507321,0.988545,1.320296,-0.481433,0.964319,1.042929,-0.488465,0.903363,0.811966,-0.719505,1.159605,0.883753,-0.802766,1.004356,0.520677,-0.866703,0.889161,0.104823,-0.968535,0.740584,0.060304,-0.583621,1.077677,0.871198,-0.531501,1.201931,0.491027,-0.408573,1.450148,0.154458,-0.504663,1.409236,0.018085,-0.780661,-1.579767,-0.042021
-0.665040,1.090507,0.876726,-0.657954,1.087002,0.972550,-0.661259,1.076166,1.076510,-0.660495,1.075605,1.172017,-0.661505,1.076207,1.267413,-0.673534,1.067134,1.402748,-0.694658,1.049717,1.499162,-0.693433,1.090824,1.342480,-0.808500,1.185310,1.315041,-0.795749,1.237032,1.040494,-0.791259,1.286729,0.806781,-0.643145,1.051600,1.344322,-0.520083,0.966225,1.321894,-0.491836,0.943864,1.044602,-0.496729,0.886804,0.812556,-0.733020,1.131257,0.883876,-0.816531,0.975570,0.521047,-0.872088,0.878564,0.099358,-0.974531,0.734249,0.043877,-0.596965,1.049706,0.870807,-0.546019,1.157519,0.485278,-0.416097,1.423840,0.165638,-0.503274,1.416184,0.020794,-0.783363,-1.509894,0.094864
-0.678338,1.063599,0.877701,-0.670381,1.060850,0.973489,-0.673409,1.050833,1.077543,-0.672730,1.051077,1.173057,-0.674117,1.052509,1.268446,-0.686904,1.044576,1.403794,-0.708285,1.027382,1.500191,-0.706673,1.067515,1.343176,-0.823205,1.159576,1.313477,-0.811332,1.208144,1.038342,-0.808054,1.260087,0.805094,-0.656078,1.028718,1.345683,-0.532109,0.944368,1.324393,-0.502374,0.923757,1.047108,-0.505003,0.871475,0.813930,-0.746380,1.104186,0.885152,-0.829282,0.949070,0.521969,-0.875783,0.871061,0.095387,-0.979120,0.730207,0.032053,-0.610186,1.022971,0.871481,-0.560948,1.112090,0.481009,-0.425003,1.394945,0.178138,-0.503474,1.416834,0.026622,-0.769821,-1.453212,0.195056
-0.691812,1.038692,0.879972,-0.683014,1.036476,0.975699,-0.685630,1.026940,1.079812,-0.684851,1.027635,1.175325,-0.686372,1.029494,1.270709,-0.699475,1.022053,1.406062,-0.721171,1.004727,1.502365,-0.719231,1.044414,1.345233,-0.837041,1.134505,1.314430,-0.826138,1.178371,1.038514,-0.824599,1.232240,0.805651,-0.668222,1.006167,1.348073,-0.543337,0.922872,1.327941,-0.513695,0.903871,1.050527,-0.513922,0.857731,0.816132,-0.759866,1.079205,0.887806,-0.840758,0.924841,0.523764,-0.875795,0.867812,0.093223,-0.980113,0.728577,0.027369,-0.623644,0.998151,0.873370,-0.576356,1.066265,0.478805,-0.434999,1.363908,0.193254,-0.506094,1.404761,0.026502,-0.725132,-1.436761,0.217636
-0.705145,1.015043,0.883351,-0.695523,1.013239,0.979006,-0.697653,1.003985,1.083153,-0.696680,1.004918,1.178661,-0.698209,1.006960,1.274039,-0.711393,0.999606,1.409385,-0.733437,0.981912,1.505542,-0.731228,1.021483,1.348430,-0.850318,1.109711,1.317183,-0.840569,1.148124,1.040406,-0.841281,1.203361,0.807828,-0.679714,0.983908,1.351411,-0.553828,0.901839,1.332390,-0.525151,0.884334,1.054779,-0.522850,0.845218,0.819118,-0.773197,1.055501,0.891614,-0.851220,0.902897,0.526112,-0.874116,0.867658,0.092554,-0.979699,0.729241,0.027289,-0.636978,0.974569,0.876324,-0.592173,1.019422,0.478081,-0.446378,1.330284,0.209689,-0.509083,1.394023,0.046794,-0.664197,-1.433501,0.203522
-0.717379,0.991787,0.887353,-0.707117,0.990314,0.982949,-0.708843,0.981278,1.087123,-0.707729,0.982413,1.182626,-0.709276,0.984611,1.277998,-0.722484,0.977299,1.413340,-0.744827,0.959192,1.509351,-0.742524,0.998711,1.352270,-0.862970,1.084994,1.320853,-0.855026,1.118879,1.043384,-0.858923,1.173663,0.810795,-0.690441,0.961939,1.355370,-0.563377,0.881536,1.337152,-0.535246,0.865160,1.059414,-0.530449,0.832364,0.822741,-0.785501,1.032071,0.895950,-0.859997,0.884678,0.527789,-0.872776,0.867761,0.092182,-0.979358,0.729967,0.027507,-0.649139,0.951493,0.879994,-0.608214,0.973904,0.479166,-0.460013,1.295065,0.223999,-0.515456,1.373244,0.064801,-0.616057,-1.408657,0.206741
-0.728026,0.968403,0.892057,-0.717341,0.967238,0.987615,-0.718788,0.958431,1.091813,-0.717643,0.959818,1.187313,-0.719287,0.962239,1.282678,-0.732553,0.955062,1.418022,-0.755163,0.936569,1.513898,-0.752985,0.976012,1.356796,-0.874924,1.060145,1.325340,-0.869868,1.091175,1.047463,-0.878294,1.143121,0.814372,-0.700244,0.940229,1.360072,-0.571720,0.862152,1.342164,-0.542980,0.846145,1.064463,-0.535794,0.818431,0.827174,-0.796366,1.008257,0.900854,-0.866627,0.871418,0.528077,-0.872538,0.867283,0.091678,-0.979635,0.730058,0.026631,-0.659557,0.928539,0.884501,-0.624538,0.930636,0.482402,-0.476767,1.258746,0.235347,-0.525345,1.340917,0.073588,-0.598954,-1.333373,0.259659
-0.737574,0.945412,0.897384,-0.726650,0.944474,0.992917,-0.727900,0.935833,1.097132,-0.726776,0.937434,1.192628,-0.728528,0.940051,1.287986,-0.741795,0.932965,1.423335,-0.764622,0.914041,1.519076,-0.762746,0.953471,1.361967,-0.886253,1.035373,1.330745,-0.884737,1.064472,1.052629,-0.898626,1.111759,0.818738,-0.709281,0.918809,1.365396,-0.579120,0.843498,1.347490,-0.549353,0.827493,1.069894,-0.539810,0.804157,0.832244,-0.806204,0.984715,0.906288,-0.871572,0.861883,0.527695,-0.872638,0.867061,0.091472,-0.979987,0.730210,0.026053,-0.668803,0.906093,0.889725,-0.641085,0.888694,0.487449,-0.495777,1.220832,0.244569,-0.538168,1.299897,0.080176,-0.594645,-1.236503,0.329910
-0.746528,0.923510,0.902604,-0.735621,0.922586,0.998136,-0.736786,0.913959,1.102353,-0.735700,0.915654,1.197848,-0.737504,0.918374,1.293202,-0.750617,0.911278,1.428565,-0.773474,0.891852,1.524196,-0.772076,0.931336,1.367162,-0.897110,1.011104,1.336486,-0.898956,1.038634,1.058208,-0.918430,1.079869,0.823614,-0.717916,0.897782,1.370653,-0.586169,0.825274,1.352729,-0.555873,0.809830,1.075165,-0.543923,0.790192,0.837289,-0.815380,0.962414,0.911506,-0.875553,0.853806,0.527571,-0.872810,0.866769,0.091652,-0.980263,0.730284,0.025656,-0.677530,0.884585,0.894946,-0.657480,0.847646,0.493614,-0.515331,1.180833,0.250722,-0.553849,1.251417,0.083199,-0.577432,-1.169841,0.374430
-0.754978,0.903296,0.907594,-0.744442,0.902013,1.003160,-0.745681,0.893154,1.107355,-0.744654,0.894751,1.202852,-0.746429,0.897431,1.298208,-0.759171,0.890187,1.433598,-0.781781,0.870161,1.529163,-0.781062,0.909756,1.372340,-0.907569,0.987532,1.342622,-0.912187,1.013806,1.064241,-0.937328,1.047449,0.829079,-0.726250,0.877279,1.375764,-0.592993,0.807586,1.357924,-0.563184,0.793727,1.080231,-0.548589,0.776713,0.842276,-0.823899,0.942110,0.916366,-0.878558,0.846934,0.528087,-0.873038,0.866324,0.092338,-0.980396,0.730205,0.025441,-0.685917,0.864457,0.900059,-0.673664,0.807113,0.500962,-0.534699,1.138735,0.253698,-0.572410,1.194011,0.081232,-0.531777,-1.160688,0.375751
-0.762834,0.884172,0.912476,-0.752925,0.882315,1.008100,-0.754351,0.873072,1.112260,-0.753398,0.874452,1.207761,-0.755088,0.876999,1.303122,-0.767306,0.869507,1.438547,-0.789481,0.848810,1.534073,-0.789618,0.888583,1.377542,-0.917555,0.964462,1.349094,-0.924769,0.989841,1.070688,-0.955698,1.014500,0.835053,-0.734182,0.857168,1.380809,-0.599465,0.790328,1.363033,-0.570642,0.778614,1.085137,-0.553353,0.763541,0.847237,-0.831756,0.923047,0.921012,-0.880600,0.841519,0.528861,-0.873337,0.865809,0.093409,-0.980454,0.730046,0.025406,-0.693785,0.845267,0.905170,-0.689696,0.767476,0.509430,-0.554610,1.094553,0.253606,-0.593830,1.129145,0.075699,-0.473217,-1.181742,0.351341
-0.770333,0.865036,0.916893,-0.761082,0.862732,1.012577,-0.762689,0.853156,1.116704,-0.761785,0.854330,1.212209,-0.763345,0.856727,1.307576,-0.774978,0.848949,1.443037,-0.796655,0.827562,1.538525,-0.797751,0.867614,1.382275,-0.927000,0.941744,1.355146,-0.937047,0.966164,1.076757,-0.973195,0.981316,0.841011,-0.741768,0.837150,1.385338,-0.605788,0.772883,1.367536,-0.577821,0.763411,1.089463,-0.558271,0.750788,0.851617,-0.839293,0.903912,0.925122,-0.882434,0.836047,0.529681,-0.873484,0.865151,0.094594,-0.980494,0.729892,0.025432,-0.701256,0.826129,0.909887,-0.705374,0.729449,0.518136,-0.575537,1.047837,0.249833,-0.617967,1.062448,0.069511,-0.422664,-1.202882,0.310534
-0.777433,0.845502,0.920824,-0.768833,0.843032,1.016563,-0.770592,0.833264,1.120670,-0.769706,0.834304,1.216177,-0.771095,0.836565,1.311550,-0.782109,0.828492,1.447045,-0.803256,0.806405,1.542492,-0.805421,0.846859,1.386481,-0.935839,0.919405,1.360692,-0.949087,0.942695,1.082341,-0.989518,0.947912,0.846896,-0.748992,0.817200,1.389304,-0.612003,0.755124,1.371393,-0.584440,0.747816,1.093214,-0.563310,0.738673,0.855352,-0.846530,0.884210,0.928648,-0.884268,0.830032,0.530548,-0.873375,0.864291,0.095873,-0.980527,0.729758,0.025527,-0.708227,0.806761,0.914219,-0.720636,0.693101,0.527204,-0.597703,0.998418,0.241453,-0.645570,0.996136,0.063413,-0.388492,-1.216394,0.246858
-0.784176,0.825957,0.924288,-0.776257,0.823447,1.020085,-0.778164,0.813538,1.124176,-0.777269,0.814456,1.219684,-0.778443,0.816563,1.315064,-0.788778,0.808157,1.450593,-0.809332,0.785352,1.546001,-0.812668,0.826310,1.390217,-0.944137,0.897417,1.365817,-0.960823,0.919514,1.087548,-1.004967,0.914273,0.852764,-0.755869,0.797343,1.392755,-0.618068,0.737177,1.374644,-0.590779,0.732130,1.096386,-0.568503,0.726976,0.858504,-0.853447,0.864437,0.931638,-0.885894,0.823959,0.531460,-0.873113,0.863287,0.097264,-0.980542,0.729628,0.025682,-0.714800,0.787444,0.918157,-0.735544,0.658363,0.536512,-0.620885,0.946464,0.229392,-0.675891,0.927992,0.056658,-0.362325,-1.229993,0.166785
-0.790912,0.806467,0.926994,-0.783607,0.803916,1.022839,-0.785611,0.793846,1.126913,-0.784655,0.794608,1.222422,-0.785564,0.796520,1.317808,-0.795177,0.787729,1.453365,-0.815108,0.764211,1.548733,-0.819619,0.805739,1.393174,-0.952019,0.875540,1.370031,-0.972405,0.896289,1.091912,-1.020097,0.880648,0.858261,-0.762511,0.777361,1.395385,-0.624068,0.718812,1.376887,-0.597257,0.716177,1.098553,-0.574004,0.715149,0.860708,-0.860325,0.844771,0.933920,-0.887450,0.817780,0.532195,-0.872779,0.862240,0.098558,-0.980562,0.729534,0.025745,-0.721400,0.768131,0.921287,-0.750077,0.625745,0.544809,-0.644894,0.892033,0.215807,-0.706539,0.856997,0.049915,-0.339950,-1.236695,0.099073
-0.797735,0.787046,0.928839,-0.790950,0.784445,1.024722,-0.792986,0.774193,1.128778,-0.791901,0.774764,1.224287,-0.792486,0.776441,1.319680,-0.801325,0.767216,1.455260,-0.820598,0.742997,1.550587,-0.826277,0.785145,1.395245,-0.959474,0.853765,1.373134,-0.984012,0.873005,1.095259,-1.035013,0.847101,0.863225,-0.768922,0.757236,1.397086,-0.630029,0.699934,1.377987,-0.604019,0.699971,1.099569,-0.579893,0.703215,0.861843,-0.867226,0.825275,0.935411,-0.888871,0.811679,0.532702,-0.872399,0.861185,0.099661,-0.980602,0.729501,0.025627,-0.728150,0.748787,0.923487,-0.764485,0.595440,0.551912,-0.669741,0.834985,0.200518,-0.737306,0.782476,0.042608,-0.318367,-1.230913,0.057736
-0.804552,0.767681,0.929925,-0.798218,0.765027,1.025837,-0.800236,0.754573,1.129874,-0.798970,0.754920,1.225382,-0.799183,0.756322,1.320781,-0.807205,0.746610,1.456379,-0.825788,0.721695,1.551664,-0.832640,0.764529,1.396536,-0.966513,0.832101,1.375324,-0.995465,0.849678,1.097763,-1.049610,0.813569,0.867818,-0.775096,0.736986,1.397966,-0.635926,0.680637,1.378077,-0.610920,0.683498,1.099580,-0.586091,0.691150,0.862030,-0.874087,0.805885,0.936193,-0.890223,0.805472,0.533032,-0.871946,0.860086,0.100666,-0.980646,0.729504,0.025417,-0.734928,0.729447,0.924880,-0.778518,0.567254,0.558006,-0.695414,0.775460,0.183705,-0.768401,0.705103,0.035313,-0.300574,-1.218234,0.028758
-0.811438,0.748389,0.930267,-0.805463,0.745584,1.026197,-0.807413,0.734841,1.130205,-0.805929,0.734889,1.225709,-0.805748,0.735948,1.321113,-0.812956,0.725668,1.456715,-0.830854,0.700059,1.551947,-0.838830,0.743680,1.397051,-0.973296,0.810335,1.376712,-1.006382,0.826024,1.099486,-1.064121,0.780110,0.872176,-0.781132,0.716439,1.398049,-0.641759,0.660972,1.377162,-0.617941,0.666545,1.098597,-0.592517,0.678340,0.861264,-0.880997,0.786586,0.936336,-0.891833,0.798558,0.533118,-0.871420,0.858939,0.101647,-0.980675,0.729508,0.025221,-0.741795,0.710160,0.925421,-0.791403,0.541112,0.562387,-0.721684,0.713941,0.168070,-0.798058,0.625877,0.030419,-0.291350,-1.208437,-0.001142
-0.818468,0.729251,0.929813,-0.812785,0.726122,1.025751,-0.814634,0.714947,1.129714,-0.812912,0.714578,1.225214,-0.812332,0.715192,1.320619,-0.818748,0.704226,1.456206,-0.835946,0.677911,1.551373,-0.844986,0.722488,1.396733,-0.979959,0.788376,1.377246,-1.016697,0.801837,1.100363,-1.078714,0.746577,0.876286,-0.787166,0.695489,1.397280,-0.647664,0.640870,1.375084,-0.625198,0.648974,1.096467,-0.599183,0.664521,0.859409,-0.888036,0.767448,0.935801,-0.893700,0.790794,0.532952,-0.870713,0.857739,0.102580,-0.980665,0.729517,0.025122,-0.748824,0.691015,0.925050,-0.802724,0.517137,0.564797,-0.748798,0.649707,0.153648,-0.825198,0.543335,0.027647,-0.291882,-1.202164,-0.036427
-0.825568,0.710186,0.928615,-0.820084,0.706635,1.024549,-0.821782,0.694941,1.128459,-0.819785,0.694079,1.223950,-0.818786,0.694181,1.319354,-0.824411,0.682449,1.454913,-0.840913,0.655430,1.550005,-0.850968,0.701062,1.395638,-0.986366,0.766316,1.376977,-1.026476,0.777323,1.100459,-1.093222,0.713118,0.880162,-0.793061,0.674242,1.395714,-0.653506,0.620400,1.371999,-0.632575,0.630924,1.093344,-0.606077,0.649957,0.856601,-0.895123,0.748401,0.934628,-0.895827,0.782324,0.532542,-0.869934,0.856491,0.103490,-0.980640,0.729526,0.025037,-0.755942,0.671922,0.923828,-0.812897,0.495205,0.565496,-0.776510,0.583478,0.140405,-0.850901,0.458940,0.027276,-0.300983,-1.198772,-0.072634
-0.832585,0.690969,0.926835,-0.827117,0.687021,1.022755,-0.828554,0.674827,1.126611,-0.826212,0.673483,1.222090,-0.824758,0.673080,1.317487,-0.829586,0.660588,1.453009,-0.845481,0.632907,1.548016,-0.856481,0.679516,1.393944,-0.992262,0.744212,1.376161,-1.035532,0.752818,1.100029,-1.107380,0.680226,0.883974,-0.798506,0.652842,1.393545,-0.658887,0.599821,1.368382,-0.639710,0.612591,1.089694,-0.613082,0.634823,0.853242,-0.902105,0.729221,0.932997,-0.898554,0.772976,0.531856,-0.869410,0.855197,0.104519,-0.980645,0.729481,0.024820,-0.762997,0.652661,0.921900,-0.822403,0.474871,0.564554,-0.803848,0.517902,0.130940,-0.876635,0.378085,0.032538,-0.319867,-1.206104,-0.109663
-0.839370,0.671694,0.924472,-0.833705,0.667445,1.020370,-0.834781,0.654794,1.124177,-0.832044,0.652975,1.219637,-0.830134,0.652043,1.315024,-0.834228,0.638735,1.450493,-0.849683,0.610406,1.545383,-0.861469,0.657922,1.391649,-0.997627,0.722074,1.374773,-1.043695,0.728375,1.099022,-1.121359,0.648082,0.887802,-0.803453,0.631349,1.390785,-0.663719,0.579246,1.364363,-0.646577,0.594089,1.085647,-0.620155,0.619270,0.849458,-0.908816,0.710037,0.930903,-0.901847,0.763043,0.530908,-0.869199,0.853960,0.105558,-0.980605,0.729260,0.024366,-0.769854,0.633295,0.919270,-0.830770,0.456405,0.561695,-0.831126,0.451922,0.126853,-0.903654,0.300828,0.046198,-0.355066,-1.233919,-0.150556
-0.846074,0.652268,0.921529,-0.840027,0.647742,1.017392,-0.840631,0.634653,1.121150,-0.837430,0.632370,1.216587,-0.835028,0.630916,1.311957,-0.838380,0.616798,1.447366,-0.853485,0.587862,1.542128,-0.865988,0.636207,1.388754,-1.002481,0.699893,1.372838,-1.051136,0.703941,1.097488,-1.134989,0.616506,0.891567,-0.807949,0.609703,1.387422,-0.668091,0.558562,1.359812,-0.653202,0.575305,1.081073,-0.627338,0.603148,0.845124,-0.915422,0.690720,0.928352,-0.905740,0.752231,0.529683,-0.869244,0.852678,0.106716,-0.980597,0.728985,0.023780,-0.776648,0.613759,0.915935,-0.838470,0.439536,0.557196,-0.858030,0.386594,0.126544,-0.930706,0.227110,0.065490,-0.400049,-1.272459,-0.192271
-0.852993,0.632180,0.918175,-0.846381,0.627315,1.013981,-0.846318,0.613844,1.117689,-0.842484,0.611208,1.213092,-0.839430,0.609396,1.308436,-0.841811,0.594756,1.443807,-0.856510,0.565373,1.538495,-0.869903,0.614276,1.385450,-1.006641,0.677704,1.370682,-1.058177,0.679687,1.095845,-1.147490,0.585461,0.895204,-0.811834,0.587871,1.383610,-0.671866,0.537696,1.354810,-0.659291,0.556096,1.076059,-0.634636,0.586181,0.840262,-0.922266,0.670660,0.925547,-0.910674,0.739492,0.528104,-0.869705,0.851044,0.108465,-0.980895,0.728966,0.023239,-0.783631,0.593643,0.912032,-0.847404,0.423002,0.551962,-0.882653,0.327736,0.127816,-0.955502,0.162150,0.085343,-0.436434,-1.300292,-0.225575
-0.860207,0.611440,0.914287,-0.852828,0.606029,1.010004,-0.851846,0.592183,1.113656,-0.847157,0.589302,1.209013,-0.843224,0.587339,1.304321,-0.844301,0.572568,1.439695,-0.858494,0.542936,1.534384,-0.873068,0.592069,1.381628,-1.009932,0.655538,1.368304,-1.064802,0.655729,1.094104,-1.158663,0.554764,0.898922,-0.814953,0.565813,1.379219,-0.674917,0.516557,1.349190,-0.664705,0.536413,1.070444,-0.642115,0.568304,0.834677,-0.929470,0.649776,0.922432,-0.916454,0.724702,0.526089,-0.870429,0.849328,0.110704,-0.981816,0.729419,0.022894,-0.790841,0.573041,0.907369,-0.858995,0.407523,0.545822,-0.904506,0.276659,0.131622,-0.977953,0.107824,0.107211,-0.460035,-1.296894,-0.245695
-0.867636,0.590040,0.909988,-0.859308,0.584019,1.005594,-0.857209,0.569854,1.109190,-0.851498,0.566840,1.204490,-0.846525,0.564890,1.299752,-0.846069,0.550275,1.435150,-0.859700,0.520552,1.529894,-0.875628,0.569645,1.377396,-1.012528,0.633364,1.365705,-1.071027,0.631952,1.092253,-1.168708,0.524598,0.902513,-0.817460,0.543569,1.374380,-0.677372,0.495236,1.343121,-0.669584,0.516306,1.064387,-0.649710,0.549583,0.828565,-0.936913,0.628149,0.919063,-0.923274,0.707984,0.523720,-0.871569,0.847261,0.113535,-0.983044,0.730127,0.022593,-0.798241,0.551859,0.902138,-0.871819,0.392379,0.538948,-0.924076,0.232052,0.137010,-0.998148,0.062256,0.129640,-0.475038,-1.282790,-0.257405
-0.875338,0.567444,0.905829,-0.865936,0.561085,1.001313,-0.862603,0.546856,1.104867,-0.855770,0.543923,1.200093,-0.849667,0.542183,1.295292,-0.847543,0.527980,1.430714,-0.860544,0.498324,1.525565,-0.877887,0.547082,1.373269,-1.014763,0.611135,1.363218,-1.077238,0.608190,1.090668,-1.177444,0.495485,0.905280,-0.819654,0.521233,1.369638,-0.679487,0.473934,1.337187,-0.674054,0.495785,1.058456,-0.657231,0.529939,0.822525,-0.944575,0.605407,0.915816,-0.932159,0.688658,0.521164,-0.873741,0.843733,0.117730,-0.983906,0.730754,0.022060,-0.805969,0.529402,0.897065,-0.883506,0.374142,0.532761,-0.940920,0.195795,0.138915,-1.014078,0.025034,0.143199,-0.475620,-1.298124,-0.265796
-0.883570,0.543449,0.901825,-0.872977,0.537098,0.997189,-0.868284,0.523106,1.100721,-0.860212,0.520501,1.195858,-0.852861,0.519187,1.290971,-0.848882,0.505660,1.426413,-0.861162,0.476239,1.521432,-0.879956,0.524328,1.369293,-1.016725,0.588832,1.360940,-1.083929,0.584366,1.089576,-1.184861,0.467406,0.907128,-0.821637,0.498786,1.365021,-0.681316,0.452778,1.331422,-0.678142,0.474761,1.052665,-0.664667,0.509172,0.816562,-0.952676,0.581412,0.912671,-0.943014,0.666608,0.518210,-0.876342,0.839173,0.123543,-0.984050,0.731179,0.021148,-0.814321,0.505406,0.892200,-0.892505,0.351134,0.527553,-0.954116,0.170912,0.134385,-1.023043,-0.002203,0.143775,-0.456151,-1.375005,-0.281902
-0.892076,0.518258,0.897961,-0.880167,0.512187,0.993194,-0.873995,0.498686,1.096719,-0.864584,0.496625,1.191749,-0.855895,0.495933,1.286759,-0.849926,0.483339,1.422221,-0.861418,0.454309,1.517460,-0.881724,0.501435,1.365422,-1.018326,0.566474,1.358773,-1.090605,0.560556,1.088750,-1.190968,0.440379,0.908153,-0.823307,0.476247,1.360501,-0.682805,0.431640,1.325792,-0.681821,0.453322,1.046998,-0.672029,0.487483,0.810672,-0.960996,0.556303,0.909647,-0.955933,0.641951,0.515069,-0.879975,0.833152,0.130722,-0.983830,0.731521,0.020005,-0.823002,0.480137,0.887493,-0.900367,0.325032,0.523033,-0.964585,0.154381,0.126373,-1.027742,-0.021094,0.135482,-0.422262,-1.481324,-0.294690
-0.900144,0.491941,0.894737,-0.886820,0.486543,0.989813,-0.879157,0.473841,1.093335,-0.868431,0.472550,1.188238,-0.858462,0.472654,1.283126,-0.850629,0.461192,1.418598,-0.861313,0.432669,1.514084,-0.883154,0.478645,1.362037,-1.019641,0.544060,1.356752,-1.096160,0.536821,1.087888,-1.195615,0.414983,0.907956,-0.824655,0.453767,1.356547,-0.684039,0.410338,1.320791,-0.685135,0.431739,1.041975,-0.679155,0.465391,0.805449,-0.968855,0.530127,0.907176,-0.972219,0.614348,0.512543,-0.887061,0.823274,0.139279,-0.983630,0.731805,0.018801,-0.831267,0.453687,0.883516,-0.909370,0.297444,0.519750,-0.974646,0.139012,0.118676,-1.034259,-0.036969,0.121233,-0.385021,-1.560895,-0.276143
-0.907846,0.463763,0.892361,-0.892779,0.459644,0.987210,-0.883496,0.448226,1.090729,-0.871411,0.448063,1.185464,-0.860200,0.449242,1.280195,-0.850663,0.439230,1.415665,-0.860515,0.411404,1.511440,-0.883964,0.455949,1.359183,-1.020395,0.521564,1.354732,-1.100143,0.513236,1.086815,-1.198430,0.391546,0.906100,-0.825429,0.431257,1.353237,-0.684819,0.388599,1.316520,-0.687922,0.410130,1.037726,-0.686063,0.443053,0.801050,-0.976245,0.502263,0.905532,-0.993686,0.582778,0.510802,-0.899387,0.807857,0.149391,-0.983774,0.732031,0.016222,-0.839259,0.425211,0.880412,-0.921154,0.267927,0.517971,-0.985708,0.121355,0.112307,-1.046329,-0.051785,0.098024,-0.347184,-1.598662,-0.196595
-0.915111,0.434459,0.890625,-0.898203,0.432012,0.985221,-0.887286,0.422185,1.088741,-0.873866,0.423378,1.183286,-0.861472,0.425805,1.277844,-0.850356,0.417442,1.413301,-0.859356,0.390429,1.509392,-0.884437,0.433356,1.356816,-1.020862,0.499013,1.352857,-1.103006,0.489726,1.085705,-1.199784,0.369740,0.903022,-0.825880,0.408805,1.350492,-0.685344,0.366695,1.312878,-0.690345,0.388378,1.034121,-0.692734,0.420312,0.797318,-0.983173,0.473333,0.904441,-1.018521,0.548263,0.509677,-0.915166,0.788583,0.160883,-0.983940,0.732197,0.013582,-0.846835,0.395556,0.878039,-0.934079,0.236923,0.517429,-0.996363,0.104861,0.106252,-1.060216,-0.063585,0.068861,-0.305995,-1.609681,-0.085713
-0.921017,0.406309,0.889406,-0.902878,0.405400,0.983832,-0.890769,0.396989,1.087366,-0.876364,0.399384,1.181760,-0.863058,0.402907,1.276172,-0.850642,0.395967,1.411608,-0.858833,0.369625,1.507963,-0.885375,0.411129,1.355178,-1.021946,0.476492,1.351599,-1.105000,0.466123,1.084781,-1.200638,0.349150,0.899625,-0.826748,0.386831,1.348553,-0.686294,0.345262,1.310051,-0.692935,0.366400,1.031288,-0.698946,0.397227,0.794377,-0.988985,0.445246,0.903507,-1.042578,0.513538,0.509455,-0.931469,0.768099,0.173240,-0.983544,0.732324,0.014996,-0.852819,0.367361,0.876538,-0.945507,0.207364,0.517873,-1.004705,0.092703,0.101265,-1.070794,-0.071828,0.045664,-0.264259,-1.582938,-0.004486
-0.924822,0.380084,0.888512,-0.906507,0.380358,0.982922,-0.893916,0.372986,1.086490,-0.879064,0.376283,1.180796,-0.865224,0.380629,1.275104,-0.851842,0.374742,1.410506,-0.859298,0.348852,1.507045,-0.887034,0.389249,1.354300,-1.023918,0.453978,1.351018,-1.106145,0.442305,1.083975,-1.201559,0.329830,0.895986,-0.828263,0.365373,1.347445,-0.687960,0.324229,1.307933,-0.695870,0.343639,1.029085,-0.704621,0.373494,0.792112,-0.993115,0.418544,0.902319,-1.065211,0.479682,0.510246,-0.947418,0.747537,0.186881,-0.980440,0.734719,0.023556,-0.856296,0.341627,0.875931,-0.954859,0.179440,0.519850,-1.009682,0.087148,0.097798,-1.075491,-0.075247,0.033758,-0.222054,-1.494497,0.009256
-0.927268,0.355012,0.888135,-0.909388,0.356336,0.982612,-0.896756,0.349827,1.086227,-0.881808,0.353875,1.180484,-0.867705,0.358890,1.274715,-0.853635,0.353831,1.410075,-0.860399,0.328249,1.506746,-0.889159,0.367734,1.354151,-1.026505,0.431495,1.351054,-1.106422,0.418395,1.083353,-1.201979,0.311727,0.892028,-0.830194,0.344392,1.347143,-0.690050,0.303667,1.306631,-0.698971,0.320653,1.027655,-0.709837,0.349415,0.790637,-0.996128,0.392685,0.901290,-1.087067,0.445616,0.511941,-0.963891,0.725765,0.201386,-0.976775,0.737074,0.036171,-0.858182,0.317353,0.876198,-0.962713,0.152960,0.522814,-1.012346,0.085929,0.095400,-1.076878,-0.075109,0.027819,-0.179302,-1.368294,-0.006657
-0.929665,0.331054,0.888728,-0.912200,0.333439,0.983256,-0.899612,0.327730,1.086918,-0.884691,0.332441,1.181144,-0.870490,0.338005,1.275327,-0.855996,0.333561,1.410662,-0.862075,0.308113,1.507412,-0.891788,0.346901,1.354891,-1.029793,0.409196,1.351992,-1.106025,0.394593,1.083345,-1.201152,0.294267,0.888417,-0.832593,0.324185,1.347802,-0.692371,0.284427,1.306642,-0.702239,0.299031,1.027558,-0.714615,0.325961,0.790419,-0.999064,0.367962,0.901254,-1.105938,0.410842,0.514499,-0.980585,0.702039,0.214983,-0.978411,0.732486,0.047679,-0.860047,0.294174,0.877415,-0.968163,0.130287,0.524874,-1.013948,0.085417,0.093472,-1.077545,-0.074679,0.023798,-0.138571,-1.265126,0.000278
-0.932616,0.308072,0.890692,-0.915290,0.311692,0.985201,-0.902718,0.306818,1.088908,-0.887891,0.312143,1.183116,-0.873763,0.318133,1.277285,-0.859177,0.314035,1.412625,-0.864561,0.288487,1.509390,-0.895187,0.326861,1.356761,-1.034148,0.386964,1.354226,-1.104419,0.370791,1.084165,-1.198376,0.277418,0.885329,-0.835713,0.304875,1.349687,-0.695007,0.267018,1.308447,-0.705994,0.279423,1.029302,-0.718831,0.303316,0.791873,-1.002377,0.344478,0.902721,-1.120855,0.374702,0.518086,-0.997717,0.676089,0.227738,-0.987607,0.718990,0.056728,-0.862636,0.271709,0.879880,-0.970272,0.112683,0.525039,-1.014570,0.084634,0.091797,-1.078129,-0.074950,0.020795,-0.096232,-1.214312,0.062004
-0.935518,0.286205,0.893626,-0.918313,0.291068,0.988100,-0.905841,0.286968,1.091850,-0.891230,0.292820,1.186061,-0.877340,0.299116,1.280245,-0.862927,0.295150,1.415605,-0.867621,0.269326,1.512333,-0.899091,0.307502,1.359520,-1.039204,0.364916,1.357362,-1.102139,0.347098,1.085597,-1.194353,0.261213,0.882587,-0.839300,0.286339,1.352534,-0.697873,0.250932,1.311566,-0.709915,0.261178,1.032378,-0.722608,0.281296,0.794583,-1.005613,0.322130,0.905182,-1.132788,0.337854,0.522537,-1.015071,0.648184,0.239583,-1.002104,0.698551,0.064671,-0.865204,0.250338,0.883295,-0.969976,0.098885,0.524301,-1.014130,0.084557,0.090593,-1.077993,-0.074929,0.019710,-0.055914,-1.186534,0.146578
-0.937876,0.265832,0.896782,-0.920914,0.271594,0.991255,-0.908599,0.268031,1.095046,-0.894267,0.274268,1.189275,-0.880659,0.280793,1.283483,-0.866461,0.276920,1.418868,-0.870492,0.250792,1.515544,-0.902746,0.288803,1.362598,-1.043942,0.343556,1.360498,-1.100987,0.324047,1.087433,-1.190446,0.245172,0.880337,-0.842639,0.268503,1.355714,-0.700528,0.235502,1.315057,-0.713038,0.243939,1.035823,-0.726337,0.260306,0.797771,-1.008449,0.300893,0.907952,-1.142428,0.301773,0.527316,-1.031693,0.618385,0.248550,-1.020992,0.670161,0.070408,-0.867087,0.230839,0.886845,-0.969175,0.087464,0.523747,-1.013624,0.084493,0.089911,-1.077818,-0.074906,0.019195,-0.031079,-1.154630,0.210665
-0.939359,0.247383,0.899991,-0.922883,0.253471,0.994532,-0.910805,0.250090,1.098358,-0.896805,0.256522,1.192625,-0.883485,0.263208,1.286863,-0.869460,0.259468,1.422270,-0.872860,0.233048,1.518891,-0.905845,0.270897,1.365919,-1.047937,0.323282,1.363303,-1.101910,0.301820,1.089710,-1.187045,0.229214,0.878593,-0.845443,0.251442,1.359126,-0.702806,0.220460,1.318672,-0.714805,0.227545,1.039377,-0.730284,0.240430,0.801264,-1.010666,0.280985,0.910883,-1.149752,0.267054,0.532314,-1.046649,0.586945,0.253997,-1.045312,0.631970,0.073323,-0.867842,0.213854,0.890333,-0.968458,0.078444,0.523799,-1.013380,0.084239,0.089915,-1.077826,-0.074968,0.018996,-0.028764,-1.105112,0.235997
-0.940299,0.230429,0.903422,-0.924431,0.236496,0.998066,-0.912647,0.233063,1.101924,-0.899041,0.239548,1.196244,-0.886053,0.246317,1.290523,-0.872243,0.242670,1.425954,-0.875037,0.215930,1.522506,-0.908695,0.253652,1.369559,-1.051615,0.303696,1.366107,-1.103962,0.280235,1.092389,-1.183759,0.213420,0.877339,-0.848000,0.235083,1.362870,-0.704872,0.206075,1.322660,-0.715773,0.212157,1.043299,-0.734184,0.221585,0.805234,-1.012484,0.262189,0.914123,-1.154785,0.233101,0.537640,-1.060873,0.553611,0.256565,-1.074023,0.585827,0.074032,-0.867912,0.198741,0.893954,-0.967236,0.071801,0.524034,-1.013070,0.083998,0.090442,-1.077795,-0.075027,0.019367,-0.041930,-1.051469,0.240843
-0.941193,0.214058,0.906835,-0.925843,0.220082,1.001568,-0.914313,0.216548,1.105449,-0.901117,0.223036,1.199827,-0.888512,0.229829,1.294156,-0.874988,0.226172,1.429615,-0.877194,0.199108,1.526093,-0.911467,0.236652,1.373187,-1.055236,0.284106,1.368997,-1.106102,0.259278,1.095143,-1.180777,0.197548,0.876679,-0.850455,0.219127,1.366627,-0.706778,0.192487,1.326817,-0.716651,0.197892,1.047404,-0.737626,0.203933,0.809420,-1.014240,0.243835,0.917424,-1.158287,0.199604,0.543092,-1.076224,0.517687,0.256206,-1.103084,0.536273,0.073277,-0.867952,0.184353,0.897478,-0.965634,0.066025,0.524271,-1.012706,0.083682,0.091047,-1.077734,-0.075104,0.019716,-0.062926,-1.007012,0.236672
-0.942190,0.198105,0.910230,-0.927187,0.204157,1.005017,-0.915839,0.200519,1.108916,-0.903062,0.206971,1.203353,-0.890900,0.213712,1.297744,-0.877767,0.209889,1.433236,-0.879414,0.182487,1.529629,-0.914209,0.219806,1.376779,-1.058878,0.264435,1.372121,-1.108059,0.239085,1.097996,-1.178204,0.181679,0.876830,-0.852838,0.203512,1.370379,-0.708480,0.179753,1.331216,-0.717796,0.184858,1.051773,-0.740550,0.187535,0.813889,-1.016041,0.225822,0.920794,-1.160497,0.166106,0.548843,-1.093809,0.479029,0.252603,-1.131705,0.484996,0.070924,-0.868149,0.170462,0.900896,-0.963492,0.060819,0.524460,-1.012233,0.083238,0.091615,-1.077623,-0.075212,0.019871,-0.098346,-0.978846,0.223539
-0.943141,0.182735,0.913608,-0.928395,0.188791,1.008434,-0.917190,0.185002,1.112342,-0.904847,0.191369,1.206844,-0.893178,0.197998,1.301305,-0.880508,0.193905,1.436833,-0.881612,0.166162,1.533137,-0.916873,0.203207,1.380359,-1.062464,0.244761,1.375331,-1.110105,0.219521,1.100923,-1.175936,0.165732,0.877576,-0.855120,0.188302,1.374143,-0.710021,0.167817,1.335784,-0.718851,0.172947,1.056325,-0.743017,0.172331,0.818574,-1.017781,0.208250,0.924226,-1.161176,0.133063,0.554720,-1.112520,0.437781,0.246072,-1.160677,0.430308,0.067106,-0.868316,0.157296,0.904216,-0.960971,0.056481,0.524652,-1.011707,0.082720,0.092261,-1.077482,-0.075338,0.020004,-0.141595,-0.959865,0.201391
-0.944104,0.167536,0.916728,-0.929550,0.173608,1.011583,-0.918442,0.169680,1.115497,-0.906534,0.175965,1.210059,-0.895378,0.182482,1.304590,-0.883181,0.178118,1.440154,-0.883710,0.150084,1.536378,-0.919487,0.186715,1.383659,-1.066023,0.224618,1.378261,-1.112020,0.200166,1.103514,-1.173848,0.149220,0.878358,-0.857361,0.173388,1.377644,-0.711584,0.156660,1.340105,-0.719455,0.161948,1.060627,-0.744806,0.158302,0.823021,-1.019476,0.190749,0.927447,-1.160369,0.101531,0.559995,-1.130893,0.393682,0.237513,-1.188335,0.371676,0.062973,-0.868549,0.144400,0.907232,-0.958681,0.052395,0.524814,-1.011310,0.082203,0.092888,-1.077386,-0.075458,0.020041,-0.165238,-0.942066,0.181535
-0.945119,0.152360,0.919520,-0.930666,0.158503,1.014386,-0.919599,0.154489,1.118301,-0.908126,0.160732,1.212920,-0.897513,0.167172,1.307518,-0.885809,0.162581,1.443117,-0.885734,0.134321,1.539277,-0.922099,0.170347,1.386601,-1.069668,0.203845,1.380845,-1.113663,0.181064,1.105642,-1.171872,0.131948,0.879085,-0.859601,0.158824,1.380818,-0.713207,0.146419,1.344084,-0.719274,0.151726,1.064565,-0.745681,0.145511,0.827115,-1.021161,0.173156,0.930403,-1.158254,0.071802,0.564569,-1.149420,0.346656,0.226561,-1.215424,0.308282,0.058542,-0.868895,0.131643,0.909854,-0.956792,0.048405,0.524912,-1.011086,0.081706,0.093439,-1.077371,-0.075566,0.019944,-0.151761,-0.922620,0.170882
-0.946146,0.137354,0.922054,-0.931729,0.143579,1.016920,-0.920659,0.139491,1.120832,-0.909621,0.145698,1.215505,-0.899571,0.152061,1.310170,-0.888368,0.147241,1.445804,-0.887657,0.118806,1.541910,-0.924661,0.154086,1.389263,-1.073287,0.182604,1.383150,-1.115175,0.162171,1.107434,-1.170075,0.114111,0.879849,-0.861799,0.144555,1.383731,-0.714853,0.136957,1.347816,-0.718642,0.142418,1.068253,-0.745878,0.133895,0.830971,-1.022801,0.155634,0.933150,-1.154653,0.043585,0.568542,-1.167608,0.296779,0.213581,-1.241198,0.240944,0.053796,-0.869307,0.119155,0.912172,-0.955134,0.044666,0.524981,-1.010992,0.081211,0.093971,-1.077401,-0.075670,0.019751,-0.118677,-0.904355,0.162522
-0.947116,0.122547,0.924311,-0.932777,0.128772,1.019189,-0.921694,0.124555,1.123094,-0.911073,0.130674,1.217820,-0.901548,0.136921,1.312548,-0.890751,0.131838,1.448206,-0.889319,0.103285,1.544268,-0.927055,0.137746,1.391611,-1.076581,0.160913,1.385016,-1.116752,0.142931,1.108865,-1.168538,0.095809,0.880370,-0.863893,0.130312,1.386303,-0.716592,0.127846,1.351162,-0.718202,0.134224,1.071601,-0.745879,0.123245,0.834480,-1.024306,0.138307,0.935582,-1.149074,0.017058,0.571486,-1.182513,0.244014,0.200556,-1.261754,0.171583,0.049824,-0.869740,0.106868,0.914252,-0.953798,0.041041,0.525099,-1.011075,0.080742,0.094554,-1.077434,-0.075763,0.019505,-0.091094,-0.887746,0.147038
-0.948108,0.107916,0.926334,-0.933929,0.113984,1.021246,-0.922835,0.109542,1.125140,-0.912601,0.115500,1.219919,-0.903541,0.121581,1.314703,-0.893002,0.116206,1.450371,-0.890723,0.087617,1.546404,-0.929342,0.121177,1.393670,-1.079585,0.138581,1.386410,-1.118565,0.123197,1.109937,-1.167318,0.076985,0.880587,-0.865954,0.115946,1.388534,-0.718536,0.118974,1.354049,-0.718121,0.127289,1.074536,-0.745647,0.113506,0.837549,-1.025749,0.121194,0.937715,-1.140927,-0.007372,0.572998,-1.193610,0.187200,0.187259,-1.277058,0.099812,0.046552,-0.870283,0.094714,0.916165,-0.952909,0.037623,0.525342,-1.011400,0.080301,0.095238,-1.077495,-0.075852,0.019187,-0.080110,-0.873294,0.116837
-0.949043,0.093483,0.928080,-0.935065,0.099312,1.023036,-0.923952,0.094590,1.126916,-0.914087,0.100337,1.221748,-0.905453,0.106212,1.316585,-0.895077,0.100511,1.452251,-0.891866,0.071944,1.548266,-0.931462,0.104528,1.395416,-1.082264,0.115799,1.387365,-1.120443,0.103115,1.110648,-1.166357,0.057696,0.880561,-0.867911,0.101605,1.390426,-0.720573,0.110453,1.356550,-0.718231,0.121469,1.077131,-0.745219,0.104733,0.840271,-1.027058,0.104276,0.939535,-1.130801,-0.030111,0.573481,-1.201423,0.127499,0.173918,-1.287144,0.026018,0.044055,-0.870847,0.082762,0.917841,-0.952342,0.034318,0.525634,-1.011902,0.079886,0.095974,-1.077559,-0.075931,0.018816,-0.074627,-0.860499,0.079512
-0.949614,0.079348,0.929400,-0.935863,0.084975,1.024402,-0.924727,0.079974,1.128266,-0.915222,0.085478,1.223149,-0.906995,0.091095,1.318037,-0.896736,0.084990,1.453695,-0.892574,0.056443,1.549679,-0.933112,0.088055,1.396741,-1.084219,0.093164,1.387821,-1.122078,0.082574,1.110963,-1.165558,0.038215,0.880196,-0.869482,0.087463,1.391899,-0.722439,0.102186,1.358754,-0.718668,0.116542,1.079510,-0.745184,0.096877,0.842819,-1.027930,0.087613,0.940887,-1.119967,-0.052209,0.573719,-1.204578,0.068354,0.163204,-1.288218,-0.046711,0.043647,-0.871122,0.071150,0.919131,-0.951820,0.030697,0.525827,-1.012438,0.079519,0.096684,-1.077513,-0.075980,0.018486,-0.066456,-0.848335,0.048431
-0.949766,0.065598,0.930185,-0.936257,0.071121,1.025227,-0.925092,0.065863,1.129076,-0.915938,0.071094,1.224009,-0.908101,0.076382,1.318949,-0.897922,0.069752,1.454587,-0.892799,0.041194,1.550521,-0.934196,0.071873,1.397557,-1.085310,0.070845,1.387651,-1.123574,0.061520,1.110796,-1.165050,0.018697,0.879369,-0.870578,0.073620,1.392870,-0.724030,0.094190,1.360676,-0.719535,0.112731,1.081713,-0.745858,0.090037,0.845280,-1.028311,0.071258,0.941662,-1.108240,-0.073967,0.573848,-1.202496,0.009940,0.156385,-1.278324,-0.119180,0.046734,-0.871050,0.060004,0.919926,-0.951424,0.026663,0.525869,-1.013053,0.079281,0.097323,-1.077258,-0.075992,0.018260,-0.054548,-0.835168,0.029435
-0.949555,0.052146,0.930543,-0.936313,0.057602,1.025628,-0.925115,0.052089,1.129460,-0.916304,0.057015,1.224441,-0.908836,0.061921,1.319431,-0.898693,0.054689,1.455042,-0.892591,0.026117,1.550914,-0.934811,0.055867,1.397954,-1.085677,0.048674,1.386982,-1.124828,0.040006,1.110233,-1.164705,-0.001013,0.878202,-0.871288,0.059976,1.393423,-0.725449,0.086448,1.362300,-0.720730,0.109813,1.083700,-0.746925,0.084113,0.847566,-1.028255,0.055158,0.941970,-1.095805,-0.095083,0.573732,-1.195756,-0.047918,0.152194,-1.259418,-0.190584,0.051910,-0.870690,0.049200,0.920337,-0.951073,0.022314,0.525811,-1.013703,0.079091,0.097936,-1.076892,-0.075973,0.018075,-0.039952,-0.822632,0.016683
-0.948844,0.038821,0.930657,-0.935899,0.044193,1.025787,-0.924683,0.038421,1.129603,-0.916216,0.043028,1.224631,-0.909111,0.047541,1.319669,-0.898984,0.039709,1.455248,-0.891919,0.011144,1.551056,-0.934939,0.039944,1.398094,-1.085342,0.026744,1.386139,-1.125216,0.018075,1.109497,-1.164037,-0.021098,0.876966,-0.871599,0.046408,1.393738,-0.726742,0.078813,1.363664,-0.722084,0.106896,1.085482,-0.748025,0.078759,0.849586,-1.027620,0.039215,0.941989,-1.084486,-0.115705,0.573750,-1.184721,-0.102286,0.149497,-1.233576,-0.255426,0.056272,-0.869908,0.038495,0.920545,-0.950246,0.017516,0.525654,-1.014115,0.078729,0.098580,-1.076596,-0.075930,0.017836,-0.017626,-0.814612,0.006011
-0.947547,0.025725,0.930533,-0.934922,0.030949,1.025714,-0.923701,0.024882,1.129513,-0.915579,0.029134,1.224588,-0.908831,0.033224,1.319670,-0.898708,0.024778,1.455211,-0.890703,-0.003771,1.550951,-0.934517,0.024076,1.397981,-1.084249,0.005132,1.385183,-1.124592,-0.004466,1.108641,-1.163040,-0.041705,0.875730,-0.871449,0.032886,1.393828,-0.727889,0.071322,1.364743,-0.723490,0.103973,1.087068,-0.749030,0.073950,0.851348,-1.026319,0.023566,0.941731,-1.075445,-0.136105,0.574309,-1.168366,-0.152617,0.148375,-1.198879,-0.312067,0.058913,-0.868620,0.027951,0.920556,-0.948703,0.012143,0.525350,-1.014137,0.078119,0.099232,-1.076444,-0.075836,0.017478,0.017954,-0.812455,-0.003212
-0.945751,0.012757,0.930164,-0.933475,0.017814,1.025401,-0.922263,0.011450,1.129182,-0.914490,0.015332,1.224302,-0.908091,0.018988,1.319426,-0.897952,0.009932,1.454926,-0.889023,-0.018582,1.550595,-0.933610,0.008291,1.397613,-1.082454,-0.016239,1.384053,-1.123101,-0.027424,1.107612,-1.161720,-0.062688,0.874425,-0.870899,0.019441,1.393679,-0.728910,0.063938,1.365560,-0.725055,0.101050,1.088448,-0.750069,0.069710,0.852843,-1.024438,0.008074,0.941183,-1.067520,-0.156011,0.575001,-1.147714,-0.199459,0.148748,-1.157247,-0.362146,0.060740,-0.866911,0.017507,0.920366,-0.946684,0.006321,0.524946,-1.013922,0.077338,0.099914,-1.076363,-0.075718,0.017067,0.061263,-0.814813,-0.010354
-0.943570,-0.000550,0.929704,-0.931713,0.004399,1.024998,-0.920546,-0.002174,1.128772,-0.913136,0.001415,1.223933,-0.907089,0.004716,1.319093,-0.896919,-0.004809,1.454560,-0.887096,-0.033226,1.550170,-0.932391,-0.007428,1.397146,-1.080139,-0.037504,1.382883,-1.120563,-0.050175,1.106471,-1.159613,-0.083791,0.873109,-0.870126,0.006046,1.393428,-0.729903,0.056399,1.366222,-0.726929,0.097253,1.089608,-0.751163,0.065769,0.853955,-1.022094,-0.007776,0.940481,-1.059057,-0.174750,0.574984,-1.126201,-0.241526,0.149249,-1.116518,-0.405080,0.061578,-0.864897,0.006741,0.920147,-0.944388,0.000287,0.524581,-1.013651,0.076390,0.100754,-1.076307,-0.075659,0.016705,0.100779,-0.821527,-0.017683
-0.941087,-0.014347,0.929284,-0.929708,-0.009394,1.024638,-0.918607,-0.016047,1.128414,-0.911563,-0.012647,1.223610,-0.905850,-0.009594,1.318801,-0.895610,-0.019418,1.454242,-0.884919,-0.047684,1.549804,-0.930880,-0.023058,1.396703,-1.077318,-0.058696,1.381773,-1.116681,-0.072515,1.105267,-1.156539,-0.104972,0.871876,-0.869143,-0.007283,1.393188,-0.730845,0.048595,1.366831,-0.729317,0.092205,1.090615,-0.752278,0.062152,0.854655,-1.019383,-0.024107,0.939770,-1.049741,-0.191915,0.574004,-1.104485,-0.278264,0.149840,-1.078035,-0.439619,0.061544,-0.862647,-0.004520,0.920021,-0.941942,-0.005575,0.524385,-1.013426,0.075279,0.101785,-1.076272,-0.075708,0.016405,0.129671,-0.833328,-0.024406
-0.938220,-0.028482,0.928773,-0.927389,-0.023468,1.024188,-0.916389,-0.030111,1.127976,-0.909727,-0.026824,1.223204,-0.904347,-0.023939,1.318419,-0.894025,-0.033920,1.453843,-0.882494,-0.061976,1.549369,-0.929059,-0.038622,1.396161,-1.073977,-0.079782,1.380624,-1.111751,-0.094649,1.103950,-1.152678,-0.126273,0.870632,-0.867935,-0.020561,1.392847,-0.731759,0.040637,1.367283,-0.732013,0.086283,1.091403,-0.753449,0.058833,0.854972,-1.016208,-0.040796,0.938905,-1.039886,-0.207914,0.572315,-1.081907,-0.310228,0.150559,-1.040454,-0.467014,0.060521,-0.860093,-0.016102,0.919867,-0.939219,-0.011650,0.524228,-1.013145,0.074002,0.102974,-1.076263,-0.075818,0.016155,0.154770,-0.849485,-0.031316
-0.934836,-0.042977,0.927925,-0.924695,-0.037920,1.023412,-0.913888,-0.044490,1.127224,-0.907686,-0.041245,1.222483,-0.902700,-0.038428,1.317721,-0.892358,-0.048371,1.453145,-0.880034,-0.076101,1.548667,-0.927042,-0.054210,1.395314,-1.070258,-0.100795,1.379273,-1.106474,-0.116562,1.102436,-1.148111,-0.147565,0.869158,-0.866634,-0.033858,1.392202,-0.732820,0.032602,1.367381,-0.734548,0.079737,1.091754,-0.754799,0.055466,0.854875,-1.012398,-0.057981,0.937590,-1.028785,-0.223295,0.569840,-1.059924,-0.337795,0.150151,-1.007589,-0.490427,0.057988,-0.857146,-0.027908,0.919490,-0.936035,-0.018855,0.523857,-1.012690,0.072561,0.104351,-1.076254,-0.075927,0.016025,0.185043,-0.867643,-0.043062
-0.930936,-0.057901,0.926722,-0.921724,-0.052868,1.022299,-0.911245,-0.059310,1.126152,-0.905600,-0.056029,1.221445,-0.901065,-0.053154,1.316704,-0.890739,-0.062805,1.452151,-0.877657,-0.090087,1.547701,-0.924922,-0.069894,1.394152,-1.066319,-0.121707,1.377812,-1.101118,-0.138190,1.100834,-1.142946,-0.168888,0.867544,-0.865332,-0.047235,1.391227,-0.734109,0.024452,1.367076,-0.736700,0.072469,1.091598,-0.756353,0.051969,0.854333,-1.007948,-0.075814,0.935719,-1.015287,-0.237873,0.566368,-1.037922,-0.361219,0.148340,-0.980061,-0.510614,0.053314,-0.853810,-0.039925,0.918957,-0.932566,-0.027436,0.523374,-1.012110,0.070978,0.105987,-1.076247,-0.075984,0.016035,0.231319,-0.891337,-0.063102
-0.926519,-0.073185,0.925181,-0.918379,-0.068195,1.020859,-0.908320,-0.074444,1.124766,-0.903309,-0.071057,1.220091,-0.899285,-0.068025,1.315370,-0.889039,-0.077186,1.450858,-0.875245,-0.103906,1.546468,-0.922607,-0.085601,1.392686,-1.062003,-0.142546,1.376148,-1.095416,-0.159598,1.099035,-1.137076,-0.190201,0.865700,-0.863937,-0.060630,1.389949,-0.735544,0.016224,1.366415,-0.738691,0.064577,1.091005,-0.758087,0.048422,0.853377,-1.002862,-0.094144,0.933398,-1.000543,-0.251833,0.562110,-1.016516,-0.380248,0.145403,-0.957248,-0.526820,0.047130,-0.850083,-0.052165,0.918202,-0.928634,-0.037147,0.522676,-1.011356,0.069230,0.107812,-1.076240,-0.076041,0.016165,0.282769,-0.917034,-0.087978
-0.921458,-0.088638,0.923120,-0.914302,-0.083647,1.018880,-0.904692,-0.089636,1.122845,-0.900390,-0.086099,1.218199,-0.897002,-0.082868,1.313493,-0.887071,-0.091463,1.449040,-0.872664,-0.117476,1.544753,-0.919940,-0.101204,1.390738,-1.056983,-0.163422,1.373847,-1.089264,-0.180971,1.096629,-1.130257,-0.211252,0.863141,-0.862294,-0.073933,1.388251,-0.737054,0.008105,1.365346,-0.740725,0.056606,1.089971,-0.760060,0.044724,0.852070,-0.996979,-0.112655,0.930641,-0.987291,-0.266282,0.557620,-0.999003,-0.394494,0.140911,-0.941098,-0.539947,0.040810,-0.845859,-0.064564,0.916837,-0.923523,-0.048167,0.521205,-1.010158,0.067258,0.109645,-1.076206,-0.076196,0.016421,0.315870,-0.931773,-0.111958
-0.915413,-0.104605,0.920144,-0.909083,-0.099557,1.015960,-0.899969,-0.105172,1.119988,-0.896508,-0.101391,1.215364,-0.893975,-0.097863,1.310670,-0.884771,-0.105722,1.446306,-0.869933,-0.130822,1.542196,-0.916858,-0.116775,1.387983,-1.051129,-0.184554,1.370456,-1.082718,-0.202458,1.093180,-1.122380,-0.232137,0.859388,-0.860338,-0.087221,1.385845,-0.738630,0.000109,1.363625,-0.742671,0.048664,1.088261,-0.762141,0.040938,0.850209,-0.989948,-0.131663,0.927103,-0.976700,-0.282254,0.552846,-0.987001,-0.403193,0.133966,-0.934284,-0.550142,0.034135,-0.840806,-0.077497,0.914414,-0.917295,-0.060926,0.518509,-1.008414,0.065173,0.111140,-1.076211,-0.076255,0.016578,0.314559,-0.930569,-0.137874
-0.908725,-0.120742,0.916646,-0.903134,-0.115592,1.012502,-0.894543,-0.120767,1.116598,-0.891997,-0.116698,1.211990,-0.890446,-0.112830,1.307304,-0.882203,-0.119877,1.443048,-0.867033,-0.143920,1.539157,-0.913425,-0.132243,1.384747,-1.044572,-0.205724,1.366427,-1.075722,-0.223910,1.089124,-1.113555,-0.252760,0.854920,-0.858135,-0.100417,1.383019,-0.740281,-0.007780,1.361496,-0.744660,0.040644,1.086110,-0.764460,0.037001,0.847997,-0.982121,-0.150852,0.923129,-0.967600,-0.298715,0.547838,-0.978892,-0.407111,0.125466,-0.934133,-0.557258,0.027323,-0.835258,-0.090588,0.911381,-0.909887,-0.074994,0.515040,-1.006228,0.062863,0.112645,-1.076187,-0.076412,0.016861,0.294899,-0.918409,-0.162894
-0.902289,-0.135829,0.913625,-0.897334,-0.130509,1.009507,-0.889168,-0.135299,1.113657,-0.887446,-0.131075,1.209064,-0.886784,-0.127064,1.304387,-0.879373,-0.133615,1.440209,-0.863772,-0.156611,1.536506,-0.909669,-0.147258,1.381834,-1.037379,-0.226377,1.362678,-1.067999,-0.245070,1.085356,-1.103870,-0.272574,0.850690,-0.855732,-0.113179,1.380531,-0.741956,-0.015420,1.359630,-0.747286,0.032768,1.084228,-0.767468,0.032614,0.846099,-0.974395,-0.168964,0.919765,-0.959218,-0.313666,0.543311,-0.973120,-0.408154,0.117689,-0.934575,-0.561760,0.022405,-0.830115,-0.102651,0.908695,-0.900385,-0.089256,0.511591,-1.003642,0.059936,0.115016,-1.075908,-0.077343,0.017948,0.281550,-0.897296,-0.172794
-0.896522,-0.149276,0.911329,-0.892066,-0.143673,1.007219,-0.884164,-0.148172,1.111404,-0.883105,-0.143993,1.206825,-0.883158,-0.140133,1.302158,-0.876321,-0.146688,1.438013,-0.860115,-0.168709,1.534437,-0.905621,-0.161598,1.379390,-1.029617,-0.246231,1.359409,-1.059681,-0.265807,1.082083,-1.093384,-0.291345,0.846884,-0.853148,-0.125289,1.378507,-0.743570,-0.022721,1.358055,-0.750851,0.025074,1.082637,-0.771395,0.027737,0.844543,-0.967184,-0.185399,0.917316,-0.951474,-0.326098,0.539396,-0.969762,-0.405608,0.111140,-0.933739,-0.562875,0.020661,-0.825798,-0.113098,0.906553,-0.888088,-0.103761,0.508107,-1.000370,0.056356,0.118381,-1.075469,-0.079392,0.020274,0.286023,-0.871190,-0.163539
-0.891007,-0.161674,0.909508,-0.886948,-0.155717,1.005395,-0.879212,-0.159984,1.109601,-0.878724,-0.155981,1.205033,-0.879398,-0.152468,1.300377,-0.873008,-0.159345,1.436237,-0.856096,-0.180402,1.532757,-0.901252,-0.175487,1.377269,-1.021220,-0.265570,1.356419,-1.050635,-0.286251,1.079098,-1.082037,-0.309307,0.843316,-0.850364,-0.136964,1.376820,-0.745208,-0.029775,1.356743,-0.755053,0.017526,1.081315,-0.776011,0.022411,0.843302,-0.960074,-0.200757,0.915476,-0.944448,-0.337019,0.535961,-0.968740,-0.400188,0.105312,-0.933496,-0.561376,0.020810,-0.821886,-0.122516,0.904759,-0.873696,-0.118461,0.504643,-0.996699,0.052158,0.122613,-1.074773,-0.082215,0.023405,0.296807,-0.836132,-0.139164
-0.885391,-0.173571,0.908414,-0.881713,-0.167304,1.004296,-0.874104,-0.171408,1.108518,-0.874134,-0.167692,1.203962,-0.875366,-0.164655,1.299315,-0.869317,-0.172023,1.435163,-0.851628,-0.192094,1.531752,-0.896500,-0.189241,1.375832,-1.012053,-0.284687,1.354025,-1.040186,-0.306533,1.076668,-1.069744,-0.326626,0.840376,-0.847368,-0.148514,1.375849,-0.747078,-0.036720,1.356281,-0.759580,0.010236,1.080896,-0.781073,0.016455,0.842963,-0.952718,-0.215576,0.914375,-0.937610,-0.347462,0.533314,-0.968261,-0.395946,0.100967,-0.933386,-0.560035,0.021041,-0.818019,-0.131479,0.903679,-0.858396,-0.132103,0.502171,-0.993537,0.047062,0.128194,-1.073300,-0.085458,0.026710,0.304026,-0.782250,-0.097546
-0.879581,-0.185422,0.908184,-0.876307,-0.178879,1.004062,-0.868801,-0.182888,1.108295,-0.869312,-0.179568,1.203753,-0.871044,-0.177141,1.299115,-0.865221,-0.185171,1.434934,-0.846650,-0.204175,1.531568,-0.891371,-0.203241,1.375232,-1.002052,-0.304014,1.352317,-1.028244,-0.327135,1.074861,-1.056395,-0.343296,0.838125,-0.844202,-0.160277,1.375755,-0.749383,-0.043747,1.356888,-0.764402,0.003162,1.081617,-0.786551,0.009692,0.843740,-0.944974,-0.230358,0.914133,-0.930706,-0.358242,0.531676,-0.967945,-0.394520,0.098624,-0.933311,-0.559808,0.020733,-0.814147,-0.140396,0.903466,-0.842303,-0.143991,0.500979,-0.991655,0.041060,0.135518,-1.070947,-0.088798,0.029744,0.300921,-0.693638,-0.024839
-0.873671,-0.196774,0.908680,-0.870784,-0.189996,1.004554,-0.863342,-0.193980,1.108793,-0.864283,-0.191165,1.204264,-0.866450,-0.189478,1.299634,-0.860749,-0.198339,1.435406,-0.841224,-0.216255,1.532060,-0.885860,-0.217107,1.375317,-0.991282,-0.323119,1.351205,-1.014898,-0.347575,1.073609,-1.042099,-0.359322,0.836502,-0.840824,-0.171913,1.376377,-0.751920,-0.050665,1.358345,-0.769549,-0.003654,1.083242,-0.792476,0.002301,0.845420,-0.936982,-0.244600,0.914629,-0.923990,-0.368544,0.530826,-0.968170,-0.394273,0.097763,-0.933368,-0.559739,0.020506,-0.810320,-0.148857,0.903968,-0.825301,-0.154821,0.500778,-0.990283,0.034159,0.144190,-1.067817,-0.092558,0.032952,0.294252,-0.586203,0.065111
-0.867589,-0.206815,0.909741,-0.865041,-0.199969,1.005620,-0.857631,-0.204034,1.109857,-0.858950,-0.201802,1.205339,-0.861499,-0.200905,1.300710,-0.855864,-0.210618,1.436428,-0.835441,-0.227580,1.533074,-0.879892,-0.230023,1.375994,-0.979806,-0.341010,1.350731,-0.999741,-0.366541,1.072974,-1.027092,-0.374887,0.835709,-0.837092,-0.182710,1.377601,-0.754281,-0.057047,1.360583,-0.774801,-0.009970,1.085699,-0.798689,-0.005365,0.847958,-0.928814,-0.257330,0.915627,-0.917698,-0.376959,0.530419,-0.968278,-0.394349,0.097588,-0.933389,-0.559742,0.020402,-0.806326,-0.156212,0.905096,-0.808232,-0.165431,0.501672,-0.988011,0.026094,0.153511,-1.063689,-0.097348,0.037044,0.294426,-0.497790,0.132882
-0.861207,-0.215113,0.911436,-0.858938,-0.208416,1.007333,-0.851560,-0.212716,1.111563,-0.853235,-0.211174,1.207050,-0.856151,-0.211144,1.302413,-0.850602,-0.221765,1.438065,-0.829391,-0.238002,1.534670,-0.873455,-0.241736,1.377341,-0.967578,-0.357401,1.350955,-0.982071,-0.383581,1.072982,-1.011503,-0.389775,0.835889,-0.832981,-0.192441,1.379545,-0.756411,-0.062729,1.363903,-0.780289,-0.015642,1.089303,-0.805356,-0.013491,0.851672,-0.920437,-0.268002,0.917173,-0.911926,-0.382798,0.530437,-0.968044,-0.394538,0.098011,-0.933315,-0.559805,0.020480,-0.801939,-0.162140,0.906938,-0.791224,-0.176571,0.503844,-0.984378,0.016555,0.163788,-1.060087,-0.103059,0.042924,0.308089,-0.447553,0.159456
-0.854653,-0.222101,0.913695,-0.852616,-0.215720,1.009619,-0.845237,-0.220361,1.113835,-0.847216,-0.219585,1.209326,-0.850448,-0.220472,1.304674,-0.844928,-0.232023,1.440251,-0.822984,-0.247668,1.536788,-0.866561,-0.252499,1.379280,-0.954644,-0.372578,1.351817,-0.962588,-0.399148,1.073608,-0.995203,-0.404201,0.836899,-0.828516,-0.201332,1.382091,-0.758365,-0.067875,1.368005,-0.785882,-0.020815,1.093739,-0.812311,-0.021890,0.856246,-0.911884,-0.277162,0.919221,-0.906578,-0.386750,0.530897,-0.967691,-0.395050,0.099121,-0.933205,-0.559939,0.020681,-0.797386,-0.166961,0.909406,-0.774149,-0.187492,0.507110,-0.979845,0.005851,0.174713,-1.055488,-0.109799,0.049688,0.328595,-0.416338,0.163852
-0.848245,-0.228268,0.916150,-0.846385,-0.222345,1.012106,-0.838891,-0.227321,1.116298,-0.841035,-0.227266,1.211791,-0.844420,-0.228964,1.307125,-0.838707,-0.241213,1.442634,-0.816040,-0.256266,1.539096,-0.859173,-0.262260,1.381484,-0.941200,-0.386401,1.353184,-0.942989,-0.413284,1.074843,-0.978051,-0.418993,0.838512,-0.823634,-0.209342,1.384772,-0.759899,-0.072549,1.371913,-0.790978,-0.025680,1.097988,-0.818903,-0.029647,0.860677,-0.903320,-0.285479,0.921390,-0.901604,-0.389470,0.531503,-0.967232,-0.395658,0.100383,-0.933069,-0.560094,0.020863,-0.793134,-0.170983,0.912146,-0.757467,-0.196781,0.511025,-0.974384,-0.005349,0.184656,-1.045102,-0.118505,0.055332,0.346417,-0.384525,0.163709
-0.842175,-0.233644,0.918780,-0.840451,-0.228373,1.014774,-0.832685,-0.233668,1.118930,-0.834805,-0.234259,1.214421,-0.838117,-0.236609,1.309746,-0.831878,-0.249208,1.445201,-0.808475,-0.263653,1.541581,-0.851264,-0.270971,1.383961,-0.927206,-0.398797,1.355108,-0.923670,-0.425853,1.076793,-0.960150,-0.434904,0.840806,-0.818339,-0.216416,1.387527,-0.760952,-0.076762,1.375333,-0.795410,-0.030089,1.101775,-0.824960,-0.036356,0.864709,-0.894852,-0.293082,0.923617,-0.897070,-0.390738,0.532133,-0.966617,-0.396217,0.101592,-0.932805,-0.560241,0.020995,-0.789465,-0.174138,0.915179,-0.741411,-0.203989,0.515628,-0.968299,-0.016595,0.193549,-1.026245,-0.130561,0.059510,0.357279,-0.344331,0.163768
-0.836250,-0.238199,0.921606,-0.834609,-0.233721,1.017642,-0.826456,-0.239331,1.121753,-0.828413,-0.240523,1.217241,-0.831491,-0.243419,1.312558,-0.824503,-0.256135,1.447965,-0.800372,-0.269971,1.544256,-0.842861,-0.278680,1.386702,-0.912701,-0.409839,1.357536,-0.904234,-0.436990,1.079352,-0.941397,-0.451180,0.843703,-0.812627,-0.222609,1.390417,-0.761584,-0.080503,1.378560,-0.799344,-0.034191,1.105375,-0.830653,-0.042423,0.868600,-0.886372,-0.299843,0.925965,-0.892910,-0.390774,0.532909,-0.965894,-0.396873,0.102954,-0.932516,-0.560408,0.021107,-0.786097,-0.176494,0.918483,-0.725749,-0.209567,0.520879,-0.961286,-0.028337,0.201459,-1.001602,-0.144584,0.062568,0.365457,-0.303539,0.159288
-0.830211,-0.242330,0.924329,-0.828558,-0.238608,1.020399,-0.819949,-0.244453,1.124460,-0.821661,-0.246161,1.219946,-0.824429,-0.249504,1.315256,-0.816626,-0.262190,1.450621,-0.791798,-0.275330,1.546830,-0.834008,-0.285472,1.389356,-0.898005,-0.419607,1.360174,-0.885186,-0.447145,1.082186,-0.921337,-0.466389,0.846737,-0.806426,-0.228047,1.393155,-0.761740,-0.083807,1.381505,-0.802672,-0.038628,1.108596,-0.835843,-0.048152,0.872121,-0.877731,-0.306045,0.928246,-0.888883,-0.390896,0.533901,-0.965227,-0.397832,0.104553,-0.932518,-0.560632,0.021150,-0.782661,-0.178563,0.921649,-0.710233,-0.213449,0.526213,-0.952408,-0.041268,0.206961,-0.974434,-0.157354,0.063544,0.374252,-0.265878,0.153679
-0.824029,-0.246123,0.926923,-0.822214,-0.243086,1.023014,-0.813063,-0.249071,1.127020,-0.814447,-0.251197,1.222503,-0.816845,-0.254880,1.317811,-0.808208,-0.267390,1.453141,-0.782718,-0.279710,1.549285,-0.824661,-0.291322,1.391876,-0.883236,-0.428037,1.363126,-0.866766,-0.456447,1.085406,-0.899641,-0.480290,0.849926,-0.799667,-0.232725,1.395704,-0.761466,-0.086641,1.384179,-0.805395,-0.043672,1.111380,-0.840428,-0.053528,0.875177,-0.868940,-0.311727,0.930467,-0.885162,-0.391452,0.535232,-0.964707,-0.399232,0.106470,-0.933103,-0.560972,0.021085,-0.779086,-0.180474,0.924617,-0.694461,-0.215287,0.531642,-0.941608,-0.056089,0.209578,-0.945609,-0.167535,0.061478,0.384262,-0.232658,0.149510
-0.817731,-0.249493,0.929415,-0.815662,-0.247102,1.025518,-0.805899,-0.253149,1.129464,-0.806874,-0.255607,1.224944,-0.808825,-0.259533,1.320253,-0.799290,-0.271717,1.455553,-0.773167,-0.283131,1.551640,-0.814863,-0.296256,1.394308,-0.868276,-0.435192,1.366288,-0.848733,-0.464766,1.088900,-0.876639,-0.493122,0.853252,-0.792419,-0.236649,1.398100,-0.760716,-0.089037,1.386570,-0.807512,-0.049051,1.113785,-0.844510,-0.058567,0.877863,-0.859986,-0.316852,0.932621,-0.881574,-0.392095,0.536780,-0.964241,-0.400935,0.108623,-0.933978,-0.561367,0.020951,-0.775442,-0.182099,0.927446,-0.678837,-0.215429,0.537153,-0.928943,-0.072098,0.209786,-0.914259,-0.176464,0.057330,0.394888,-0.202570,0.144211
-0.811144,-0.252584,0.931578,-0.808860,-0.250713,1.027689,-0.798503,-0.256722,1.131581,-0.799050,-0.259430,1.227057,-0.800519,-0.263526,1.322368,-0.790044,-0.275314,1.457633,-0.763312,-0.285770,1.553661,-0.804793,-0.300440,1.396440,-0.853085,-0.441348,1.369054,-0.830867,-0.472162,1.092005,-0.852862,-0.504175,0.856199,-0.784809,-0.239956,1.400169,-0.759291,-0.091123,1.388559,-0.808910,-0.054599,1.115794,-0.848250,-0.063613,0.880243,-0.850681,-0.321584,0.934493,-0.877358,-0.393097,0.538252,-0.963713,-0.402740,0.110855,-0.934589,-0.561671,0.020805,-0.771570,-0.183557,0.929900,-0.664328,-0.214858,0.542148,-0.913649,-0.087877,0.207588,-0.881045,-0.184929,0.053015,0.407632,-0.175417,0.133487
-0.804167,-0.255526,0.933348,-0.801798,-0.253979,1.029465,-0.790931,-0.259815,1.133316,-0.791075,-0.262678,1.228790,-0.792050,-0.266875,1.324103,-0.780618,-0.278222,1.459329,-0.753310,-0.287663,1.555299,-0.794591,-0.303919,1.398233,-0.837728,-0.446568,1.371226,-0.813121,-0.478669,1.094523,-0.828275,-0.513194,0.858566,-0.776952,-0.242697,1.401882,-0.757164,-0.092980,1.390146,-0.809629,-0.060402,1.117428,-0.851938,-0.068816,0.882386,-0.840894,-0.326068,0.936033,-0.872180,-0.394692,0.539600,-0.963095,-0.404622,0.113163,-0.934661,-0.561804,0.020660,-0.767402,-0.184961,0.931899,-0.651293,-0.213759,0.546471,-0.895534,-0.103138,0.202567,-0.846263,-0.193369,0.049088,0.424171,-0.154364,0.113578
-0.796899,-0.258190,0.934791,-0.794487,-0.256841,1.030910,-0.783128,-0.262403,1.134723,-0.782849,-0.265338,1.230195,-0.783294,-0.269566,1.325511,-0.770863,-0.280400,1.460693,-0.743003,-0.288773,1.556604,-0.784117,-0.306648,1.399726,-0.822141,-0.450788,1.373003,-0.795542,-0.484252,1.096652,-0.802914,-0.520432,0.860553,-0.768732,-0.244822,1.403268,-0.754362,-0.094526,1.391331,-0.809630,-0.066373,1.118666,-0.855285,-0.074026,0.884222,-0.830756,-0.330160,0.937292,-0.866373,-0.396647,0.540872,-0.962414,-0.406605,0.115549,-0.934469,-0.561845,0.020504,-0.763006,-0.186200,0.933524,-0.639373,-0.211946,0.550276,-0.874790,-0.118169,0.195140,-0.809615,-0.201346,0.044993,0.442828,-0.136245,0.088245
-0.789466,-0.260337,0.935873,-0.786908,-0.259183,1.031989,-0.774978,-0.264444,1.135753,-0.774191,-0.267411,1.231220,-0.774025,-0.271619,1.326536,-0.760506,-0.281870,1.461657,-0.732091,-0.289167,1.557493,-0.773115,-0.308653,1.400820,-0.806087,-0.454086,1.374374,-0.778057,-0.488869,1.098326,-0.777415,-0.525945,0.862237,-0.759936,-0.246314,1.404234,-0.750772,-0.095638,1.391989,-0.808686,-0.072089,1.119430,-0.857590,-0.079147,0.885611,-0.820468,-0.333597,0.938205,-0.860171,-0.398544,0.541918,-0.961644,-0.408563,0.117860,-0.934276,-0.561884,0.020358,-0.758425,-0.187058,0.934774,-0.628467,-0.209840,0.553427,-0.851231,-0.132413,0.186553,-0.770869,-0.208338,0.040981,0.460075,-0.111369,0.064467
-0.781946,-0.261875,0.936589,-0.779084,-0.260977,1.032698,-0.766448,-0.265955,1.136391,-0.765022,-0.268943,1.231849,-0.764126,-0.273096,1.327163,-0.749382,-0.282700,1.462201,-0.720387,-0.288924,1.557939,-0.761449,-0.310001,1.401482,-0.789417,-0.456534,1.375328,-0.760698,-0.492504,1.099497,-0.751928,-0.529525,0.863586,-0.750440,-0.247231,1.404751,-0.746291,-0.096360,1.392065,-0.806700,-0.077667,1.119689,-0.858677,-0.084296,0.886522,-0.810148,-0.336272,0.938744,-0.853516,-0.400267,0.542670,-0.960798,-0.410493,0.120064,-0.934166,-0.561948,0.020222,-0.753703,-0.187461,0.935665,-0.618630,-0.207576,0.555913,-0.824523,-0.145779,0.176673,-0.729756,-0.214362,0.036548,0.472281,-0.071479,0.045613
-0.774261,-0.262896,0.936944,-0.770992,-0.262251,1.033043,-0.757571,-0.266920,1.136653,-0.755421,-0.269887,1.232099,-0.753714,-0.273936,1.327407,-0.737655,-0.282822,1.462345,-0.708078,-0.287964,1.557969,-0.749257,-0.310625,1.401746,-0.772282,-0.458060,1.375877,-0.743433,-0.495173,1.100214,-0.726304,-0.531379,0.864633,-0.740367,-0.247515,1.404848,-0.741021,-0.096649,1.391613,-0.803770,-0.082989,1.119473,-0.858722,-0.089355,0.886986,-0.799678,-0.338293,0.938938,-0.846466,-0.401931,0.543196,-0.959863,-0.412397,0.122192,-0.934055,-0.562010,0.020097,-0.748795,-0.187485,0.936182,-0.609806,-0.205020,0.557746,-0.795001,-0.158358,0.165633,-0.686545,-0.219401,0.032198,0.483077,-0.024832,0.028314
-0.766289,-0.263438,0.936925,-0.762558,-0.262964,1.033008,-0.748332,-0.267241,1.136527,-0.745437,-0.270110,1.231956,-0.742908,-0.273977,1.327254,-0.725548,-0.282051,1.462083,-0.695412,-0.286108,1.557585,-0.736698,-0.310352,1.401614,-0.754890,-0.458521,1.376048,-0.726097,-0.496880,1.100554,-0.700732,-0.532182,0.865558,-0.729867,-0.246975,1.404528,-0.735155,-0.096255,1.390674,-0.799969,-0.087274,1.118799,-0.857561,-0.093876,0.886954,-0.788912,-0.339721,0.938805,-0.839421,-0.403463,0.543552,-0.958766,-0.414164,0.124187,-0.933950,-0.562072,0.020010,-0.743612,-0.187141,0.936277,-0.601720,-0.202179,0.558819,-0.763480,-0.169873,0.155079,-0.641804,-0.222888,0.029685,0.499835,0.013502,0.009452
-0.758050,-0.263523,0.936524,-0.753807,-0.263123,1.032587,-0.738764,-0.266905,1.136009,-0.735110,-0.269581,1.231417,-0.731756,-0.273176,1.326699,-0.713120,-0.280324,1.461408,-0.682448,-0.283294,1.556779,-0.723817,-0.309118,1.401076,-0.737239,-0.457838,1.375775,-0.708655,-0.497694,1.100476,-0.675091,-0.532026,0.866396,-0.718987,-0.245544,1.403779,-0.728728,-0.095105,1.389204,-0.795260,-0.090344,1.117629,-0.855115,-0.097848,0.886381,-0.777806,-0.340591,0.938340,-0.832659,-0.404941,0.543777,-0.957452,-0.415706,0.125986,-0.933881,-0.562119,0.019962,-0.738233,-0.186445,0.935941,-0.594493,-0.198730,0.559072,-0.729550,-0.180128,0.145202,-0.594435,-0.224721,0.029682,0.525510,0.034907,-0.012036
-0.749525,-0.263130,0.935750,-0.744713,-0.262723,1.031786,-0.728834,-0.265925,1.135103,-0.724401,-0.268331,1.230486,-0.720211,-0.271576,1.325748,-0.700312,-0.277706,1.460327,-0.669128,-0.279584,1.555559,-0.710570,-0.306987,1.400141,-0.719331,-0.456090,1.375125,-0.691143,-0.497547,1.100022,-0.649502,-0.530819,0.867114,-0.707681,-0.243288,1.402613,-0.721704,-0.093272,1.387245,-0.789680,-0.092377,1.116001,-0.851462,-0.101282,0.885312,-0.766404,-0.340869,0.937548,-0.825902,-0.406286,0.543832,-0.955977,-0.417111,0.127652,-0.933818,-0.562167,0.019953,-0.732579,-0.185381,0.935184,-0.588005,-0.194997,0.558566,-0.693622,-0.189319,0.135810,-0.545537,-0.225002,0.031517,0.557146,0.047999,-0.035088
-0.740541,-0.262224,0.934609,-0.735123,-0.261701,1.030611,-0.718426,-0.264252,1.133818,-0.713234,-0.266313,1.229171,-0.708247,-0.269146,1.324408,-0.687169,-0.274205,1.458853,-0.655525,-0.274987,1.553949,-0.696988,-0.303982,1.398840,-0.701388,-0.453374,1.374317,-0.673502,-0.496235,1.099396,-0.624524,-0.528963,0.867789,-0.695953,-0.240213,1.401070,-0.714173,-0.090726,1.384966,-0.783403,-0.093133,1.114040,-0.846673,-0.103760,0.883829,-0.754694,-0.340516,0.936461,-0.818715,-0.407185,0.543658,-0.954427,-0.418530,0.129317,-0.933680,-0.562268,0.020009,-0.726315,-0.183923,0.933989,-0.581619,-0.191965,0.557384,-0.657745,-0.197747,0.127979,-0.498975,-0.223469,0.034920,0.593257,0.063555,-0.059636
-0.731171,-0.260789,0.933091,-0.725072,-0.260038,1.029050,-0.707547,-0.261876,1.132133,-0.701596,-0.263530,1.227449,-0.695831,-0.265907,1.322654,-0.673635,-0.269868,1.456956,-0.641583,-0.269557,1.551919,-0.683019,-0.300148,1.397149,-0.683450,-0.449744,1.373415,-0.655654,-0.493576,1.098635,-0.600224,-0.526544,0.868497,-0.683751,-0.236365,1.399145,-0.706178,-0.087524,1.382440,-0.776486,-0.092350,1.111805,-0.840691,-0.105070,0.881960,-0.742774,-0.339499,0.935065,-0.811159,-0.407388,0.543207,-0.952950,-0.419924,0.130937,-0.933428,-0.562450,0.020146,-0.719486,-0.182066,0.932347,-0.575461,-0.189947,0.555469,-0.621271,-0.205573,0.122384,-0.454765,-0.219838,0.040783,0.632916,0.084337,-0.086091
-0.721341,-0.258842,0.931206,-0.714525,-0.257755,1.027115,-0.696190,-0.258805,1.130069,-0.689502,-0.259980,1.225343,-0.682997,-0.261838,1.320512,-0.659767,-0.264648,1.454668,-0.627357,-0.263239,1.549499,-0.668715,-0.295439,1.395092,-0.665478,-0.445145,1.372357,-0.637677,-0.489753,1.097702,-0.576534,-0.523475,0.869164,-0.671127,-0.231697,1.396843,-0.697676,-0.083609,1.379592,-0.768874,-0.090290,1.109236,-0.833572,-0.105425,0.879677,-0.730546,-0.337851,0.933373,-0.803172,-0.407145,0.542526,-0.951399,-0.421332,0.132557,-0.933102,-0.562686,0.020348,-0.712047,-0.179813,0.930268,-0.569405,-0.188630,0.552878,-0.584849,-0.212637,0.118350,-0.412893,-0.214392,0.048215,0.677049,0.107583,-0.114041
-0.710661,-0.256408,0.928998,-0.703223,-0.254846,1.024854,-0.684217,-0.255013,1.127692,-0.676923,-0.255607,1.222928,-0.669819,-0.256856,1.318064,-0.645770,-0.258421,1.452097,-0.613085,-0.255875,1.546809,-0.654252,-0.289746,1.392761,-0.647574,-0.439507,1.371175,-0.619740,-0.485115,1.096692,-0.553805,-0.519902,0.869637,-0.658249,-0.226075,1.394216,-0.688620,-0.078781,1.376364,-0.760572,-0.087505,1.106281,-0.825547,-0.105049,0.876969,-0.717701,-0.335637,0.931460,-0.794136,-0.406899,0.541693,-0.949421,-0.423023,0.134445,-0.932736,-0.562949,0.020595,-0.703527,-0.177152,0.927762,-0.562439,-0.188068,0.549864,-0.552479,-0.218761,0.114921,-0.377178,-0.207732,0.054277,0.726950,0.135792,-0.142189
-0.699030,-0.253431,0.926448,-0.691114,-0.251259,1.022255,-0.671597,-0.250451,1.124996,-0.663834,-0.250362,1.220198,-0.656266,-0.250910,1.315307,-0.631592,-0.251135,1.449238,-0.598678,-0.247384,1.543830,-0.639599,-0.283017,1.390134,-0.629629,-0.432777,1.369832,-0.601836,-0.479597,1.095542,-0.532113,-0.515635,0.869783,-0.645086,-0.219445,1.391245,-0.678929,-0.072977,1.372769,-0.751593,-0.084228,1.102972,-0.816638,-0.104216,0.873886,-0.704175,-0.332804,0.929304,-0.784325,-0.406343,0.540681,-0.947253,-0.424879,0.136528,-0.932285,-0.563248,0.020833,-0.693786,-0.174022,0.924817,-0.554334,-0.188764,0.546476,-0.525313,-0.223861,0.112236,-0.349168,-0.198966,0.058883,0.793145,0.171367,-0.171180
-0.686550,-0.249967,0.923574,-0.678252,-0.247046,1.019331,-0.658360,-0.245167,1.121987,-0.650261,-0.244294,1.217159,-0.642370,-0.244050,1.312244,-0.617287,-0.242842,1.446096,-0.584225,-0.237848,1.540580,-0.624788,-0.275303,1.387233,-0.611752,-0.425007,1.368366,-0.583973,-0.473264,1.094316,-0.511383,-0.510863,0.869736,-0.631668,-0.211861,1.387948,-0.668686,-0.066259,1.368792,-0.741925,-0.080225,1.099276,-0.806823,-0.102652,0.870377,-0.690032,-0.329404,0.926926,-0.773465,-0.405783,0.539516,-0.944658,-0.427019,0.138880,-0.931795,-0.563573,0.021116,-0.682963,-0.170482,0.921445,-0.545319,-0.190215,0.542663,-0.502200,-0.228022,0.110157,-0.327316,-0.188985,0.062120,0.865108,0.211906,-0.200369
-0.673137,-0.246210,0.920472,-0.664536,-0.242368,1.016166,-0.644466,-0.239284,1.118755,-0.636250,-0.237492,1.213901,-0.628299,-0.236337,1.308972,-0.603224,-0.233568,1.442796,-0.570228,-0.227356,1.537231,-0.610090,-0.266641,1.384223,-0.594369,-0.416285,1.366924,-0.566342,-0.466658,1.093297,-0.491732,-0.506299,0.869750,-0.618258,-0.203345,1.384436,-0.658088,-0.058611,1.364340,-0.731543,-0.075343,1.095039,-0.796272,-0.099760,0.866287,-0.675165,-0.325667,0.924470,-0.760107,-0.406583,0.538363,-0.940572,-0.430065,0.141994,-0.931436,-0.563866,0.021586,-0.671000,-0.166694,0.917696,-0.535061,-0.190970,0.538531,-0.483676,-0.231324,0.107311,-0.310798,-0.181058,0.061308,0.912558,0.252692,-0.226524
-0.658496,-0.242423,0.916826,-0.649641,-0.237260,1.012423,-0.629650,-0.232704,1.114964,-0.621641,-0.229769,1.210093,-0.614033,-0.227538,1.305167,-0.589617,-0.223072,1.439063,-0.556994,-0.215719,1.533546,-0.595637,-0.256792,1.380873,-0.577778,-0.406399,1.365331,-0.549075,-0.459916,1.092391,-0.473229,-0.502139,0.869717,-0.604948,-0.193649,1.380446,-0.647226,-0.049754,1.359205,-0.720608,-0.069319,1.090073,-0.785204,-0.095347,0.861453,-0.659411,-0.321850,0.921820,-0.744306,-0.409901,0.537230,-0.935056,-0.434753,0.145751,-0.932072,-0.563824,0.021596,-0.657469,-0.162921,0.913050,-0.523368,-0.190970,0.533496,-0.470671,-0.233899,0.102457,-0.300579,-0.176618,0.053583,0.918995,0.295735,-0.256078
-0.642922,-0.238344,0.912953,-0.633892,-0.231685,1.008441,-0.614176,-0.225524,1.110950,-0.606596,-0.221312,1.206066,-0.599594,-0.217887,1.301153,-0.576254,-0.211596,1.435171,-0.544217,-0.203128,1.529763,-0.581297,-0.245995,1.377412,-0.561681,-0.395561,1.363763,-0.532040,-0.452901,1.091694,-0.455805,-0.498187,0.869745,-0.591646,-0.183021,1.376241,-0.636010,-0.039966,1.353594,-0.708958,-0.062415,1.084566,-0.773401,-0.089605,0.856037,-0.642932,-0.317694,0.919091,-0.726007,-0.414578,0.536109,-0.928049,-0.440348,0.150270,-0.932839,-0.563748,0.021793,-0.642798,-0.158901,0.908026,-0.510433,-0.190274,0.528141,-0.462255,-0.235615,0.096836,-0.295693,-0.174232,0.041809,0.900919,0.339026,-0.282599
-0.627218,-0.233377,0.909899,-0.618177,-0.225699,1.005322,-0.598794,-0.218154,1.107812,-0.591647,-0.212773,1.202908,-0.585216,-0.208146,1.297988,-0.562868,-0.199893,1.432070,-0.531478,-0.190241,1.526763,-0.566940,-0.235000,1.374691,-0.545619,-0.384485,1.362895,-0.515042,-0.445748,1.091776,-0.439379,-0.494572,0.870412,-0.578340,-0.172235,1.372718,-0.624367,-0.030068,1.348031,-0.696081,-0.055270,1.078924,-0.760372,-0.082510,0.850370,-0.626108,-0.312653,0.916776,-0.703594,-0.418500,0.535128,-0.918297,-0.445262,0.156399,-0.931318,-0.564494,0.024260,-0.628215,-0.153996,0.904233,-0.496496,-0.187604,0.524314,-0.456182,-0.236148,0.092789,-0.292422,-0.172868,0.031896,0.877539,0.371825,-0.283555
-0.611595,-0.226992,0.908088,-0.602756,-0.219227,1.003528,-0.583741,-0.210726,1.106018,-0.576982,-0.204389,1.201086,-0.571014,-0.198546,1.296127,-0.549454,-0.188060,1.430170,-0.518774,-0.177094,1.524947,-0.552569,-0.223941,1.373066,-0.529725,-0.373347,1.363122,-0.498105,-0.438883,1.093151,-0.423906,-0.491925,0.872265,-0.565062,-0.161434,1.370181,-0.611966,-0.020209,1.342210,-0.681401,-0.047954,1.072758,-0.745591,-0.073716,0.844006,-0.608899,-0.306228,0.914900,-0.675143,-0.421412,0.534155,-0.904825,-0.448959,0.164659,-0.928163,-0.567304,0.030493,-0.614182,-0.147655,0.902494,-0.480556,-0.181918,0.523295,-0.452294,-0.234809,0.091607,-0.289936,-0.172560,0.026055,0.849121,0.385822,-0.244800
-0.595841,-0.219720,0.907095,-0.587368,-0.212342,1.002597,-0.568779,-0.203107,1.105100,-0.562413,-0.195922,1.200133,-0.556874,-0.188856,1.295115,-0.536019,-0.176001,1.429061,-0.506109,-0.163653,1.523915,-0.538181,-0.212685,1.372179,-0.513866,-0.361972,1.364050,-0.481204,-0.431880,1.095305,-0.409430,-0.489615,0.874758,-0.551780,-0.150475,1.368326,-0.599139,-0.010240,1.336438,-0.665493,-0.040397,1.066458,-0.729586,-0.063569,0.837391,-0.591344,-0.298917,0.913436,-0.642578,-0.423568,0.533322,-0.888609,-0.451975,0.174529,-0.922720,-0.570935,0.038995,-0.600236,-0.140431,0.901985,-0.463615,-0.174259,0.523804,-0.450749,-0.232287,0.091998,-0.289065,-0.173274,0.022076,0.815401,0.389327,-0.180480
-0.580123,-0.212554,0.906697,-0.572114,-0.205320,1.002246,-0.553946,-0.195306,1.104747,-0.547913,-0.187312,1.199737,-0.542687,-0.179146,1.294653,-0.522321,-0.164173,1.428468,-0.493077,-0.150472,1.523348,-0.523646,-0.201583,1.371812,-0.497175,-0.350547,1.365171,-0.464070,-0.423589,1.097276,-0.396000,-0.485881,0.876824,-0.538385,-0.139694,1.367136,-0.586811,-0.000532,1.332164,-0.649569,-0.033025,1.061602,-0.713450,-0.053082,0.832191,-0.573937,-0.291671,0.912794,-0.610063,-0.423620,0.533163,-0.871328,-0.454344,0.185292,-0.910602,-0.572511,0.047365,-0.586215,-0.133348,0.901841,-0.448918,-0.166475,0.523859,-0.449771,-0.230335,0.092437,-0.288574,-0.173876,0.019240,0.794798,0.396529,-0.110495
-0.564289,-0.205855,0.906853,-0.556929,-0.198221,1.002419,-0.539180,-0.187293,1.104900,-0.533388,-0.178512,1.199836,-0.528288,-0.169435,1.294679,-0.508045,-0.152780,1.428323,-0.479269,-0.137795,1.523155,-0.508740,-0.190804,1.371920,-0.478891,-0.339132,1.366282,-0.446345,-0.413070,1.098542,-0.383716,-0.479743,0.877831,-0.524661,-0.129248,1.366670,-0.575334,0.008716,1.330158,-0.633894,-0.026333,1.059001,-0.697432,-0.042502,0.829226,-0.556778,-0.284854,0.913220,-0.578792,-0.421063,0.533970,-0.854451,-0.455873,0.197965,-0.890163,-0.571399,0.055858,-0.571713,-0.126761,0.901734,-0.437485,-0.158766,0.522558,-0.448893,-0.229783,0.092416,-0.288159,-0.173970,0.017612,0.800305,0.415573,-0.033725
-0.548491,-0.199263,0.907605,-0.541878,-0.190985,1.003173,-0.524543,-0.179098,1.105618,-0.518931,-0.169568,1.200492,-0.513841,-0.159702,1.295255,-0.493507,-0.141619,1.428694,-0.465094,-0.125379,1.523427,-0.493687,-0.180179,1.372547,-0.459777,-0.327666,1.367586,-0.428388,-0.401262,1.099624,-0.372479,-0.472180,0.878412,-0.510824,-0.118981,1.366869,-0.564356,0.017704,1.329651,-0.618203,-0.019828,1.057844,-0.681284,-0.031583,0.827676,-0.539768,-0.278102,0.914469,-0.547570,-0.416402,0.535451,-0.836509,-0.456754,0.211531,-0.863048,-0.568233,0.064218,-0.557134,-0.120315,0.901992,-0.428297,-0.150933,0.520801,-0.448582,-0.229799,0.092443,-0.288124,-0.173952,0.017127,0.818929,0.438313,0.048710
-0.533353,-0.192686,0.908844,-0.527260,-0.183700,1.004386,-0.510252,-0.170821,1.106766,-0.504789,-0.160562,1.201573,-0.499735,-0.149956,1.296257,-0.479413,-0.130538,1.429506,-0.451376,-0.113058,1.524130,-0.479027,-0.169559,1.373600,-0.441257,-0.316163,1.369188,-0.411005,-0.389835,1.101128,-0.362040,-0.464373,0.879408,-0.497417,-0.108759,1.367540,-0.553745,0.026655,1.329779,-0.602909,-0.012450,1.057284,-0.665358,-0.020593,0.826746,-0.523094,-0.271271,0.916209,-0.516970,-0.409803,0.537254,-0.814778,-0.457593,0.222224,-0.829819,-0.562037,0.069270,-0.543534,-0.113978,0.902732,-0.421534,-0.144226,0.519314,-0.448461,-0.229643,0.092504,-0.288151,-0.173875,0.016871,0.830116,0.454498,0.113547
-0.519211,-0.186150,0.910674,-0.513223,-0.176422,1.006150,-0.496387,-0.162482,1.108418,-0.491031,-0.151477,1.203146,-0.486081,-0.140127,1.297749,-0.465995,-0.119376,1.430832,-0.438394,-0.100608,1.525334,-0.464960,-0.158807,1.375143,-0.423949,-0.304573,1.371201,-0.394306,-0.379420,1.103391,-0.352485,-0.456686,0.881179,-0.484634,-0.098446,1.368696,-0.543371,0.035777,1.330295,-0.588087,-0.003644,1.057067,-0.649973,-0.009789,0.826274,-0.506883,-0.264377,0.918489,-0.487315,-0.401370,0.539381,-0.788101,-0.459169,0.228617,-0.789286,-0.551297,0.068739,-0.531458,-0.107789,0.904112,-0.417803,-0.139267,0.518301,-0.448489,-0.229038,0.092542,-0.288167,-0.173736,0.016587,0.821091,0.459718,0.150580
-0.505728,-0.179628,0.912992,-0.499619,-0.169096,1.008374,-0.482868,-0.154060,1.110500,-0.477587,-0.142329,1.205145,-0.472768,-0.130284,1.299667,-0.453021,-0.108293,1.432600,-0.425868,-0.088252,1.526969,-0.451287,-0.148060,1.377112,-0.407237,-0.292945,1.373512,-0.378182,-0.369386,1.106077,-0.343729,-0.448755,0.883365,-0.472281,-0.088178,1.370325,-0.533364,0.044862,1.331448,-0.573664,0.006034,1.057446,-0.634809,0.001085,0.826422,-0.491009,-0.257405,0.921262,-0.458283,-0.390998,0.541831,-0.757635,-0.460702,0.232136,-0.742638,-0.537528,0.064901,-0.520360,-0.101708,0.905973,-0.416498,-0.135435,0.517556,-0.448707,-0.228260,0.092615,-0.288246,-0.173540,0.016532,0.804629,0.458383,0.170015
-0.492515,-0.172950,0.915384,-0.486300,-0.161640,1.010671,-0.469677,-0.145588,1.112666,-0.464500,-0.133243,1.207239,-0.459844,-0.120641,1.301698,-0.440499,-0.097621,1.434519,-0.413789,-0.076494,1.528782,-0.437954,-0.137584,1.379219,-0.390697,-0.281439,1.375884,-0.363106,-0.359499,1.108775,-0.335271,-0.440662,0.885723,-0.460326,-0.078232,1.372191,-0.523984,0.053522,1.333117,-0.559831,0.015968,1.058333,-0.619258,0.012524,0.826879,-0.475282,-0.250167,0.924060,-0.429479,-0.378543,0.544252,-0.724120,-0.460462,0.233300,-0.693998,-0.524305,0.061410,-0.509656,-0.095583,0.907958,-0.415982,-0.132114,0.517184,-0.448865,-0.227390,0.092879,-0.288286,-0.173353,0.016563,0.798489,0.453472,0.179200
-0.479597,-0.166092,0.917820,-0.473329,-0.154068,1.013017,-0.456900,-0.137129,1.114901,-0.451872,-0.124330,1.209423,-0.447419,-0.111362,1.303844,-0.428544,-0.087591,1.436602,-0.402261,-0.065654,1.530804,-0.425013,-0.127566,1.381493,-0.374228,-0.270214,1.378400,-0.349622,-0.349759,1.111463,-0.327134,-0.432536,0.888353,-0.448845,-0.068801,1.374356,-0.515477,0.061510,1.335452,-0.546605,0.025994,1.059848,-0.603124,0.024863,0.827643,-0.459782,-0.242645,0.926814,-0.400485,-0.363769,0.546590,-0.687440,-0.457932,0.231970,-0.644835,-0.513476,0.059683,-0.499324,-0.089381,0.910069,-0.416067,-0.129211,0.517300,-0.448910,-0.226389,0.093407,-0.288230,-0.173198,0.016661,0.813647,0.443099,0.177868
-0.466949,-0.159079,0.920331,-0.460644,-0.146366,1.015435,-0.444449,-0.128619,1.117219,-0.439600,-0.115479,1.211704,-0.435384,-0.102283,1.306103,-0.417042,-0.077971,1.438836,-0.391180,-0.055411,1.533005,-0.412412,-0.117819,1.383906,-0.357931,-0.259110,1.380978,-0.337187,-0.340167,1.114164,-0.319296,-0.424249,0.891154,-0.437761,-0.059692,1.376758,-0.507598,0.069072,1.338304,-0.533969,0.036275,1.061871,-0.586603,0.037766,0.828716,-0.444429,-0.234857,0.929593,-0.371720,-0.346913,0.548898,-0.647712,-0.453628,0.228284,-0.593680,-0.503194,0.058303,-0.489385,-0.083135,0.912304,-0.416941,-0.126821,0.517789,-0.448896,-0.225297,0.094125,-0.288135,-0.173052,0.016845,0.839127,0.429151,0.166286
-0.454096,-0.151811,0.922598,-0.447906,-0.138417,1.017616,-0.432048,-0.119904,1.119315,-0.427425,-0.106484,1.213771,-0.423460,-0.093136,1.308159,-0.405650,-0.068403,1.440886,-0.380218,-0.045308,1.535041,-0.399945,-0.108040,1.386082,-0.341684,-0.247811,1.383129,-0.324651,-0.330494,1.116535,-0.311190,-0.415494,0.893585,-0.426816,-0.050594,1.378979,-0.499867,0.076554,1.341107,-0.522069,0.046684,1.063952,-0.569667,0.050723,0.829790,-0.428792,-0.226665,0.932138,-0.344047,-0.328529,0.550989,-0.606024,-0.447363,0.223173,-0.540257,-0.491496,0.056674,-0.479322,-0.076783,0.914287,-0.417536,-0.124605,0.518406,-0.448734,-0.224309,0.094972,-0.288065,-0.172925,0.017031,0.859767,0.420261,0.152596
-0.440801,-0.144233,0.924558,-0.434976,-0.130143,1.019497,-0.419618,-0.110894,1.121135,-0.415309,-0.097253,1.215574,-0.411636,-0.083832,1.309963,-0.394375,-0.058810,1.442709,-0.369401,-0.035256,1.536873,-0.387645,-0.098142,1.387954,-0.325496,-0.236206,1.384706,-0.311575,-0.320847,1.118547,-0.302552,-0.406262,0.895523,-0.416033,-0.041422,1.380945,-0.492244,0.084071,1.343786,-0.511112,0.057198,1.066068,-0.552333,0.063376,0.830770,-0.412600,-0.217985,0.934421,-0.317695,-0.308617,0.552814,-0.562423,-0.439567,0.216664,-0.483609,-0.479366,0.054593,-0.468930,-0.070300,0.915919,-0.417557,-0.122474,0.519104,-0.448385,-0.223488,0.095947,-0.288053,-0.172812,0.017218,0.870378,0.419357,0.140784
-0.427301,-0.136401,0.926275,-0.421993,-0.121622,1.021139,-0.407236,-0.101679,1.122732,-0.403290,-0.087877,1.217163,-0.399923,-0.074459,1.311564,-0.383210,-0.049268,1.444348,-0.358704,-0.025345,1.538541,-0.375480,-0.088212,1.389589,-0.309357,-0.224405,1.385856,-0.298399,-0.311120,1.120229,-0.293647,-0.396562,0.897091,-0.405389,-0.032262,1.382729,-0.484769,0.091507,1.346416,-0.500889,0.067839,1.068241,-0.534585,0.076082,0.831752,-0.396124,-0.208902,0.936471,-0.292433,-0.287178,0.554423,-0.516863,-0.429809,0.208731,-0.424692,-0.465821,0.052262,-0.458414,-0.063713,0.917299,-0.417298,-0.120517,0.519931,-0.447888,-0.222770,0.097050,-0.288067,-0.172717,0.017407,0.876147,0.423512,0.126864
-0.413835,-0.128382,0.927627,-0.409044,-0.112969,1.022419,-0.394855,-0.092368,1.123963,-0.391211,-0.078420,1.218385,-0.388077,-0.065006,1.312795,-0.371798,-0.039641,1.445600,-0.347723,-0.015380,1.539818,-0.363139,-0.078204,1.390818,-0.293122,-0.212428,1.386533,-0.285291,-0.300760,1.121330,-0.284705,-0.386121,0.898114,-0.394551,-0.023063,1.384131,-0.477095,0.098863,1.348648,-0.490924,0.078546,1.070089,-0.516352,0.089404,0.832710,-0.379750,-0.199531,0.938112,-0.268434,-0.264774,0.555770,-0.470300,-0.416612,0.200225,-0.366098,-0.445947,0.049692,-0.447862,-0.057039,0.918357,-0.416575,-0.118668,0.520791,-0.447273,-0.222164,0.098218,-0.288078,-0.172656,0.017517,0.877480,0.432587,0.107033
-0.400451,-0.120272,0.928583,-0.396122,-0.104279,1.023301,-0.382421,-0.083045,1.124782,-0.378982,-0.068951,1.219190,-0.375969,-0.055526,1.313603,-0.359970,-0.029956,1.446403,-0.336281,-0.005382,1.540638,-0.350474,-0.068175,1.391587,-0.276662,-0.200323,1.386705,-0.272376,-0.289541,1.121726,-0.275949,-0.374773,0.898493,-0.383376,-0.013889,1.385094,-0.469110,0.106033,1.350387,-0.481113,0.089445,1.071507,-0.497413,0.103705,0.833583,-0.363522,-0.189939,0.939296,-0.245762,-0.241344,0.556808,-0.422536,-0.399659,0.191113,-0.307610,-0.417981,0.046675,-0.437326,-0.050404,0.919080,-0.415316,-0.116969,0.521668,-0.446515,-0.221704,0.099434,-0.288075,-0.172650,0.017474,0.871897,0.447041,0.077273
-0.387100,-0.111976,0.929173,-0.383235,-0.095458,1.023821,-0.369987,-0.073626,1.125234,-0.366694,-0.059400,1.219628,-0.363728,-0.045966,1.314041,-0.347893,-0.020186,1.446819,-0.324555,0.004669,1.541068,-0.337634,-0.058069,1.391949,-0.260105,-0.188040,1.386405,-0.259528,-0.277689,1.121541,-0.267156,-0.362683,0.898326,-0.372007,-0.004677,1.385675,-0.460925,0.113122,1.351728,-0.471560,0.100410,1.072599,-0.477990,0.118621,0.834433,-0.347395,-0.180059,0.940072,-0.224352,-0.216948,0.557584,-0.373769,-0.379266,0.181428,-0.249444,-0.383685,0.043417,-0.426755,-0.043683,0.919482,-0.413593,-0.115377,0.522578,-0.445639,-0.221356,0.100714,-0.288069,-0.172677,0.017351,0.861877,0.466415,0.041602
-0.373876,-0.103268,0.929366,-0.370487,-0.086335,1.023959,-0.357662,-0.063971,1.125311,-0.354471,-0.049622,1.219690,-0.351490,-0.036157,1.314097,-0.335717,-0.010119,1.446833,-0.312669,0.015019,1.541078,-0.324755,-0.047677,1.391894,-0.243681,-0.175448,1.385680,-0.246540,-0.265329,1.120900,-0.257885,-0.350074,0.897737,-0.360533,0.004813,1.385845,-0.452522,0.120448,1.352612,-0.462094,0.110996,1.073299,-0.458679,0.133624,0.835415,-0.331627,-0.169804,0.940406,-0.204179,-0.192327,0.558197,-0.325555,-0.354912,0.172125,-0.194840,-0.343436,0.040553,-0.416080,-0.036518,0.919533,-0.411437,-0.113691,0.523475,-0.444749,-0.221028,0.102057,-0.288060,-0.172691,0.017285,0.855255,0.489187,0.008261
-0.360855,-0.094083,0.929139,-0.357981,-0.076890,1.023703,-0.345551,-0.054074,1.125004,-0.342412,-0.039608,1.219367,-0.339341,-0.026073,1.313761,-0.323500,0.000311,1.446420,-0.300656,0.025755,1.540632,-0.311894,-0.036935,1.391397,-0.227415,-0.162437,1.384515,-0.233359,-0.252489,1.119841,-0.248088,-0.336992,0.896781,-0.349019,0.014636,1.385575,-0.443979,0.128031,1.353015,-0.452765,0.120838,1.073594,-0.439568,0.148550,0.836665,-0.316341,-0.159121,0.940259,-0.185480,-0.167440,0.558649,-0.277896,-0.326175,0.163279,-0.144529,-0.296108,0.038046,-0.405331,-0.028827,0.919226,-0.408813,-0.111918,0.524345,-0.443918,-0.220709,0.103448,-0.288041,-0.172674,0.017355,0.856530,0.514276,-0.019546
-0.347961,-0.084487,0.928515,-0.345615,-0.067143,1.023065,-0.333550,-0.043941,1.124322,-0.330419,-0.029367,1.218668,-0.327196,-0.015739,1.313045,-0.311183,0.011038,1.445604,-0.288483,0.036790,1.539767,-0.298994,-0.025907,1.390483,-0.211281,-0.149117,1.382926,-0.220037,-0.239140,1.118326,-0.237812,-0.323390,0.895402,-0.337401,0.024737,1.384894,-0.435217,0.135851,1.352961,-0.443525,0.130302,1.073497,-0.420568,0.163564,0.838048,-0.301414,-0.148062,0.939671,-0.168017,-0.142328,0.558937,-0.230790,-0.293475,0.154813,-0.097779,-0.242826,0.035932,-0.394478,-0.020692,0.918568,-0.405756,-0.110051,0.525201,-0.443074,-0.220409,0.104900,-0.288019,-0.172644,0.017482,0.861203,0.542764,-0.045024
-0.335054,-0.074459,0.927531,-0.333191,-0.056993,1.022070,-0.321450,-0.033450,1.123286,-0.318311,-0.018778,1.217617,-0.314930,-0.005063,1.311975,-0.298732,0.022079,1.444438,-0.276176,0.048109,1.538559,-0.286022,-0.014587,1.389218,-0.195435,-0.135681,1.381013,-0.206532,-0.225322,1.116367,-0.226752,-0.309344,0.893559,-0.325581,0.035195,1.383854,-0.425979,0.144158,1.352462,-0.434060,0.140043,1.072973,-0.402016,0.178629,0.839314,-0.286731,-0.136699,0.938721,-0.151052,-0.117853,0.559156,-0.185784,-0.257550,0.147457,-0.055629,-0.187337,0.034943,-0.383356,-0.011997,0.917551,-0.402400,-0.107869,0.526037,-0.442108,-0.220070,0.106447,-0.288011,-0.172607,0.017567,0.863612,0.576377,-0.069540
-0.322196,-0.063987,0.926109,-0.320727,-0.046395,1.020632,-0.309255,-0.022556,1.121810,-0.306102,-0.007795,1.216127,-0.302580,0.005994,1.310469,-0.286225,0.033441,1.442850,-0.263839,0.059712,1.536945,-0.273042,-0.002973,1.387531,-0.180058,-0.122223,1.378804,-0.192943,-0.211026,1.113949,-0.214960,-0.294909,0.891246,-0.313594,0.046033,1.382380,-0.416255,0.152990,1.351387,-0.424252,0.150305,1.071876,-0.383846,0.193839,0.840392,-0.272407,-0.125069,0.937343,-0.134282,-0.094386,0.559393,-0.142760,-0.218004,0.141423,-0.018885,-0.129650,0.035290,-0.371970,-0.002680,0.916085,-0.399015,-0.105523,0.526863,-0.441017,-0.219768,0.108036,-0.288024,-0.172562,0.017573,0.858926,0.617302,-0.096087
-0.309325,-0.053083,0.924327,-0.308206,-0.035394,1.018836,-0.296962,-0.011304,1.119980,-0.293779,0.003536,1.214283,-0.290109,0.017394,1.308610,-0.273585,0.045118,1.440912,-0.251369,0.071598,1.534989,-0.259990,0.008934,1.385493,-0.164968,-0.108649,1.376270,-0.179169,-0.196260,1.111088,-0.202385,-0.280029,0.888469,-0.301405,0.057226,1.380548,-0.406056,0.162310,1.349868,-0.414220,0.160845,1.070352,-0.366123,0.209102,0.841354,-0.258327,-0.113135,0.935603,-0.118009,-0.071555,0.559561,-0.101836,-0.175233,0.136498,0.013259,-0.069754,0.036762,-0.360314,0.007196,0.914261,-0.395331,-0.102862,0.527668,-0.439803,-0.219427,0.109720,-0.288050,-0.172510,0.017537,0.851975,0.663352,-0.121673
-0.296120,-0.041763,0.922455,-0.295371,-0.024016,1.016957,-0.284344,0.000287,1.118074,-0.281124,0.015194,1.212365,-0.277290,0.029119,1.306675,-0.260548,0.057101,1.438895,-0.238476,0.083746,1.532959,-0.246642,0.021132,1.383388,-0.149779,-0.094866,1.373429,-0.164874,-0.181083,1.107842,-0.188568,-0.264617,0.885191,-0.288813,0.068786,1.378646,-0.395155,0.172265,1.348303,-0.404006,0.171590,1.068809,-0.349378,0.224098,0.842159,-0.244033,-0.100855,0.933782,-0.102402,-0.049112,0.559487,-0.064913,-0.131158,0.132779,0.042190,-0.011368,0.039458,-0.348205,0.017556,0.912340,-0.390667,-0.099204,0.528412,-0.438368,-0.218755,0.111695,-0.288079,-0.172461,0.017473,0.851586,0.709700,-0.138696
-0.282519,-0.030244,0.920533,-0.282189,-0.012457,1.015030,-0.271370,0.012070,1.116115,-0.268092,0.027087,1.210387,-0.264055,0.041141,1.304670,-0.246998,0.069458,1.436778,-0.225025,0.096236,1.530829,-0.232933,0.033655,1.381227,-0.134419,-0.080856,1.370193,-0.149935,-0.165628,1.104158,-0.173167,-0.248776,0.881313,-0.275737,0.080764,1.376662,-0.383363,0.183032,1.346663,-0.393553,0.182458,1.067215,-0.333645,0.238735,0.842760,-0.229428,-0.088429,0.931941,-0.087445,-0.027133,0.559191,-0.032289,-0.084833,0.130705,0.067943,0.045981,0.044266,-0.335612,0.028166,0.910337,-0.384995,-0.094615,0.529122,-0.436760,-0.217817,0.113937,-0.288110,-0.172421,0.017370,0.862711,0.752177,-0.142675
-0.268584,-0.018309,0.918522,-0.268694,-0.000521,1.013019,-0.258071,0.024191,1.114081,-0.254728,0.039308,1.208335,-0.250473,0.053488,1.302589,-0.233052,0.082122,1.434583,-0.211152,0.108987,1.528625,-0.218928,0.046469,1.378998,-0.118960,-0.066636,1.366649,-0.134475,-0.149762,1.100090,-0.156525,-0.232402,0.876934,-0.262259,0.093108,1.374608,-0.370868,0.194433,1.344979,-0.382918,0.193531,1.065602,-0.318890,0.253106,0.843205,-0.214609,-0.075658,0.930018,-0.073155,-0.005542,0.558653,-0.003665,-0.037205,0.129836,0.090482,0.101821,0.050297,-0.322566,0.039261,0.908238,-0.378343,-0.089030,0.529771,-0.434930,-0.216549,0.116471,-0.288144,-0.172385,0.017239,0.880396,0.794951,-0.138091
-0.254187,-0.005327,0.916576,-0.254733,0.012346,1.011094,-0.244325,0.037069,1.112174,-0.240949,0.052113,1.206438,-0.236516,0.066228,1.300694,-0.218799,0.094887,1.432641,-0.196974,0.121742,1.526704,-0.204598,0.059482,1.376943,-0.103221,-0.052174,1.363078,-0.118516,-0.133143,1.095855,-0.139211,-0.215100,0.872321,-0.248427,0.105672,1.372801,-0.358016,0.206087,1.343738,-0.372317,0.204990,1.064473,-0.305539,0.267172,0.843598,-0.199409,-0.061907,0.928110,-0.059745,0.016144,0.557653,0.019951,0.006968,0.128954,0.111085,0.151025,0.054982,-0.308976,0.051470,0.906256,-0.370115,-0.081566,0.530229,-0.432633,-0.214475,0.119565,-0.288173,-0.172349,0.017129,0.898609,0.845704,-0.130791
-0.239195,0.008844,0.914760,-0.240209,0.026275,1.009318,-0.230063,0.050802,1.110474,-0.226710,0.065559,1.204785,-0.222164,0.079371,1.299082,-0.204245,0.107690,1.431079,-0.182499,0.134424,1.525195,-0.189917,0.072642,1.375146,-0.087120,-0.037455,1.359482,-0.102043,-0.115651,1.091415,-0.121365,-0.196753,0.867447,-0.234220,0.118411,1.371347,-0.344833,0.217940,1.343102,-0.361807,0.217024,1.063992,-0.293763,0.281046,0.843970,-0.183698,-0.047037,0.926296,-0.047457,0.038306,0.556173,0.037962,0.046544,0.128106,0.130834,0.191684,0.057974,-0.294707,0.064940,0.904439,-0.360097,-0.072347,0.530627,-0.429916,-0.211789,0.123334,-0.288197,-0.172306,0.017039,0.916455,0.909704,-0.119165
-0.223740,0.024063,0.913009,-0.225219,0.041135,1.007628,-0.215353,0.065291,1.108903,-0.212055,0.079589,1.203289,-0.207438,0.092906,1.297656,-0.189383,0.120594,1.429772,-0.167719,0.147109,1.523969,-0.174910,0.086000,1.373524,-0.070740,-0.022493,1.355858,-0.085071,-0.097406,1.086809,-0.102848,-0.177477,0.862339,-0.219659,0.131369,1.370141,-0.331292,0.230045,1.342910,-0.351330,0.229443,1.063996,-0.283391,0.294615,0.844290,-0.167606,-0.031187,0.924498,-0.036051,0.060562,0.554231,0.050965,0.082663,0.127244,0.148646,0.225707,0.059618,-0.279894,0.079525,0.902739,-0.348502,-0.061248,0.530834,-0.426733,-0.208297,0.127663,-0.288215,-0.172264,0.016970,0.934827,0.981684,-0.104824
-0.208096,0.040536,0.911294,-0.209910,0.057092,1.005997,-0.200278,0.080661,1.107430,-0.197033,0.094283,1.201914,-0.192379,0.106873,1.296375,-0.174289,0.133590,1.428679,-0.152727,0.159772,1.522991,-0.159629,0.099610,1.372067,-0.054151,-0.007291,1.352480,-0.067673,-0.078423,1.082377,-0.083815,-0.157237,0.857341,-0.204853,0.144534,1.369185,-0.317661,0.242180,1.343164,-0.340931,0.241857,1.064500,-0.274328,0.307511,0.844579,-0.151359,-0.014133,0.922579,-0.025017,0.082243,0.551657,0.059738,0.113986,0.125010,0.162554,0.253700,0.058389,-0.264856,0.095413,0.901228,-0.335377,-0.047018,0.530321,-0.422704,-0.202936,0.132476,-0.288225,-0.172234,0.016971,0.950369,1.053513,-0.098447
-0.192243,0.058530,0.909471,-0.194174,0.074403,1.004290,-0.184705,0.097130,1.105928,-0.181509,0.109810,1.200542,-0.176884,0.121376,1.295131,-0.158923,0.146686,1.427722,-0.137482,0.172398,1.522191,-0.144032,0.113517,1.370706,-0.037470,0.007962,1.349510,-0.049795,-0.058700,1.078239,-0.064212,-0.136079,0.852587,-0.189765,0.157960,1.368423,-0.303910,0.254433,1.343884,-0.330584,0.254279,1.065532,-0.266583,0.319655,0.844754,-0.134946,0.004359,0.920343,-0.014196,0.103168,0.548169,0.063508,0.140249,0.120473,0.170912,0.275653,0.052461,-0.249561,0.112900,0.899820,-0.320551,-0.029754,0.528940,-0.417597,-0.196019,0.137645,-0.288261,-0.172267,0.016420,0.963935,1.134302,-0.115935
-0.176200,0.077779,0.907683,-0.178119,0.092811,1.002642,-0.168767,0.114479,1.104525,-0.165619,0.126000,1.199292,-0.161057,0.136309,1.294033,-0.143325,0.159875,1.426980,-0.122025,0.185001,1.521639,-0.128161,0.127677,1.369510,-0.020579,0.023455,1.346785,-0.031490,-0.038239,1.074275,-0.044094,-0.113957,0.847944,-0.174432,0.171593,1.367911,-0.290070,0.266716,1.345050,-0.320314,0.266696,1.067065,-0.260147,0.331124,0.844897,-0.118377,0.024055,0.917986,-0.003747,0.123519,0.544050,0.063048,0.161715,0.114563,0.175365,0.291576,0.043659,-0.234041,0.131691,0.898601,-0.304195,-0.009358,0.526838,-0.411646,-0.187233,0.143297,-0.288288,-0.172313,0.015938,0.974670,1.214942,-0.141389
-0.160306,0.097687,0.906326,-0.162209,0.111702,1.001437,-0.152955,0.132179,1.103574,-0.149810,0.142430,1.198487,-0.145252,0.151391,1.293365,-0.127680,0.173124,1.426648,-0.106569,0.197602,1.521519,-0.112181,0.142000,1.368681,-0.003200,0.039750,1.344093,-0.012982,-0.017072,1.070459,-0.023783,-0.090685,0.843351,-0.159076,0.185260,1.367825,-0.276493,0.278539,1.346619,-0.310240,0.278673,1.069033,-0.254893,0.341782,0.845281,-0.101911,0.044468,0.915969,0.006362,0.143170,0.539971,0.061452,0.177828,0.108710,0.178876,0.302103,0.035927,-0.218715,0.151083,0.897905,-0.286867,0.015710,0.523924,-0.405165,-0.174584,0.149745,-0.288198,-0.172240,0.017442,0.976663,1.259971,-0.137781
-0.144566,0.118684,0.905504,-0.146462,0.131351,1.000793,-0.137283,0.150362,1.103208,-0.134079,0.159104,1.198258,-0.129442,0.166510,1.293256,-0.111921,0.186173,1.426853,-0.091073,0.209863,1.521977,-0.095980,0.156306,1.368284,0.015094,0.057165,1.340994,0.005856,0.004872,1.066433,-0.003280,-0.066107,0.838415,-0.143622,0.198733,1.368284,-0.263276,0.289421,1.348663,-0.300689,0.290120,1.071553,-0.251134,0.351788,0.846063,-0.085538,0.066037,0.914318,0.015949,0.162240,0.535844,0.059028,0.187143,0.102835,0.182400,0.305626,0.030582,-0.203612,0.171496,0.897916,-0.268633,0.047151,0.519694,-0.398508,-0.156846,0.157061,-0.288463,-0.173628,0.021710,0.971137,1.243837,-0.075347
-0.128974,0.140341,0.905112,-0.130861,0.151483,1.000591,-0.121737,0.168895,1.103294,-0.118430,0.176018,1.198474,-0.113656,0.181776,1.293576,-0.096115,0.199282,1.427468,-0.075579,0.222122,1.522867,-0.079670,0.170775,1.368254,0.033877,0.075382,1.337927,0.024896,0.027522,1.062555,0.017415,-0.040381,0.833530,-0.128145,0.212239,1.369168,-0.250323,0.299842,1.351108,-0.291334,0.301126,1.074509,-0.248555,0.360982,0.847084,-0.069268,0.088322,0.913007,0.025196,0.180610,0.531757,0.055467,0.191106,0.097018,0.184982,0.303753,0.026307,-0.188704,0.192510,0.898449,-0.249427,0.083265,0.514651,-0.391322,-0.135245,0.165172,-0.288610,-0.174898,0.027962,0.956868,1.192093,0.016148
-0.113841,0.160782,0.905235,-0.115812,0.170664,1.000862,-0.106763,0.186850,1.103784,-0.103320,0.192724,1.199058,-0.098337,0.197240,1.294230,-0.080653,0.213199,1.428312,-0.060425,0.235413,1.523929,-0.063764,0.185869,1.368597,0.052144,0.094009,1.335991,0.043530,0.050633,1.059874,0.037984,-0.013788,0.829806,-0.113097,0.226289,1.370292,-0.237698,0.310751,1.353696,-0.281315,0.311521,1.077486,-0.246095,0.368745,0.848145,-0.053393,0.109524,0.912421,0.034678,0.197794,0.528652,0.052938,0.193501,0.092926,0.186714,0.301937,0.023101,-0.174317,0.212174,0.899283,-0.229606,0.120494,0.510214,-0.382862,-0.111468,0.174168,-0.287111,-0.171183,0.035778,0.924269,1.145944,0.084427
-0.099185,0.178965,0.905917,-0.101438,0.188062,1.001621,-0.092524,0.203659,1.104653,-0.088907,0.208915,1.199964,-0.083605,0.212868,1.295152,-0.065571,0.228292,1.429260,-0.045635,0.250276,1.524993,-0.048361,0.201830,1.369300,0.069613,0.112938,1.335736,0.061513,0.074273,1.058912,0.058248,0.013554,0.827778,-0.098577,0.241123,1.371551,-0.225366,0.322543,1.356359,-0.269942,0.320879,1.080315,-0.243515,0.374704,0.849075,-0.037874,0.128703,0.912784,0.045169,0.214088,0.527135,0.052471,0.195106,0.091619,0.187337,0.302015,0.021248,-0.160527,0.229348,0.900284,-0.208922,0.158153,0.506456,-0.373262,-0.085709,0.184541,-0.283828,-0.156872,0.038024,0.854279,1.125599,0.099608
-0.084987,0.195931,0.907114,-0.087617,0.204508,1.002853,-0.078856,0.219889,1.105927,-0.075033,0.224899,1.201239,-0.069342,0.228693,1.296407,-0.050834,0.244192,1.430436,-0.031185,0.266171,1.526229,-0.033361,0.218415,1.370377,0.086565,0.132277,1.336612,0.079089,0.098375,1.059147,0.078386,0.041763,0.826913,-0.084485,0.256500,1.373049,-0.213363,0.334823,1.359165,-0.257905,0.329625,1.083165,-0.241053,0.379232,0.850044,-0.022750,0.146798,0.913872,0.055896,0.229197,0.526599,0.053036,0.195143,0.092038,0.187110,0.302151,0.020465,-0.147260,0.245172,0.901586,-0.187623,0.196928,0.503304,-0.362387,-0.057774,0.195800,-0.279902,-0.145551,0.054304,0.765958,1.110849,0.091573
-0.071507,0.212922,0.908767,-0.074383,0.221066,1.004536,-0.065718,0.236307,1.107635,-0.061679,0.241149,1.202943,-0.055627,0.244861,1.298088,-0.036726,0.260536,1.432038,-0.017346,0.282508,1.527886,-0.018976,0.235353,1.371875,0.102842,0.151955,1.338069,0.096388,0.122489,1.060060,0.098614,0.070902,0.826720,-0.070976,0.272219,1.374910,-0.201851,0.347347,1.362051,-0.246419,0.338862,1.086126,-0.238354,0.382832,0.851364,-0.008433,0.164829,0.915393,0.065112,0.241749,0.526159,0.053716,0.195063,0.092676,0.186901,0.302277,0.019899,-0.134617,0.261112,0.903371,-0.166806,0.235316,0.501954,-0.349090,-0.028756,0.206563,-0.271204,-0.125264,0.068180,0.706904,1.082272,0.097690
-0.058807,0.230632,0.910982,-0.061745,0.238303,1.006790,-0.053099,0.253335,1.109922,-0.048840,0.257956,1.205232,-0.042477,0.261532,1.300363,-0.023314,0.277297,1.434266,-0.004175,0.299170,1.530185,-0.005249,0.252637,1.373920,0.118472,0.172158,1.339983,0.113445,0.146725,1.061538,0.118898,0.101233,0.826987,-0.058080,0.288272,1.377295,-0.190884,0.360040,1.365091,-0.235963,0.349034,1.089331,-0.235364,0.385373,0.853185,0.004941,0.183398,0.917362,0.072062,0.250694,0.525373,0.054229,0.195237,0.092965,0.187004,0.302357,0.019296,-0.122594,0.277960,0.905834,-0.146633,0.273116,0.503018,-0.332634,0.000524,0.217506,-0.257224,-0.093659,0.074923,0.711673,1.020773,0.142491
-0.046825,0.248366,0.913654,-0.049694,0.255652,1.009494,-0.041011,0.270551,1.112644,-0.036522,0.275029,1.207950,-0.029876,0.278546,1.303064,-0.010533,0.294503,1.436918,0.008384,0.316276,1.532904,0.007863,0.270274,1.376387,0.133426,0.192700,1.342477,0.130225,0.170973,1.063694,0.139273,0.132495,0.827927,-0.045766,0.304665,1.380042,-0.180410,0.372976,1.368213,-0.226057,0.359698,1.092647,-0.232137,0.386986,0.855357,0.017508,0.201904,0.919764,0.077502,0.257082,0.524682,0.054858,0.195295,0.093473,0.187126,0.302428,0.018910,-0.111196,0.294925,0.908779,-0.126943,0.310529,0.505886,-0.313756,0.030887,0.227954,-0.239167,-0.054179,0.079437,0.745710,0.945446,0.201445
-0.035626,0.265283,0.916416,-0.038235,0.272475,1.012268,-0.029447,0.287465,1.115393,-0.024729,0.291978,1.210686,-0.017859,0.295577,1.305780,0.001533,0.311870,1.439586,0.020230,0.333593,1.535626,0.020270,0.288017,1.378951,0.147459,0.212953,1.345370,0.146749,0.194450,1.066345,0.160054,0.163965,0.829688,-0.034096,0.321218,1.382789,-0.170431,0.386137,1.371140,-0.216475,0.370626,1.095756,-0.228480,0.388567,0.857752,0.029258,0.219566,0.922260,0.081955,0.262688,0.524526,0.055534,0.195574,0.094400,0.187254,0.302543,0.018656,-0.100547,0.311099,0.911808,-0.108347,0.346661,0.509926,-0.293523,0.063696,0.234504,-0.218610,-0.008467,0.080522,0.752938,0.894155,0.238323
-0.025470,0.280733,0.919256,-0.027526,0.288351,1.015083,-0.018521,0.303803,1.118118,-0.013560,0.308623,1.213383,-0.006533,0.312498,1.308454,0.012735,0.329299,1.442215,0.031218,0.351021,1.538297,0.031819,0.305798,1.381605,0.160319,0.232618,1.348816,0.163255,0.216727,1.069665,0.181708,0.195416,0.832435,-0.023219,0.337863,1.385507,-0.161117,0.399368,1.373841,-0.207298,0.381772,1.098596,-0.224274,0.390293,0.860365,0.039965,0.235782,0.924863,0.085252,0.267811,0.525172,0.056184,0.196223,0.095884,0.187385,0.302782,0.018554,-0.090934,0.325790,0.914883,-0.091330,0.381273,0.515253,-0.272478,0.099415,0.235704,-0.195556,0.044158,0.076777,0.701361,0.884650,0.235461
-0.016098,0.295366,0.922186,-0.017409,0.303700,1.017966,-0.008119,0.319838,1.120872,-0.002916,0.325144,1.216097,0.004208,0.329436,1.311144,0.023221,0.346891,1.444858,0.041493,0.368662,1.540970,0.042663,0.323684,1.384355,0.172259,0.251994,1.352660,0.179506,0.238234,1.073480,0.203768,0.227076,0.836002,-0.012985,0.354669,1.388224,-0.152299,0.412823,1.376349,-0.198445,0.393183,1.101229,-0.219639,0.391987,0.863201,0.049856,0.251153,0.927559,0.087562,0.272151,0.526351,0.056881,0.197093,0.097787,0.187522,0.303065,0.018584,-0.082070,0.339690,0.918042,-0.075407,0.414604,0.521753,-0.250078,0.137580,0.233007,-0.170002,0.103015,0.069604,0.622976,0.899181,0.210524
-0.006798,0.310279,0.924870,-0.007423,0.319151,1.020614,0.002107,0.335902,1.123403,0.007495,0.341690,1.218591,0.014656,0.346446,1.313613,0.033349,0.364656,1.447270,0.051383,0.386591,1.543389,0.053176,0.341633,1.386898,0.183781,0.271345,1.356257,0.194809,0.259466,1.077088,0.225149,0.258902,0.840039,-0.003004,0.371659,1.390664,-0.143478,0.426946,1.378475,-0.189445,0.404774,1.103531,-0.214741,0.394012,0.866135,0.059604,0.266709,0.929968,0.089917,0.276587,0.527699,0.057775,0.198076,0.099885,0.187665,0.303203,0.018605,-0.073211,0.353965,0.920997,-0.059738,0.446476,0.528451,-0.225758,0.178157,0.227356,-0.143509,0.164421,0.062007,0.557703,0.922365,0.180286
0.002601,0.325906,0.927269,0.002507,0.334916,1.023005,0.012180,0.352076,1.125714,0.017659,0.358268,1.220872,0.024778,0.363508,1.315871,0.043089,0.382582,1.449460,0.060829,0.404830,1.545561,0.063363,0.359597,1.389227,0.194933,0.290714,1.359520,0.208634,0.280577,1.080384,0.245393,0.291021,0.844561,0.006744,0.388824,1.392814,-0.134555,0.441931,1.380224,-0.180135,0.416414,1.105520,-0.209682,0.396339,0.869226,0.069360,0.282844,0.932016,0.092777,0.281481,0.529141,0.058984,0.199132,0.102177,0.187835,0.303065,0.018587,-0.064163,0.369085,0.923748,-0.044103,0.476802,0.535269,-0.198899,0.220706,0.218296,-0.116743,0.227009,0.054447,0.521125,0.954743,0.147665
0.011928,0.341814,0.929423,0.012307,0.350783,1.025160,0.022077,0.368278,1.127803,0.027590,0.374870,1.222932,0.034606,0.380643,1.317909,0.052471,0.400682,1.451417,0.069890,0.423358,1.547478,0.073219,0.377624,1.391348,0.205667,0.310058,1.362536,0.221512,0.301414,1.083473,0.264957,0.323306,0.849552,0.016240,0.406173,1.394686,-0.125629,0.457583,1.381592,-0.170678,0.428234,1.107177,-0.204361,0.398996,0.872417,0.078973,0.299163,0.933776,0.095683,0.286470,0.530752,0.060389,0.200301,0.104664,0.188011,0.302783,0.018559,-0.055120,0.384581,0.926295,-0.028722,0.505670,0.542284,-0.170120,0.265667,0.206283,-0.089039,0.292147,0.046463,0.497659,0.995774,0.109742
0.021370,0.357803,0.931107,0.022210,0.366745,1.026843,0.032078,0.384598,1.129414,0.037616,0.391621,1.224511,0.044521,0.397960,1.319459,0.061947,0.419009,1.452871,0.079073,0.442191,1.548863,0.083103,0.395816,1.392974,0.216354,0.329514,1.364920,0.234342,0.322016,1.085963,0.284130,0.355341,0.854612,0.025811,0.423768,1.396043,-0.116502,0.473767,1.382383,-0.161095,0.440539,1.108327,-0.198643,0.402435,0.875407,0.088665,0.315509,0.935087,0.098291,0.291340,0.532389,0.061784,0.201592,0.107134,0.188119,0.302566,0.018471,-0.045922,0.400212,0.928353,-0.013417,0.533172,0.548753,-0.140718,0.314322,0.193629,-0.059963,0.360259,0.039679,0.480476,1.028448,0.074542
0.031132,0.373819,0.932286,0.032444,0.382772,1.028016,0.042417,0.401013,1.130509,0.047971,0.408499,1.225570,0.054748,0.415436,1.320485,0.071718,0.437524,1.453787,0.088571,0.461307,1.549680,0.093192,0.414151,1.394066,0.227181,0.349121,1.366557,0.247412,0.342284,1.087730,0.303032,0.387099,0.859732,0.035629,0.441576,1.396844,-0.107013,0.490461,1.382534,-0.151334,0.453418,1.108926,-0.192388,0.406560,0.878227,0.098646,0.331838,0.935908,0.100330,0.295901,0.534033,0.063138,0.202990,0.109509,0.188112,0.302513,0.018269,-0.036372,0.415916,0.929892,0.002214,0.559549,0.554742,-0.111056,0.367751,0.180296,-0.029099,0.432457,0.033945,0.466921,1.043833,0.047446
0.041009,0.389916,0.932996,0.042782,0.398893,1.028717,0.052861,0.417544,1.131127,0.058422,0.425525,1.226147,0.065063,0.433095,1.321024,0.081583,0.456266,1.454199,0.098191,0.480728,1.549964,0.103308,0.432652,1.394663,0.237960,0.368839,1.367561,0.260434,0.362318,1.088898,0.321543,0.418607,0.864920,0.045522,0.459629,1.397130,-0.097324,0.507687,1.382107,-0.141447,0.466782,1.109017,-0.185737,0.411467,0.880847,0.108705,0.348193,0.936279,0.102072,0.300343,0.535702,0.064481,0.204509,0.111867,0.188038,0.302525,0.018007,-0.026667,0.431755,0.930941,0.017769,0.584561,0.560184,-0.080770,0.424874,0.166321,0.003136,0.507630,0.029410,0.459650,1.050861,0.023073
0.050583,0.406051,0.933125,0.052772,0.415196,1.028821,0.062983,0.434345,1.131124,0.068598,0.442883,1.226092,0.075176,0.451125,1.320917,0.091396,0.475401,1.453932,0.107855,0.500539,1.549548,0.113281,0.451490,1.394589,0.248490,0.388687,1.367896,0.273450,0.382459,1.089446,0.339586,0.449528,0.869811,0.055312,0.478093,1.396794,-0.087719,0.525368,1.381090,-0.131604,0.480663,1.108554,-0.178976,0.417889,0.882879,0.118432,0.364550,0.936164,0.103981,0.305027,0.537303,0.065698,0.206205,0.114224,0.187969,0.302514,0.017793,-0.017236,0.447670,0.931313,0.032218,0.607575,0.564138,-0.050065,0.483738,0.154126,0.035927,0.582871,0.028156,0.459794,1.059313,-0.006702
0.059675,0.421986,0.932636,0.062249,0.431548,1.028280,0.072661,0.451362,1.130434,0.078424,0.460577,1.225327,0.085077,0.469574,1.320077,0.101250,0.495020,1.452877,0.117698,0.520830,1.548315,0.123140,0.470721,1.393751,0.258763,0.408626,1.367491,0.286598,0.402806,1.089312,0.357207,0.479861,0.874383,0.065028,0.497028,1.395779,-0.078212,0.543471,1.379489,-0.121683,0.495077,1.107516,-0.172195,0.425951,0.884367,0.127659,0.380691,0.935559,0.106005,0.309850,0.538876,0.066640,0.208132,0.116566,0.187929,0.302434,0.017695,-0.008270,0.463403,0.930939,0.044878,0.627930,0.566218,-0.018476,0.544995,0.143971,0.069062,0.659170,0.030651,0.470591,1.069024,-0.046389
0.068464,0.437958,0.931566,0.071377,0.448082,1.027142,0.082017,0.468649,1.129123,0.087975,0.478604,1.223930,0.094775,0.488395,1.318590,0.111053,0.515032,1.451142,0.127585,0.541511,1.546382,0.132857,0.490290,1.392244,0.268788,0.428696,1.366417,0.299739,0.423261,1.088558,0.374361,0.509606,0.878658,0.074641,0.516374,1.394141,-0.068789,0.562029,1.377299,-0.111805,0.510008,1.105925,-0.165303,0.435529,0.885268,0.136553,0.396835,0.934468,0.108197,0.314914,0.540380,0.067456,0.210235,0.118909,0.187895,0.302331,0.017646,0.000421,0.479212,0.929886,0.056433,0.646286,0.566809,0.013532,0.607992,0.135595,0.102753,0.735537,0.036425,0.488802,1.080159,-0.091477
0.077068,0.454641,0.929905,0.080206,0.465277,1.025420,0.091005,0.486515,1.127250,0.097103,0.497133,1.221978,0.104015,0.507631,1.316556,0.120376,0.535329,1.448884,0.137032,0.562399,1.543937,0.142173,0.510199,1.390176,0.278387,0.449030,1.364849,0.312495,0.443873,1.087352,0.390840,0.538425,0.882332,0.083876,0.536105,1.391951,-0.059699,0.581060,1.374492,-0.102504,0.525452,1.103799,-0.158317,0.446991,0.885068,0.145206,0.413604,0.932860,0.111181,0.320883,0.541594,0.068485,0.212401,0.121312,0.187861,0.302252,0.017551,0.008979,0.495814,0.928171,0.067907,0.664004,0.566127,0.044357,0.668829,0.130651,0.136816,0.806090,0.046148,0.505851,1.102998,-0.136561
0.085239,0.472141,0.927508,0.088457,0.483193,1.022974,0.099349,0.504981,1.124678,0.105545,0.516150,1.219338,0.112559,0.527243,1.313842,0.129034,0.555833,1.445968,0.145878,0.583390,1.540848,0.150957,0.530405,1.387382,0.287454,0.469620,1.362658,0.324751,0.464593,1.085573,0.406600,0.566298,0.885364,0.092606,0.556186,1.389069,-0.051072,0.600545,1.370962,-0.094164,0.541247,1.101108,-0.151404,0.460830,0.883391,0.153365,0.431101,0.930593,0.115038,0.327407,0.542522,0.069779,0.214425,0.123651,0.187827,0.302218,0.017347,0.017156,0.513323,0.925642,0.079589,0.681107,0.563996,0.074107,0.728057,0.131068,0.172846,0.869741,0.062393,0.521030,1.145468,-0.187268
0.093226,0.490353,0.924520,0.096408,0.501769,1.019944,0.107323,0.524027,1.121544,0.113563,0.535669,1.216143,0.120643,0.547272,1.310581,0.137213,0.576620,1.442529,0.154283,0.604588,1.537247,0.159341,0.550950,1.384029,0.296095,0.490474,1.359973,0.336621,0.485470,1.083342,0.421684,0.593245,0.887797,0.100958,0.576651,1.385635,-0.042779,0.620504,1.366817,-0.086400,0.557554,1.097882,-0.144395,0.476552,0.880613,0.161282,0.449224,0.927811,0.119687,0.334836,0.543161,0.071286,0.216512,0.126051,0.187794,0.302208,0.017098,0.025200,0.531624,0.922451,0.091191,0.697570,0.560591,0.102675,0.785125,0.134915,0.209248,0.927579,0.082586,0.535045,1.199640,-0.237972
0.101890,0.509626,0.921374,0.104935,0.521305,1.016770,0.115707,0.543906,1.118309,0.121799,0.555901,1.212873,0.128725,0.567886,1.307273,0.145053,0.597811,1.439119,0.162245,0.626115,1.533716,0.167463,0.571965,1.380722,0.304448,0.511744,1.357354,0.348069,0.506697,1.081191,0.436020,0.618996,0.889449,0.109047,0.597586,1.382133,-0.034681,0.641013,1.362354,-0.078592,0.574853,1.094225,-0.136802,0.493051,0.877353,0.169806,0.468297,0.924910,0.125517,0.344891,0.543282,0.073190,0.219172,0.128949,0.187766,0.302201,0.016898,0.033996,0.551101,0.919061,0.102866,0.714676,0.556654,0.128143,0.834470,0.138049,0.241044,0.976986,0.099677,0.541442,1.252013,-0.266383
0.111656,0.529960,0.918064,0.114488,0.541805,1.013448,0.124909,0.564627,1.114975,0.130596,0.576860,1.209535,0.137056,0.589103,1.303935,0.152642,0.619423,1.435781,0.169787,0.648009,1.530302,0.175422,0.593478,1.377533,0.312656,0.533586,1.354764,0.359217,0.528249,1.079087,0.449863,0.643578,0.890302,0.116951,0.618976,1.378572,-0.026684,0.662034,1.357427,-0.070716,0.593255,1.089964,-0.128555,0.510094,0.873497,0.179348,0.488291,0.921875,0.132311,0.358069,0.542775,0.075210,0.222171,0.132368,0.187741,0.302198,0.016832,0.043982,0.571775,0.915477,0.114568,0.732421,0.552102,0.149753,0.874292,0.139880,0.266378,1.016780,0.112634,0.532632,1.292015,-0.257621
0.122100,0.551356,0.914595,0.124616,0.563264,1.009982,0.134519,0.586180,1.111541,0.139609,0.598531,1.206121,0.145385,0.610907,1.300551,0.159891,0.641438,1.432473,0.176884,0.670232,1.526958,0.183120,0.615459,1.374390,0.320577,0.555845,1.352240,0.369943,0.550150,1.077062,0.462958,0.666963,0.890376,0.124591,0.640835,1.374944,-0.018882,0.683606,1.352183,-0.062797,0.612649,1.085272,-0.119723,0.527913,0.869160,0.189497,0.509235,0.918722,0.140285,0.373872,0.541749,0.077627,0.225743,0.136285,0.187720,0.302199,0.016815,0.054720,0.593625,0.911695,0.126344,0.750809,0.547018,0.168265,0.906392,0.140997,0.287107,1.048145,0.122488,0.516204,1.330218,-0.226567
0.132818,0.574176,0.911414,0.134851,0.585970,1.006823,0.144090,0.608787,1.108464,0.148446,0.621082,1.203085,0.153408,0.633418,1.297564,0.166683,0.663913,1.429622,0.183465,0.692791,1.524119,0.190390,0.637947,1.371690,0.327927,0.578204,1.350459,0.379833,0.572669,1.075745,0.474467,0.688796,0.889546,0.131843,0.663286,1.371715,-0.011417,0.705910,1.347357,-0.054283,0.633176,1.080769,-0.110026,0.546097,0.865310,0.199866,0.531537,0.915897,0.150474,0.392527,0.540309,0.081466,0.231103,0.141066,0.187712,0.302183,0.016689,0.065785,0.616964,0.908160,0.138490,0.771132,0.542401,0.184041,0.930619,0.139030,0.303821,1.072017,0.125286,0.508464,1.384827,-0.195574
0.143805,0.598792,0.908530,0.145092,0.610238,1.003990,0.153471,0.632715,1.105777,0.156925,0.644744,1.200467,0.160932,0.656840,1.295019,0.172834,0.687014,1.427278,0.189336,0.715841,1.521840,0.197046,0.661092,1.369464,0.334498,0.600666,1.349711,0.388624,0.595977,1.075401,0.483893,0.708903,0.887522,0.138529,0.686509,1.368921,-0.004507,0.729026,1.343054,-0.044741,0.654809,1.076482,-0.099007,0.563890,0.862298,0.210416,0.555526,0.913458,0.162798,0.414264,0.538350,0.086313,0.237926,0.147166,0.187722,0.302137,0.016248,0.077204,0.642202,0.904835,0.151357,0.794776,0.538664,0.196749,0.944156,0.131799,0.315760,1.086497,0.117933,0.521775,1.484241,-0.179820
0.155066,0.624832,0.905933,0.155439,0.635753,1.001464,0.162812,0.657696,1.103448,0.165227,0.669287,1.198227,0.168152,0.680969,1.292873,0.178527,0.710576,1.425391,0.194689,0.739227,1.520066,0.203276,0.684742,1.367681,0.340497,0.623228,1.349706,0.396580,0.619902,1.075765,0.491735,0.727458,0.884594,0.144827,0.710324,1.366527,0.002066,0.752875,1.339170,-0.034606,0.677575,1.072384,-0.087122,0.582047,0.859774,0.221185,0.580873,0.911346,0.177337,0.438853,0.535976,0.092581,0.246538,0.154129,0.187746,0.302074,0.015698,0.088949,0.668931,0.901758,0.164593,0.820355,0.535394,0.206722,0.949820,0.121484,0.323684,1.093485,0.103525,0.543775,1.600060,-0.164128
0.166211,0.651546,0.904044,0.165728,0.661854,0.999645,0.172118,0.683146,1.101835,0.173503,0.694182,1.196701,0.175342,0.705324,1.291440,0.184190,0.734162,1.424239,0.200033,0.762491,1.519064,0.209473,0.708479,1.366636,0.346262,0.645563,1.350254,0.404083,0.644205,1.076665,0.498647,0.744628,0.881513,0.151143,0.734313,1.364899,0.008822,0.777404,1.336131,-0.024624,0.701695,1.069014,-0.075457,0.602423,0.857648,0.231906,0.606992,0.909835,0.195356,0.465830,0.533596,0.102536,0.259132,0.160954,0.187775,0.302012,0.015494,0.100511,0.696236,0.899494,0.177444,0.845001,0.532354,0.215320,0.955909,0.112249,0.330463,1.099624,0.087390,0.553677,1.665292,-0.125320
0.177360,0.679283,0.902971,0.176078,0.688888,0.998636,0.181469,0.709353,1.101045,0.181786,0.719635,1.195999,0.182475,0.730001,1.290832,0.189702,0.757686,1.423960,0.205237,0.785442,1.519001,0.215561,0.732285,1.366477,0.351557,0.667415,1.351337,0.411286,0.669173,1.078186,0.504993,0.760381,0.878356,0.157426,0.758505,1.364179,0.015834,0.802977,1.334032,-0.015147,0.727604,1.066512,-0.064245,0.625686,0.855963,0.242725,0.634275,0.909017,0.218615,0.495209,0.531185,0.118724,0.277591,0.166276,0.187017,0.300853,0.014376,0.111982,0.724420,0.898167,0.189950,0.867753,0.529159,0.223125,0.966308,0.105363,0.337256,1.107554,0.069206,0.536650,1.639243,-0.035167
0.188393,0.707695,0.902605,0.186371,0.716507,0.998333,0.190784,0.736030,1.100971,0.190045,0.745441,1.196011,0.189579,0.754904,1.290938,0.195184,0.781234,1.424416,0.210431,0.808270,1.519711,0.221617,0.756177,1.367056,0.356618,0.689041,1.352973,0.418036,0.694518,1.080243,0.510410,0.774750,0.875047,0.163727,0.782873,1.364224,0.023028,0.829230,1.332779,-0.005824,0.754867,1.064738,-0.053252,0.651168,0.854677,0.253495,0.662329,0.908799,0.245355,0.526977,0.528767,0.138599,0.300033,0.171461,0.186265,0.299695,0.013604,0.123270,0.753180,0.897653,0.202072,0.889571,0.526194,0.229556,0.977132,0.099557,0.342904,1.114634,0.049295,0.507526,1.562607,0.078101
0.198561,0.734987,0.903033,0.196080,0.743007,0.998823,0.199825,0.761735,1.101643,0.198331,0.770459,1.196749,0.197018,0.779259,1.291743,0.201425,0.804636,1.425466,0.216508,0.831094,1.520953,0.228272,0.779785,1.368228,0.362488,0.710872,1.355018,0.424257,0.719134,1.082413,0.514472,0.788002,0.872104,0.170605,0.806915,1.364977,0.030708,0.855009,1.332512,0.003655,0.782400,1.063819,-0.042863,0.678722,0.853579,0.263509,0.689396,0.909171,0.271558,0.560634,0.526829,0.156789,0.322998,0.179603,0.187888,0.301844,0.017417,0.133586,0.780687,0.898135,0.212935,0.910471,0.524384,0.234232,0.985025,0.095195,0.346810,1.119583,0.033957,0.490019,1.490462,0.152968
0.207261,0.760479,0.904359,0.204798,0.767719,1.000212,0.208383,0.785908,1.103139,0.206627,0.794270,1.198279,0.204960,0.802829,1.293296,0.208839,0.827958,1.427093,0.223957,0.854078,1.522669,0.235858,0.803074,1.369993,0.369717,0.733312,1.357472,0.429738,0.742875,1.084514,0.516810,0.800085,0.869558,0.178361,0.830539,1.366493,0.039073,0.879984,1.333417,0.013518,0.810030,1.063882,-0.033485,0.708516,0.852656,0.272207,0.714837,0.910111,0.296235,0.596559,0.525312,0.170689,0.344438,0.193268,0.192629,0.307233,0.029553,0.142287,0.806219,0.899847,0.222532,0.931165,0.524528,0.236550,0.987971,0.092758,0.348213,1.121286,0.026433,0.500685,1.440821,0.146341
0.215097,0.784851,0.906479,0.212933,0.791313,1.002393,0.216666,0.809108,1.105382,0.214952,0.817294,1.200534,0.213236,0.825853,1.295547,0.217013,0.851133,1.429314,0.232288,0.877058,1.524917,0.244042,0.826079,1.372350,0.377755,0.755957,1.360335,0.434690,0.765887,1.086728,0.517793,0.811050,0.867379,0.186694,0.853838,1.368717,0.047923,0.904485,1.335309,0.023536,0.837930,1.064800,-0.024712,0.740383,0.851922,0.280149,0.739291,0.911642,0.320375,0.634374,0.524275,0.182905,0.366400,0.209891,0.199745,0.315929,0.046274,0.150016,0.830499,0.902555,0.230871,0.950940,0.525826,0.237114,0.987987,0.091766,0.347874,1.120857,0.023481,0.522967,1.395671,0.101312
0.223124,0.808346,0.909166,0.221183,0.814098,1.005131,0.225055,0.831570,1.108168,0.223407,0.839644,1.203328,0.221700,0.848269,1.298332,0.225493,0.873794,1.432046,0.240933,0.899652,1.527640,0.252458,0.848532,1.375157,0.385998,0.778039,1.363464,0.439661,0.787511,1.089186,0.518106,0.821325,0.865990,0.195265,0.876594,1.371419,0.056963,0.928351,1.337778,0.033335,0.865531,1.066311,-0.015714,0.773668,0.851208,0.288301,0.762908,0.913826,0.342927,0.672450,0.524376,0.195877,0.391573,0.224871,0.209378,0.331451,0.060603,0.157918,0.853862,0.905744,0.237109,0.967683,0.526802,0.237356,0.987767,0.091135,0.347472,1.120358,0.021683,0.530911,1.356055,0.085640
0.231828,0.831033,0.912541,0.229892,0.836048,1.008547,0.233790,0.853198,1.111638,0.232148,0.861179,1.206806,0.230436,0.869908,1.301800,0.234286,0.895747,1.435452,0.249824,0.921733,1.530995,0.261114,0.870259,1.378517,0.394374,0.799218,1.366940,0.444904,0.807460,1.092023,0.517829,0.830911,0.865646,0.204094,0.898656,1.374667,0.066239,0.951448,1.340798,0.042781,0.892563,1.068436,-0.006452,0.808455,0.850337,0.297088,0.785670,0.916849,0.363142,0.710641,0.525882,0.210270,0.421156,0.237168,0.221119,0.355051,0.070363,0.166542,0.876460,0.909479,0.240299,0.980049,0.526759,0.237676,0.988081,0.090487,0.347552,1.120443,0.020175,0.501227,1.326035,0.141502
0.240723,0.852842,0.916482,0.238716,0.857189,1.012520,0.242632,0.874088,1.115651,0.241019,0.882041,1.210823,0.239360,0.890939,1.305802,0.243386,0.917185,1.439369,0.259029,0.943429,1.534825,0.270001,0.891435,1.382327,0.402954,0.819833,1.370682,0.450165,0.826021,1.095104,0.516882,0.839806,0.866093,0.213161,0.920175,1.378394,0.075703,0.973909,1.344394,0.052007,0.919296,1.071155,0.003035,0.844660,0.849487,0.306086,0.807595,0.920524,0.381770,0.749093,0.528526,0.225419,0.453949,0.247823,0.235376,0.385476,0.077731,0.175338,0.898141,0.913695,0.241388,0.989381,0.526394,0.237675,0.988159,0.090200,0.347569,1.120458,0.019819,0.457205,1.301548,0.226721
0.249411,0.873816,0.920398,0.247322,0.877910,1.016445,0.251238,0.894763,1.119583,0.249663,0.902767,1.214750,0.248077,0.911808,1.309717,0.252316,0.938318,1.443227,0.268169,0.964735,1.538600,0.278733,0.912316,1.386134,0.411347,0.840123,1.374312,0.455239,0.843398,1.098150,0.515712,0.848423,0.866994,0.222061,0.941382,1.382167,0.084923,0.995970,1.348238,0.061033,0.945969,1.074142,0.013452,0.881388,0.849022,0.314993,0.828888,0.924366,0.400011,0.786614,0.532170,0.241762,0.489044,0.255355,0.253511,0.422490,0.082259,0.183808,0.918792,0.917688,0.242368,0.997599,0.526314,0.237584,0.988380,0.090324,0.347577,1.120502,0.019792,0.442765,1.271448,0.282517
0.257604,0.893694,0.924228,0.255481,0.898251,1.020250,0.259395,0.915397,1.123339,0.257873,0.923569,1.218493,0.256377,0.932690,1.313454,0.260853,0.959183,1.446958,0.277071,0.985591,1.542273,0.287124,0.932938,1.389934,0.419367,0.860129,1.377743,0.460041,0.859437,1.101090,0.514395,0.856809,0.868321,0.230608,0.962308,1.386006,0.093688,1.017638,1.352399,0.069790,0.972920,1.077427,0.025026,0.918628,0.849070,0.323588,0.849391,0.928410,0.418679,0.822350,0.537167,0.259380,0.526038,0.259290,0.276746,0.466898,0.083442,0.191597,0.938052,0.921302,0.243887,1.005065,0.526820,0.237427,0.988899,0.090999,0.347578,1.120617,0.019957,0.486685,1.224473,0.282104
0.265589,0.912736,0.928033,0.263421,0.918172,1.024008,0.267316,0.935817,1.127013,0.265855,0.944235,1.222146,0.264469,0.953409,1.317104,0.269220,0.979743,1.450631,0.285909,1.006056,1.545890,0.295358,0.953266,1.393733,0.427200,0.879811,1.381062,0.464656,0.874291,1.103995,0.512856,0.864916,0.870103,0.238988,0.982923,1.389891,0.102208,1.038907,1.356807,0.078346,0.999812,1.080981,0.037531,0.956391,0.849505,0.332092,0.869261,0.932619,0.436961,0.857154,0.543164,0.278192,0.565333,0.260104,0.303858,0.517894,0.081784,0.199060,0.956283,0.924692,0.245297,1.011417,0.527611,0.237180,0.989562,0.092084,0.347569,1.120761,0.020451,0.560187,1.171885,0.252269
0.273830,0.931768,0.931394,0.271498,0.937950,1.027324,0.275304,0.956030,1.130258,0.273871,0.964661,1.225373,0.272585,0.973886,1.320327,0.277615,1.000093,1.453868,0.294830,1.026312,1.549060,0.303601,0.973451,1.397088,0.435016,0.899281,1.384147,0.469128,0.888622,1.106800,0.511305,0.873022,0.872086,0.247357,1.003360,1.393337,0.110683,1.059983,1.360925,0.086933,1.025874,1.084390,0.050999,0.993810,0.850309,0.340867,0.889172,0.936401,0.453620,0.892391,0.548963,0.298401,0.607234,0.257744,0.332542,0.572826,0.078356,0.206763,0.974450,0.927624,0.246644,1.017483,0.528390,0.237008,0.990277,0.093209,0.347597,1.120907,0.020852,0.620858,1.136325,0.214597
0.282537,0.951055,0.934243,0.279845,0.957641,1.030137,0.283448,0.975983,1.133032,0.281978,0.984745,1.228135,0.280764,0.994018,1.323085,0.286058,1.020181,1.456625,0.303870,1.046320,1.551728,0.311854,0.993486,1.399940,0.442794,0.918458,1.387160,0.473325,0.902377,1.109685,0.509663,0.881045,0.874414,0.255714,1.023603,1.396264,0.119113,1.080899,1.364749,0.095793,1.050642,1.087706,0.065790,1.030419,0.851537,0.350099,0.909348,0.939641,0.468121,0.928870,0.554282,0.320290,0.651878,0.251689,0.362414,0.631113,0.072912,0.214941,0.992852,0.930077,0.247776,1.023431,0.529090,0.236925,0.991075,0.094268,0.347688,1.121055,0.021017,0.654082,1.131995,0.172333
0.291501,0.970333,0.936649,0.288328,0.977188,1.032508,0.291657,0.995728,1.135377,0.290118,1.004589,1.230469,0.288967,1.013908,1.325416,0.294528,1.040059,1.458948,0.312993,1.066118,1.553948,0.320115,1.013377,1.402349,0.450554,0.937424,1.389939,0.477380,0.915609,1.112470,0.508011,0.889067,0.876943,0.264061,1.043668,1.398751,0.127498,1.101624,1.368281,0.104683,1.074579,1.090876,0.081544,1.066684,0.853134,0.359602,0.929566,0.942454,0.481000,0.965781,0.559404,0.343575,0.699127,0.242461,0.393858,0.693337,0.065696,0.223359,1.011190,0.932070,0.248844,1.029094,0.529778,0.236916,0.991926,0.095366,0.347817,1.121207,0.021091,0.674475,1.144693,0.122231
0.300556,0.989637,0.938400,0.296900,0.996704,1.034227,0.299965,1.015430,1.137071,0.298373,1.024397,1.232152,0.297306,1.033788,1.327093,0.303167,1.059986,1.460602,0.322247,1.085996,1.555495,0.328539,1.033291,1.404063,0.458529,0.956529,1.391879,0.481732,0.929135,1.114555,0.506802,0.897615,0.878991,0.272561,1.063732,1.400546,0.136040,1.122273,1.370990,0.113111,1.098304,1.093326,0.097209,1.103133,0.854922,0.369187,0.949820,0.944591,0.492619,1.002058,0.563976,0.367613,0.748879,0.231577,0.425723,0.758592,0.058516,0.231879,1.029544,0.933433,0.250350,1.034802,0.530355,0.237097,0.992642,0.096450,0.347946,1.121338,0.021086,0.683467,1.154454,0.076139
0.309705,1.008991,0.939450,0.305552,1.016208,1.035245,0.308358,1.035110,1.138064,0.306733,1.044192,1.233134,0.305780,1.053684,1.328066,0.311984,1.079990,1.461538,0.331608,1.105990,1.556324,0.337142,1.053239,1.405018,0.466757,0.975852,1.392797,0.486537,0.943027,1.115806,0.506229,0.906741,0.880396,0.281223,1.083795,1.401593,0.144757,1.142809,1.372722,0.120701,1.121952,1.094906,0.112557,1.140159,0.856910,0.378868,0.970170,0.946014,0.502907,1.037687,0.568014,0.392396,0.801439,0.218872,0.457879,0.827347,0.051529,0.240491,1.047901,0.934108,0.252501,1.040519,0.530822,0.237561,0.993104,0.097509,0.348070,1.121431,0.021026,0.677433,1.152153,0.040499
0.318947,1.028370,0.939846,0.314293,1.035680,1.035611,0.316849,1.054746,1.138406,0.315207,1.063952,1.233464,0.314390,1.073570,1.328384,0.320969,1.100042,1.461807,0.341099,1.126064,1.556479,0.345908,1.073208,1.405277,0.475198,0.995316,1.392876,0.491641,0.957214,1.116357,0.506099,0.916392,0.881320,0.290038,1.103858,1.401948,0.153631,1.163269,1.373631,0.127830,1.145387,1.095765,0.127815,1.177368,0.859089,0.388631,0.990557,0.946761,0.511935,1.072681,0.571503,0.417931,0.856502,0.204511,0.490456,0.899132,0.044577,0.249205,1.066273,0.934152,0.255089,1.046281,0.531179,0.238214,0.993431,0.098554,0.348195,1.121504,0.020889,0.659998,1.146914,0.008870
0.328112,1.047742,0.939523,0.323099,1.055170,1.035261,0.325508,1.074437,1.138022,0.323907,1.083810,1.233064,0.323259,1.093604,1.327967,0.330236,1.120317,1.461321,0.350840,1.146406,1.555873,0.354953,1.093335,1.404775,0.483962,1.015035,1.392053,0.497016,0.972296,1.116013,0.506289,0.926938,0.881559,0.299139,1.124091,1.401532,0.162815,1.183889,1.373639,0.135136,1.168819,1.095785,0.142618,1.214111,0.861255,0.398244,1.010803,0.946701,0.520281,1.106015,0.574046,0.443595,0.913047,0.190510,0.522701,0.971634,0.038997,0.257918,1.084772,0.933565,0.257990,1.052524,0.531316,0.238892,0.993804,0.099558,0.348302,1.121588,0.020624,0.643464,1.146140,-0.026227
0.337116,1.067025,0.938402,0.331940,1.074656,1.034117,0.334338,1.094199,1.136826,0.332851,1.103820,1.231845,0.332406,1.113868,1.326722,0.339793,1.140928,1.459983,0.360830,1.167136,1.554407,0.364291,1.113692,1.403424,0.493112,1.035176,1.390146,0.502733,0.988443,1.114598,0.506636,0.938466,0.880952,0.308545,1.144578,1.400241,0.172328,1.204739,1.372599,0.142766,1.192239,1.094809,0.156842,1.250336,0.863457,0.407590,1.030767,0.945741,0.528102,1.137351,0.575612,0.469439,0.970781,0.177055,0.554900,1.044288,0.034850,0.266578,1.103378,0.932284,0.261195,1.059332,0.531176,0.239541,0.994250,0.100457,0.348448,1.121697,0.020156,0.631673,1.151207,-0.070004
0.346044,1.086300,0.936562,0.340846,1.094159,1.032257,0.343335,1.114015,1.134904,0.342022,1.123927,1.229895,0.341811,1.134280,1.324741,0.349631,1.161760,1.457892,0.371070,1.188135,1.552179,0.373906,1.134207,1.401313,0.502584,1.055573,1.387336,0.508722,1.005485,1.112289,0.507303,0.950888,0.879661,0.318237,1.165237,1.398178,0.182151,1.225749,1.370659,0.150573,1.215657,1.092994,0.170611,1.286093,0.865646,0.416787,1.050590,0.943974,0.535240,1.167025,0.576233,0.495412,1.029998,0.163960,0.586767,1.117658,0.032075,0.275237,1.122110,0.930372,0.264712,1.066621,0.530816,0.240216,0.994741,0.101315,0.348576,1.121816,0.019561,0.620783,1.160740,-0.117249
0.354981,1.105771,0.934167,0.349881,1.113802,1.029852,0.352556,1.133928,1.132442,0.351476,1.144109,1.227408,0.351545,1.154755,1.322222,0.359843,1.182648,1.455258,0.381676,1.209229,1.549396,0.383873,1.154792,1.398640,0.512296,1.075842,1.384107,0.514752,1.023515,1.109419,0.508651,0.964307,0.877966,0.328293,1.185988,1.395569,0.192374,1.246933,1.368188,0.158753,1.239306,1.090687,0.183935,1.320880,0.867476,0.425951,1.070512,0.941547,0.541796,1.195019,0.575604,0.520727,1.090553,0.152684,0.616689,1.191118,0.031820,0.283949,1.141135,0.928011,0.268447,1.074578,0.530309,0.240909,0.995374,0.102302,0.348495,1.121938,0.019016,0.611570,1.178018,-0.159796
0.363870,1.125424,0.931168,0.359009,1.133517,1.026860,0.361984,1.153849,1.129400,0.361215,1.164268,1.224343,0.361621,1.175201,1.319123,0.370471,1.203517,1.452033,0.392711,1.230378,1.545996,0.394219,1.175380,1.395353,0.522144,1.095668,1.380606,0.520500,1.042715,1.106031,0.510581,0.978661,0.876010,0.338752,1.206787,1.392360,0.203080,1.268341,1.365127,0.167397,1.263365,1.087828,0.196817,1.354650,0.868851,0.435026,1.090507,0.938374,0.547817,1.221229,0.573569,0.545538,1.153435,0.143375,0.644476,1.265438,0.034267,0.292653,1.160446,0.925189,0.272290,1.083147,0.529653,0.241602,0.996105,0.103386,0.348012,1.122078,0.018596,0.602089,1.206684,-0.195561
0.372767,1.145274,0.927614,0.368266,1.153370,1.023324,0.371636,1.173867,1.125819,0.371239,1.184501,1.220741,0.372024,1.195709,1.315486,0.381471,1.224442,1.448265,0.404112,1.251623,1.542040,0.404916,1.196038,1.391505,0.532231,1.115365,1.376686,0.526289,1.062903,1.102081,0.513193,0.994012,0.873650,0.349576,1.227680,1.388606,0.214186,1.289923,1.361534,0.176414,1.287656,1.084478,0.209253,1.387449,0.869866,0.444068,1.110601,0.934540,0.553256,1.245758,0.570284,0.569691,1.217655,0.135884,0.670319,1.339849,0.039233,0.301409,1.180051,0.921919,0.276350,1.092384,0.528848,0.242313,0.996979,0.104599,0.347320,1.122220,0.018226,0.594286,1.243096,-0.226628
0.381935,1.165566,0.923817,0.377829,1.173678,1.019543,0.381616,1.194293,1.122001,0.381604,1.205076,1.216906,0.382776,1.216470,1.311626,0.392813,1.245476,1.444304,0.415812,1.272913,1.537917,0.415956,1.216890,1.387464,0.542785,1.135497,1.372387,0.532850,1.083637,1.097773,0.517145,1.010653,0.870746,0.360720,1.248726,1.384698,0.225534,1.311551,1.357951,0.185722,1.311880,1.081167,0.221235,1.418914,0.870466,0.453366,1.131103,0.930441,0.558078,1.268900,0.565911,0.591940,1.280111,0.131232,0.693175,1.411410,0.047317,0.310452,1.200131,0.918426,0.280857,1.102648,0.527973,0.243087,0.998223,0.106206,0.346803,1.122310,0.017862,0.594770,1.279600,-0.251079
0.391400,1.186277,0.919763,0.387730,1.194450,1.015501,0.391951,1.215146,1.117925,0.392334,1.226008,1.212821,0.393889,1.237484,1.307526,0.404484,1.266590,1.440139,0.427774,1.294208,1.533628,0.427333,1.237929,1.383245,0.553895,1.156223,1.367617,0.540397,1.104836,1.093063,0.522784,1.028694,0.867183,0.372166,1.269896,1.380651,0.237066,1.333147,1.354488,0.195276,1.336047,1.078014,0.232734,1.449021,0.870688,0.462951,1.152003,0.926068,0.562065,1.289838,0.560004,0.612602,1.341541,0.130920,0.712349,1.481528,0.060550,0.319802,1.220653,0.914692,0.285749,1.113791,0.527074,0.243956,0.999727,0.108181,0.346640,1.122310,0.017458,0.607441,1.314322,-0.269904
0.401135,1.207431,0.915467,0.397936,1.215675,1.011215,0.402614,1.236407,1.113612,0.403405,1.247281,1.208504,0.405352,1.258750,1.303202,0.416496,1.287812,1.435781,0.440035,1.315548,1.529173,0.439052,1.259162,1.378832,0.565471,1.177384,1.362469,0.548717,1.126580,1.087995,0.529762,1.048026,0.863076,0.383933,1.291219,1.376450,0.248839,1.354788,1.351035,0.205122,1.360146,1.074900,0.243779,1.477793,0.870493,0.472792,1.173311,0.921430,0.565435,1.309389,0.553008,0.631359,1.401206,0.133446,0.728536,1.548798,0.076900,0.329440,1.241650,0.910735,0.291088,1.125962,0.526105,0.244888,1.001602,0.110551,0.346653,1.122258,0.017059,0.628399,1.349137,-0.282114
0.411328,1.229344,0.911281,0.408528,1.237645,1.007038,0.413624,1.258335,1.109423,0.414810,1.269122,1.204321,0.417149,1.280458,1.299026,0.428853,1.309281,1.431607,0.452642,1.337010,1.524937,0.451120,1.280731,1.374552,0.577482,1.199065,1.357262,0.557901,1.148668,1.082897,0.537698,1.068614,0.858627,0.396024,1.312840,1.372445,0.260871,1.376586,1.347801,0.215311,1.383854,1.071999,0.254446,1.504934,0.869712,0.483083,1.195376,0.916952,0.568807,1.330298,0.546432,0.646013,1.453780,0.135323,0.742778,1.606064,0.090873,0.339540,1.263412,0.906841,0.297286,1.139958,0.525000,0.245828,1.004416,0.113667,0.346684,1.122210,0.016760,0.652561,1.382009,-0.282829
0.422081,1.252019,0.907248,0.419585,1.260420,1.003006,0.425047,1.281018,1.105392,0.426602,1.291629,1.200306,0.429329,1.302703,1.295032,0.441596,1.331066,1.427662,0.465656,1.358628,1.520971,0.463580,1.302711,1.370431,0.589991,1.221389,1.351962,0.568040,1.170927,1.077782,0.546475,1.090508,0.853758,0.408478,1.334830,1.368668,0.273196,1.398588,1.344773,0.225916,1.407142,1.069290,0.264786,1.530442,0.868226,0.493930,1.218207,0.912715,0.571630,1.353589,0.540670,0.655030,1.497494,0.136106,0.755997,1.649982,0.102779,0.350206,1.285931,0.903012,0.304485,1.155488,0.523885,0.246611,1.007938,0.117562,0.346693,1.122181,0.016615,0.683329,1.412109,-0.269520
0.433292,1.275454,0.903327,0.431027,1.283938,0.999083,0.436817,1.304368,1.101486,0.438728,1.314703,1.196425,0.441844,1.325390,1.291184,0.454684,1.353097,1.423901,0.479015,1.380368,1.517226,0.476390,1.325028,1.366442,0.602934,1.244234,1.346604,0.579043,1.193529,1.072637,0.556210,1.113659,0.848547,0.421257,1.357118,1.365087,0.285778,1.420746,1.341965,0.236865,1.430037,1.066793,0.274748,1.554319,0.866154,0.505227,1.241796,0.908638,0.574454,1.378238,0.535326,0.659944,1.534116,0.136240,0.767270,1.683896,0.112308,0.361335,1.309214,0.899246,0.312544,1.172844,0.522634,0.247403,1.012399,0.122204,0.346721,1.122156,0.016569,0.717299,1.440266,-0.244716
0.444835,1.299963,0.899743,0.442693,1.308302,0.995514,0.448762,1.328370,1.097970,0.451013,1.338270,1.192945,0.454535,1.348428,1.287747,0.467996,1.375304,1.420570,0.492580,1.402202,1.513937,0.489427,1.347596,1.362833,0.616080,1.267318,1.341614,0.590730,1.216789,1.067748,0.566861,1.137883,0.843432,0.434257,1.379638,1.361951,0.298534,1.443026,1.339620,0.247997,1.452299,1.064748,0.284254,1.576270,0.863681,0.516854,1.266460,0.904902,0.579554,1.403921,0.530720,0.663148,1.563626,0.133572,0.774867,1.710687,0.113031,0.372796,1.333567,0.895815,0.321450,1.193708,0.520807,0.248645,1.019068,0.127852,0.346736,1.122142,0.016551,0.739186,1.466931,-0.211129
0.456746,1.326110,0.896292,0.454648,1.333923,0.992107,0.460952,1.353311,1.094676,0.463529,1.362514,1.189710,0.467461,1.371917,1.284570,0.481572,1.397677,1.417542,0.506350,1.424057,1.511004,0.502749,1.370443,1.359448,0.629379,1.290457,1.336974,0.603205,1.240687,1.063037,0.578389,1.163052,0.838379,0.447537,1.402419,1.359123,0.311519,1.465451,1.337603,0.259093,1.473846,1.063058,0.293181,1.596343,0.860655,0.528880,1.292827,0.901221,0.587865,1.431135,0.526689,0.664508,1.584826,0.125884,0.776534,1.730191,0.098840,0.384592,1.359491,0.892596,0.331395,1.218301,0.518169,0.250331,1.027616,0.134604,0.346683,1.122454,0.016072,0.742301,1.499256,-0.169365
0.468989,1.353332,0.893179,0.466826,1.360390,0.989053,0.473316,1.378905,1.091772,0.476205,1.387250,1.186876,0.480563,1.395756,1.281803,0.495373,1.420226,1.414943,0.520324,1.446006,1.508527,0.516299,1.393543,1.356443,0.642881,1.313835,1.332702,0.616364,1.265243,1.058584,0.590835,1.189295,0.833422,0.461038,1.425433,1.356741,0.324677,1.487997,1.336049,0.270372,1.494758,1.061820,0.301651,1.614490,0.857228,0.541236,1.320269,0.897881,0.598452,1.459382,0.523395,0.664159,1.598914,0.115395,0.774526,1.742571,0.075844,0.396719,1.386485,0.889712,0.342188,1.246402,0.514953,0.252467,1.038371,0.142363,0.346616,1.122778,0.015621,0.733332,1.530089,-0.118818
0.481334,1.380248,0.891247,0.478870,1.386568,0.987164,0.485471,1.404273,1.090022,0.488658,1.411845,1.185185,0.493498,1.419562,1.280159,0.509155,1.442913,1.413407,0.534361,1.468239,1.507047,0.529785,1.416728,1.354526,0.656500,1.337720,1.329283,0.629710,1.290831,1.054905,0.604273,1.216817,0.829098,0.474480,1.448526,1.355466,0.337756,1.510565,1.335610,0.282328,1.515036,1.061565,0.309953,1.630283,0.854043,0.553599,1.347232,0.895914,0.610785,1.486842,0.521646,0.664900,1.609471,0.106612,0.773875,1.751199,0.055941,0.409039,1.413347,0.887816,0.353243,1.279039,0.511416,0.255510,1.053590,0.151094,0.346673,1.122177,0.016593,0.717055,1.538423,-0.060385
0.493878,1.406535,0.890919,0.490689,1.412231,0.986849,0.497275,1.429272,1.089821,0.500749,1.436235,1.185020,0.506181,1.443340,1.280009,0.522980,1.465834,1.413262,0.548572,1.490927,1.506861,0.543241,1.440057,1.354043,0.670415,1.362554,1.326720,0.643197,1.317918,1.052008,0.618839,1.245762,0.825453,0.487913,1.471785,1.355674,0.350829,1.533280,1.336625,0.295290,1.534489,1.062585,0.318002,1.643352,0.851154,0.565996,1.373268,0.895925,0.626037,1.513469,0.522340,0.668489,1.616912,0.101275,0.777142,1.756159,0.043284,0.421716,1.439878,0.887147,0.364232,1.317801,0.507102,0.259536,1.074703,0.160718,0.346648,1.118156,0.019127,0.691307,1.506055,0.015546
0.506525,1.432517,0.891771,0.502374,1.437605,0.987699,0.508871,1.454044,1.090773,0.512616,1.460484,1.185998,0.518697,1.467084,1.280983,0.536786,1.488892,1.414179,0.562845,1.513899,1.507673,0.556634,1.463471,1.354649,0.684448,1.387896,1.325010,0.656872,1.346037,1.049887,0.634399,1.275988,0.822441,0.501286,1.495124,1.356990,0.363823,1.556017,1.338755,0.308929,1.553307,1.064590,0.325884,1.654067,0.848506,0.578401,1.398823,0.897309,0.643036,1.539308,0.524580,0.673169,1.620821,0.097645,0.781765,1.757366,0.033720,0.434586,1.466278,0.887465,0.375484,1.361099,0.502465,0.264469,1.100279,0.171315,0.346745,1.113212,0.023084,0.658251,1.451187,0.099364
0.518755,1.457782,0.893375,0.513837,1.462239,0.989302,0.520293,1.478142,1.092464,0.524299,1.484154,1.187706,0.530952,1.490386,1.282679,0.550142,1.511757,1.415798,0.576706,1.536831,1.509130,0.569573,1.486624,1.356012,0.697973,1.412693,1.324633,0.670380,1.374161,1.049039,0.650624,1.307275,0.820458,0.514165,1.518133,1.358946,0.376266,1.578300,1.341631,0.322743,1.572060,1.067239,0.334143,1.663101,0.846573,0.590413,1.423682,0.899284,0.657734,1.562672,0.526476,0.676471,1.623529,0.095003,0.785096,1.757934,0.026699,0.447022,1.491941,0.888695,0.387408,1.405187,0.499137,0.270542,1.128286,0.183088,0.347711,1.113893,0.029451,0.629155,1.407423,0.161335
0.530513,1.482131,0.895721,0.525165,1.485824,0.991658,0.531671,1.501241,1.094890,0.535926,1.506948,1.190142,0.543037,1.513018,1.285094,0.563040,1.534341,1.418103,0.590211,1.559712,1.511176,0.581979,1.509391,1.358147,0.710793,1.436488,1.325979,0.683338,1.402219,1.049830,0.667404,1.339672,0.819739,0.526457,1.540680,1.361487,0.388063,1.600070,1.345424,0.337314,1.591134,1.070596,0.343578,1.670154,0.845430,0.602020,1.447698,0.901693,0.668576,1.583223,0.527409,0.677089,1.625472,0.093384,0.785808,1.758710,0.022767,0.458935,1.516609,0.890980,0.400255,1.449356,0.497647,0.277721,1.158189,0.197055,0.349624,1.125802,0.028797,0.610408,1.396068,0.181197
0.541854,1.505763,0.898818,0.536272,1.508669,0.994767,0.542876,1.523665,1.098055,0.547368,1.529162,1.193308,0.554861,1.535208,1.288231,0.575488,1.556730,1.421111,0.603303,1.582554,1.513868,0.593933,1.531897,1.361040,0.723106,1.459739,1.328658,0.696130,1.430282,1.051895,0.684849,1.373131,0.820049,0.538254,1.562897,1.364668,0.399310,1.621386,1.349964,0.352060,1.610144,1.074598,0.353390,1.675528,0.845003,0.613234,1.471017,0.904693,0.677117,1.601300,0.527998,0.676329,1.626213,0.092753,0.785227,1.758845,0.021376,0.470414,1.540540,0.894178,0.413773,1.494317,0.497465,0.286040,1.190523,0.212198,0.352042,1.136133,0.047227,0.595620,1.395817,0.179211
0.552425,1.528871,0.902259,0.546814,1.531251,0.998223,0.553558,1.545938,1.101546,0.558269,1.551256,1.196798,0.566054,1.557240,1.291701,0.587080,1.578852,1.424502,0.615337,1.605070,1.517019,0.605284,1.554181,1.364314,0.734869,1.482764,1.331981,0.709555,1.457544,1.054632,0.702961,1.407286,0.821086,0.549398,1.584777,1.368187,0.409818,1.641954,1.354363,0.364735,1.628497,1.078711,0.361741,1.680801,0.845544,0.623699,1.493867,0.907973,0.683975,1.616235,0.528212,0.675643,1.626766,0.092289,0.784680,1.758913,0.020332,0.481097,1.563899,0.897783,0.427619,1.538453,0.498620,0.295843,1.224852,0.225659,0.356565,1.156241,0.063996,0.576891,1.376357,0.186426
0.561980,1.551783,0.906028,0.556608,1.554030,1.002010,0.563547,1.568517,1.105349,0.568453,1.573616,1.200603,0.576416,1.579371,1.295506,0.597542,1.600728,1.428334,0.625929,1.627161,1.520752,0.615954,1.576342,1.367973,0.746059,1.505780,1.335856,0.724420,1.483739,1.057956,0.722337,1.442199,0.822691,0.559777,1.606338,1.372084,0.419405,1.661484,1.358299,0.373716,1.646174,1.082821,0.367361,1.686657,0.847302,0.633185,1.516622,0.911516,0.688954,1.626890,0.527684,0.675459,1.627390,0.091512,0.784607,1.759069,0.018854,0.490719,1.586974,0.901779,0.441637,1.581417,0.501257,0.307456,1.261069,0.236983,0.363042,1.188265,0.073210,0.549102,1.313046,0.221829
0.570764,1.574171,0.910140,0.565838,1.576545,1.006143,0.573013,1.590944,1.109478,0.578095,1.595854,1.204733,0.586147,1.601343,1.299644,0.607148,1.622336,1.432550,0.635462,1.648926,1.524945,0.626023,1.598280,1.372012,0.756700,1.528571,1.340375,0.739918,1.509132,1.061952,0.742380,1.477808,0.825023,0.569502,1.627560,1.376320,0.428254,1.680265,1.362095,0.380626,1.663196,1.087041,0.371519,1.692414,0.850028,0.641922,1.538908,0.915339,0.692250,1.634403,0.526780,0.675349,1.627826,0.090903,0.784568,1.759158,0.017722,0.499545,1.609476,0.906183,0.455982,1.623557,0.505231,0.320553,1.299281,0.246626,0.371344,1.228897,0.080913,0.517372,1.230527,0.266433
0.579157,1.595242,0.914239,0.574705,1.597892,1.010256,0.582123,1.612376,1.113562,0.587364,1.617267,1.208809,0.595474,1.622666,1.303720,0.616311,1.643536,1.436670,0.644442,1.670375,1.529047,0.635581,1.619740,1.376046,0.766833,1.550800,1.345122,0.754436,1.533707,1.066281,0.761298,1.513566,0.828247,0.578750,1.648385,1.380461,0.436724,1.698868,1.365839,0.388082,1.679032,1.091181,0.376177,1.697597,0.853220,0.650244,1.559822,0.919184,0.695077,1.641521,0.526572,0.675487,1.628312,0.091083,0.784577,1.759279,0.017078,0.508009,1.630713,0.910535,0.470774,1.664299,0.510136,0.334492,1.339374,0.253100,0.381834,1.276064,0.084933,0.489150,1.172413,0.294330
0.587210,1.614223,0.918332,0.583211,1.617359,1.014351,0.590873,1.632210,1.117585,0.596258,1.637375,1.212809,0.604415,1.642998,1.307702,0.625111,1.664191,1.440622,0.652942,1.691453,1.532964,0.644566,1.640530,1.380062,0.776394,1.572252,1.350145,0.767204,1.557346,1.071036,0.778211,1.549293,0.832493,0.587497,1.668711,1.384462,0.444866,1.717430,1.369656,0.397195,1.692982,1.095255,0.382073,1.701803,0.856836,0.658180,1.578544,0.923120,0.697747,1.649112,0.527682,0.676069,1.628883,0.092537,0.784650,1.759525,0.017165,0.516184,1.649956,0.914783,0.486310,1.703404,0.516066,0.349023,1.381088,0.255950,0.394572,1.330289,0.083605,0.467260,1.161062,0.295839
0.594872,1.631887,0.922411,0.591354,1.635658,1.018427,0.599266,1.651048,1.121563,0.604778,1.656658,1.216754,0.612953,1.662681,1.311621,0.633468,1.684438,1.444478,0.660888,1.712215,1.536790,0.653041,1.660840,1.384072,0.785447,1.593143,1.355396,0.778991,1.580166,1.076123,0.794001,1.585169,0.837630,0.595767,1.688640,1.388369,0.452629,1.735814,1.373421,0.406854,1.705745,1.099249,0.388470,1.705436,0.860918,0.665700,1.595895,0.927078,0.699949,1.656307,0.529488,0.676899,1.629504,0.094780,0.784770,1.759805,0.017739,0.523996,1.667933,0.918979,0.502294,1.741110,0.522928,0.364396,1.424683,0.255630,0.409498,1.391050,0.078594,0.448878,1.174117,0.280641
0.602374,1.649759,0.926097,0.599333,1.654018,1.022111,0.607480,1.669854,1.125163,0.613097,1.675852,1.220325,0.621261,1.682243,1.315170,0.641551,1.704542,1.447972,0.668560,1.732831,1.540252,0.661283,1.680986,1.387719,0.794215,1.613786,1.360312,0.790487,1.602509,1.080926,0.809513,1.621188,0.843435,0.603812,1.708412,1.391896,0.460226,1.754181,1.376841,0.416347,1.718898,1.102931,0.395120,1.709240,0.865089,0.673049,1.613434,0.930595,0.701957,1.663250,0.531196,0.677567,1.630310,0.096981,0.784899,1.759947,0.018217,0.531661,1.686138,0.922829,0.517952,1.777565,0.530037,0.380715,1.470829,0.252019,0.426802,1.454702,0.072727,0.432986,1.188127,0.251881
0.609751,1.668388,0.929334,0.607175,1.672829,1.025355,0.615542,1.688892,1.128355,0.621249,1.695120,1.223497,0.629385,1.701767,1.318327,0.649417,1.724505,1.451095,0.676051,1.753277,1.543334,0.669394,1.700981,1.390960,0.802808,1.634227,1.364831,0.801860,1.624403,1.085359,0.824810,1.657654,0.849948,0.611720,1.727999,1.395033,0.467710,1.772426,1.379978,0.425426,1.732904,1.106379,0.402024,1.713144,0.869419,0.680250,1.631697,0.933565,0.703897,1.669968,0.532554,0.677902,1.631399,0.098883,0.785046,1.759838,0.018385,0.539219,1.705136,0.926332,0.533061,1.813016,0.537498,0.398055,1.519731,0.244502,0.447006,1.520261,0.066682,0.421148,1.196511,0.203498
0.616970,1.687226,0.932177,0.614854,1.691701,1.028207,0.623425,1.707898,1.131169,0.629200,1.714298,1.226296,0.637279,1.721171,1.321115,0.657010,1.744325,1.453856,0.683267,1.773577,1.546051,0.677272,1.720812,1.393837,0.811116,1.654420,1.369014,0.812942,1.645820,1.089506,0.839831,1.694262,0.857129,0.619403,1.747429,1.397791,0.475027,1.790654,1.382769,0.434339,1.747299,1.109516,0.409180,1.717220,0.873838,0.687280,1.650149,0.936093,0.705644,1.676433,0.533816,0.678074,1.632673,0.100742,0.785202,1.759592,0.018457,0.546628,1.724362,0.929489,0.547844,1.847216,0.545206,0.416340,1.571184,0.233692,0.469588,1.588711,0.059780,0.411800,1.205851,0.141553
0.624160,1.706151,0.934411,0.622489,1.710698,1.030446,0.631222,1.727051,1.133369,0.637015,1.733632,1.228482,0.644981,1.740727,1.323294,0.664334,1.764274,1.456021,0.690208,1.793975,1.548182,0.684888,1.740753,1.396121,0.819043,1.674547,1.372493,0.823920,1.667012,1.093001,0.855241,1.730094,0.864633,0.626855,1.767036,1.399912,0.482227,1.809352,1.384735,0.443121,1.762266,1.111874,0.416337,1.722421,0.877761,0.694312,1.668748,0.938040,0.707099,1.682702,0.534947,0.678186,1.633980,0.102491,0.785313,1.759384,0.018488,0.553981,1.743614,0.932010,0.562200,1.879569,0.552168,0.435457,1.625241,0.221308,0.493172,1.659360,0.052810,0.399233,1.212438,0.087369
0.631311,1.725110,0.935977,0.630089,1.729821,1.032010,0.638944,1.746381,1.134890,0.644703,1.753169,1.229991,0.652484,1.760485,1.324801,0.671364,1.784388,1.457532,0.696837,1.814491,1.549674,0.692207,1.760852,1.397754,0.826493,1.694549,1.375159,0.834969,1.687964,1.095744,0.871473,1.765060,0.872609,0.634051,1.786888,1.401328,0.489314,1.828674,1.385706,0.451717,1.777866,1.113297,0.423416,1.728869,0.881111,0.701362,1.687490,0.939348,0.708082,1.688668,0.535909,0.678284,1.635242,0.104059,0.785343,1.759286,0.018470,0.561238,1.762790,0.933833,0.576289,1.909876,0.558298,0.455246,1.682088,0.207102,0.517369,1.731999,0.045300,0.376281,1.213329,0.051444
0.638434,1.744155,0.936933,0.637645,1.749068,1.032961,0.646581,1.765857,1.135796,0.652256,1.772860,1.230887,0.659794,1.780397,1.325700,0.678125,1.804631,1.458449,0.703192,1.835105,1.550580,0.699264,1.781061,1.398793,0.833562,1.714484,1.377121,0.845915,1.708692,1.097833,0.888096,1.799251,0.880909,0.641016,1.806915,1.402107,0.496284,1.848465,1.385851,0.460182,1.794038,1.113940,0.430494,1.736442,0.883965,0.708413,1.706379,0.940073,0.708774,1.694438,0.536741,0.678321,1.636537,0.105517,0.785329,1.759226,0.018411,0.568438,1.781993,0.935020,0.589950,1.938336,0.563680,0.475866,1.741538,0.191322,0.542567,1.806837,0.037721,0.350110,1.211468,0.023280
0.645696,1.763320,0.937241,0.645248,1.768500,1.033257,0.654192,1.785561,1.136047,0.659723,1.792812,1.231127,0.666969,1.800588,1.325943,0.684700,1.825166,1.458710,0.709380,1.855997,1.550827,0.706137,1.801521,1.399181,0.840443,1.734703,1.378326,0.856425,1.729498,1.099198,0.904477,1.832020,0.888743,0.647817,1.827241,1.402200,0.503161,1.868747,1.385200,0.468718,1.810789,1.113807,0.437557,1.745722,0.885971,0.715596,1.725383,0.940246,0.709609,1.700383,0.537530,0.678257,1.637943,0.107014,0.785320,1.759163,0.018394,0.575786,1.801323,0.935464,0.602598,1.964948,0.567576,0.497672,1.803080,0.176417,0.568555,1.883800,0.032275,0.336508,1.211981,-0.007291
0.653236,1.782589,0.936871,0.653022,1.788132,1.032867,0.661881,1.805528,1.135608,0.667185,1.813070,1.230678,0.674064,1.821115,1.325498,0.691110,1.846052,1.458286,0.715419,1.877233,1.550384,0.712853,1.822278,1.398889,0.847208,1.755352,1.378696,0.866431,1.750510,1.099764,0.920659,1.863114,0.896020,0.654477,1.847904,1.401561,0.509964,1.889550,1.383713,0.477533,1.828104,1.112847,0.444579,1.756958,0.887038,0.723037,1.744463,0.939860,0.710536,1.706397,0.538367,0.677970,1.639489,0.108596,0.785342,1.759083,0.018506,0.583430,1.820786,0.935111,0.614069,1.989531,0.569734,0.520998,1.867383,0.162319,0.595258,1.964655,0.028798,0.343596,1.214715,-0.043853
0.660915,1.801978,0.935853,0.660842,1.807950,1.031824,0.669545,1.825724,1.134514,0.674562,1.833588,1.229573,0.681023,1.841921,1.324398,0.697334,1.867231,1.457208,0.721292,1.898748,1.549284,0.719385,1.843285,1.397946,0.853785,1.776286,1.378310,0.876002,1.771601,1.099604,0.936599,1.892787,0.902832,0.660972,1.868865,1.400236,0.516674,1.910843,1.381430,0.486418,1.845998,1.111109,0.451586,1.769900,0.887258,0.730608,1.763658,0.938921,0.711606,1.712586,0.539160,0.677582,1.641147,0.110216,0.785370,1.759000,0.018659,0.591221,1.840376,0.934014,0.624528,2.012267,0.570405,0.545511,1.933778,0.149097,0.622750,2.047635,0.027455,0.363252,1.219823,-0.082822
0.668486,1.821573,0.934238,0.668429,1.827967,1.030182,0.676935,1.846124,1.132821,0.681657,1.854327,1.227868,0.687728,1.862971,1.322691,0.703394,1.888688,1.455502,0.727052,1.920522,1.547546,0.725721,1.864537,1.396383,0.860146,1.797418,1.377353,0.885011,1.792680,1.098869,0.951540,1.921161,0.908663,0.667301,1.890132,1.398308,0.523268,1.932556,1.378504,0.494947,1.864531,1.108744,0.458634,1.784383,0.886546,0.738057,1.783045,0.937477,0.713416,1.719644,0.539717,0.677416,1.642907,0.111884,0.785375,1.758918,0.018675,0.598917,1.860184,0.932230,0.633874,2.033700,0.569594,0.570564,1.999747,0.139412,0.651050,2.127367,0.030946,0.386905,1.232889,-0.123617
0.675836,1.841241,0.931962,0.675640,1.848036,1.027878,0.683929,1.866600,1.130462,0.688388,1.875188,1.225487,0.694158,1.884214,1.320293,0.709380,1.910452,1.453054,0.732831,1.942609,1.545040,0.731915,1.886030,1.394091,0.866354,1.818735,1.375798,0.893324,1.813728,1.097503,0.965285,1.948267,0.913496,0.673526,1.911716,1.395699,0.529789,1.954646,1.374865,0.502989,1.883692,1.105700,0.465704,1.800450,0.884766,0.745267,1.802495,0.935484,0.716207,1.727479,0.540033,0.677538,1.644759,0.113525,0.785340,1.758826,0.018451,0.606404,1.880076,0.929672,0.641321,2.053708,0.567053,0.596707,2.066333,0.134676,0.680807,2.203822,0.041291,0.418656,1.259185,-0.171249
0.683078,1.861116,0.929090,0.682619,1.868303,1.024976,0.690650,1.887281,1.127505,0.694839,1.896270,1.222505,0.700334,1.905700,1.317289,0.715202,1.932496,1.449978,0.738498,1.964956,1.541896,0.737913,1.907768,1.391180,0.872346,1.840251,1.373670,0.901076,1.834766,1.095561,0.978030,1.974075,0.917348,0.679584,1.933605,1.392487,0.536193,1.977155,1.370584,0.510676,1.903491,1.102029,0.472815,1.818058,0.882055,0.752354,1.822138,0.932984,0.719736,1.736183,0.540113,0.677882,1.646713,0.115215,0.785281,1.758735,0.018089,0.613794,1.900187,0.926426,0.647656,2.072414,0.563031,0.623391,2.132493,0.133477,0.711372,2.277029,0.056469,0.454404,1.293439,-0.220706
0.690302,1.881682,0.925864,0.689519,1.889221,1.021721,0.697220,1.908525,1.124215,0.701062,1.917820,1.219200,0.706202,1.927542,1.313974,0.720606,1.954714,1.446638,0.743704,1.987387,1.538530,0.743541,1.929755,1.388007,0.877910,1.861921,1.371239,0.908551,1.855761,1.093356,0.989609,1.998607,0.919757,0.685291,1.955780,1.388992,0.542318,2.000133,1.366017,0.517978,1.924020,1.098035,0.480072,1.836908,0.878744,0.759406,1.842449,0.930159,0.723875,1.746730,0.539768,0.678578,1.648793,0.117190,0.785226,1.758675,0.017715,0.621183,1.921012,0.922800,0.655142,2.090724,0.558269,0.648314,2.192576,0.134242,0.740805,2.341703,0.073117,0.473269,1.325421,-0.256378
0.697404,1.902944,0.922166,0.696245,1.910830,1.017991,0.703529,1.930373,1.120470,0.706926,1.939863,1.215454,0.711602,1.949733,1.310238,0.725385,1.977042,1.442941,0.748222,2.009816,1.534863,0.748629,1.951965,1.384495,0.882859,1.883687,1.368429,0.915842,1.876665,1.090841,0.999876,2.021934,0.920551,0.690476,1.978218,1.385124,0.548032,2.023674,1.361081,0.524826,1.945187,1.093684,0.487558,1.856781,0.874794,0.766326,1.863443,0.926897,0.728403,1.759253,0.538863,0.679571,1.650726,0.119296,0.785181,1.758670,0.017335,0.628457,1.942545,0.918665,0.664971,2.107871,0.552450,0.671089,2.245658,0.138245,0.769807,2.396125,0.093303,0.461659,1.344997,-0.271384
0.704488,1.924898,0.918115,0.702893,1.933090,1.013908,0.709687,1.952786,1.116393,0.712563,1.962375,1.211385,0.716693,1.972280,1.306191,0.729746,1.999545,1.438980,0.752280,2.032330,1.530973,0.753346,1.974425,1.380722,0.887380,1.905608,1.365315,0.922857,1.897526,1.088063,1.008976,2.043986,0.919902,0.695308,2.000940,1.380974,0.553467,2.047684,1.355860,0.531290,1.967084,1.089011,0.495191,1.877896,0.870245,0.773212,1.885104,0.923308,0.733540,1.773618,0.537535,0.680916,1.652786,0.121687,0.785141,1.758696,0.016943,0.635729,1.964792,0.914151,0.675951,2.124622,0.545892,0.692104,2.292663,0.144211,0.797677,2.442013,0.114959,0.433166,1.362301,-0.272606
0.711956,1.948014,0.914313,0.709909,1.956335,1.010087,0.716151,1.976003,1.112611,0.718424,1.985530,1.207624,0.721907,1.995315,1.302466,0.734064,2.022321,1.435389,0.756213,2.055014,1.527507,0.758027,1.997216,1.377282,0.891816,1.927813,1.362385,0.929600,1.918459,1.085475,1.017182,2.064575,0.917871,0.700109,2.023995,1.377131,0.558851,2.071925,1.350962,0.537552,1.990077,1.084418,0.502830,1.900617,0.865547,0.780440,1.907856,0.919909,0.739818,1.790403,0.536000,0.682917,1.655820,0.125067,0.785108,1.758713,0.016649,0.643429,1.988270,0.909947,0.686775,2.144196,0.540294,0.710226,2.330711,0.146745,0.820377,2.479250,0.128515,0.407687,1.397503,-0.265077
0.720096,1.972507,0.910823,0.717625,1.980762,1.006596,0.723252,2.000198,1.109200,0.724818,2.009483,1.204251,0.727509,2.018970,1.299147,0.738520,2.045470,1.432267,0.760161,2.077965,1.524575,0.762833,2.020431,1.374258,0.896301,1.950348,1.359695,0.936294,1.939422,1.083157,1.024771,2.083691,0.914316,0.705037,2.047460,1.373652,0.564311,2.096373,1.346445,0.543566,2.014381,1.079888,0.510450,1.925101,0.860693,0.788282,1.931884,0.916728,0.746777,1.809627,0.534326,0.685148,1.659490,0.129638,0.785082,1.758711,0.016585,0.651866,2.013230,0.906150,0.696821,2.168326,0.536304,0.724851,2.356510,0.142954,0.835432,2.506079,0.129696,0.389754,1.474493,-0.256642
0.728620,1.998162,0.907583,0.725708,2.006174,1.003366,0.730659,2.025198,1.106085,0.731437,2.034080,1.201186,0.733233,2.043112,1.296150,0.742933,2.068892,1.429516,0.763983,2.101086,1.522067,0.767601,2.043977,1.371567,0.900702,1.973167,1.357189,0.942718,1.960457,1.081030,1.031465,2.101344,0.909379,0.709933,2.071258,1.370481,0.569721,2.121052,1.342252,0.549378,2.039781,1.075438,0.518076,1.951191,0.855690,0.796467,1.957003,0.913736,0.754877,1.831271,0.532446,0.688035,1.664135,0.135198,0.785064,1.758699,0.016618,0.660732,2.039421,0.902663,0.706711,2.195279,0.533274,0.736584,2.373352,0.135730,0.845316,2.524255,0.122777,0.374835,1.569380,-0.239456
0.737067,2.024798,0.905010,0.733609,2.032316,1.000810,0.737837,2.050721,1.103670,0.737806,2.059036,1.198824,0.738714,2.067477,1.293855,0.747133,2.092374,1.427477,0.767597,2.124168,1.520297,0.772182,2.067668,1.369553,0.904964,1.996260,1.355196,0.948205,1.981794,1.079306,1.036706,2.117381,0.903537,0.714645,2.095202,1.368040,0.574922,2.145798,1.338820,0.555310,2.065997,1.071525,0.525650,1.978774,0.851011,0.804558,1.983086,0.911365,0.766034,1.855855,0.530373,0.693154,1.671613,0.141844,0.785066,1.758671,0.016463,0.669533,2.066606,0.899892,0.716998,2.223064,0.530964,0.746097,2.388225,0.128350,0.853421,2.538926,0.111017,0.369227,1.630660,-0.195025
0.745487,2.052924,0.903251,0.741184,2.059568,0.999071,0.744541,2.077034,1.102117,0.743639,2.084530,1.197328,0.743662,2.092170,1.292426,0.750879,2.115931,1.426318,0.770767,2.147145,1.519456,0.776358,2.091581,1.368342,0.908930,2.019851,1.353646,0.952477,2.003363,1.077909,1.040533,2.131712,0.896557,0.718956,2.119374,1.366494,0.579658,2.170577,1.336291,0.561379,2.093060,1.068240,0.533066,2.007918,0.846734,0.812572,2.010600,0.909839,0.781557,1.884178,0.527930,0.701765,1.682557,0.149728,0.785294,1.758785,0.015100,0.678352,2.095331,0.897906,0.728367,2.252054,0.529429,0.753300,2.404054,0.121588,0.860890,2.551536,0.092489,0.380693,1.634546,-0.097207
0.753830,2.082030,0.902160,0.748578,2.087550,0.998005,0.751016,2.103870,1.101265,0.749222,2.110383,1.196534,0.748367,2.117086,1.291698,0.754411,2.139549,1.425872,0.773729,2.170084,1.519354,0.780346,2.115638,1.367808,0.912757,2.043715,1.352610,0.955814,2.025235,1.076915,1.042907,2.144427,0.888671,0.723081,2.143692,1.365679,0.584187,2.195422,1.334524,0.567567,2.120940,1.065493,0.540429,2.038556,0.842781,0.820492,2.039078,0.908934,0.800137,1.915441,0.525295,0.712608,1.696334,0.158697,0.785541,1.758882,0.013548,0.687105,2.125052,0.896635,0.740133,2.281876,0.528614,0.758283,2.417914,0.114670,0.866580,2.560641,0.069120,0.401469,1.604824,0.027857
0.761482,2.110411,0.901715,0.755679,2.114865,0.997593,0.757453,2.130143,1.101035,0.754946,2.135776,1.196353,0.753324,2.141652,1.291567,0.758284,2.162979,1.425977,0.777107,2.192978,1.519737,0.784640,2.139412,1.367918,0.916862,2.067167,1.352629,0.958387,2.047848,1.076775,1.043150,2.155645,0.881056,0.727517,2.167733,1.365518,0.589120,2.220268,1.333528,0.574143,2.149260,1.063465,0.548004,2.070371,0.839396,0.827843,2.066985,0.908411,0.819764,1.947773,0.523009,0.723487,1.712896,0.168392,0.785196,1.758476,0.014587,0.695049,2.153894,0.896269,0.750795,2.309429,0.528115,0.761993,2.428018,0.108557,0.870448,2.567059,0.049948,0.414568,1.561348,0.120240
0.767914,2.137695,0.901814,0.762299,2.141248,0.997742,0.763853,2.155702,1.101310,0.760932,2.160649,1.196657,0.758710,2.165897,1.291899,0.762675,2.186363,1.426478,0.781121,2.216068,1.520409,0.789419,2.162965,1.368626,0.921414,2.090158,1.354081,0.959785,2.071810,1.077740,1.040633,2.165281,0.873626,0.732430,2.191539,1.365945,0.594724,2.245404,1.333234,0.581424,2.178215,1.062116,0.555902,2.103397,0.836557,0.834221,2.094111,0.907970,0.840408,1.980562,0.520982,0.733525,1.732376,0.178765,0.782798,1.755167,0.019587,0.701535,2.181329,0.896900,0.760151,2.334064,0.527958,0.764412,2.432724,0.103540,0.871864,2.570320,0.038798,0.414708,1.502028,0.145499
0.773654,2.164253,0.902559,0.768626,2.166964,0.998544,0.770214,2.180699,1.102207,0.767059,2.185062,1.197573,0.764349,2.189791,1.292827,0.767407,2.209560,1.427531,0.785551,2.239114,1.521567,0.794505,2.186234,1.369978,0.926244,2.112736,1.356589,0.960420,2.096513,1.079558,1.035986,2.173420,0.866466,0.737654,2.215068,1.367027,0.600733,2.270542,1.333712,0.589094,2.207611,1.061487,0.564011,2.137600,0.834285,0.840030,2.120666,0.907911,0.862099,2.014419,0.519305,0.743599,1.754641,0.189862,0.779808,1.751356,0.027177,0.707212,2.207887,0.898437,0.768403,2.356430,0.528117,0.765557,2.433673,0.099326,0.871459,2.570894,0.031846,0.407170,1.428952,0.138076
0.779675,2.189498,0.904231,0.775110,2.191424,1.000260,0.776723,2.204509,1.104005,0.773351,2.208374,1.199384,0.770212,2.212682,1.294645,0.772506,2.231894,1.429445,0.790369,2.261394,1.523551,0.799856,2.208615,1.372082,0.931265,2.134361,1.359558,0.961702,2.120570,1.081927,1.030418,2.180447,0.861011,0.743179,2.237767,1.368885,0.606962,2.294746,1.335185,0.596466,2.236491,1.061880,0.572253,2.172559,0.832883,0.845999,2.145751,0.908888,0.882926,2.049307,0.518795,0.754138,1.779245,0.201465,0.779992,1.753762,0.036024,0.713288,2.233286,0.900800,0.774662,2.375361,0.528117,0.766433,2.434002,0.095997,0.871082,2.571005,0.026655,0.390819,1.368243,0.141373
0.786555,2.213138,0.907197,0.782106,2.214238,1.003244,0.783621,2.226687,1.107069,0.779970,2.230123,1.202454,0.776426,2.234118,1.297716,0.778097,2.252961,1.432580,0.795642,2.282549,1.526717,0.805559,2.229735,1.375189,0.936522,2.154637,1.363010,0.964278,2.143829,1.084971,1.023758,2.186153,0.857828,0.749108,2.259295,1.371756,0.613414,2.317469,1.337957,0.603351,2.264545,1.063581,0.580484,2.208302,0.832485,0.852548,2.168849,0.911378,0.902179,2.085943,0.519733,0.765381,1.806144,0.214385,0.784699,1.764004,0.046944,0.720505,2.257452,0.904248,0.777994,2.389717,0.527594,0.767348,2.434523,0.093624,0.871381,2.571226,0.022703,0.354367,1.335214,0.177540
0.793716,2.235464,0.911091,0.789258,2.235795,1.007142,0.790665,2.247678,1.111034,0.786754,2.250772,1.206420,0.782864,2.254550,1.301676,0.784056,2.273165,1.436575,0.801303,2.302939,1.530709,0.811528,2.249966,1.379049,0.941969,2.173959,1.366924,0.967501,2.166442,1.088566,1.016176,2.190747,0.856351,0.755338,2.279994,1.375404,0.620086,2.339259,1.341724,0.609939,2.292084,1.066303,0.588848,2.244800,0.832957,0.859257,2.190477,0.914904,0.920568,2.123611,0.521837,0.777090,1.835382,0.227809,0.792580,1.780463,0.059120,0.728122,2.280459,0.908521,0.779333,2.400639,0.526911,0.767994,2.434424,0.092135,0.871709,2.570984,0.020513,0.309101,1.314550,0.224426
0.800385,2.256764,0.915098,0.795950,2.256670,1.011152,0.797317,2.268196,1.115086,0.793241,2.271062,1.210472,0.789124,2.274672,1.305724,0.790036,2.293049,1.440657,0.807118,2.322920,1.534791,0.817465,2.269816,1.383018,0.947391,2.192975,1.370642,0.970839,2.187481,1.092036,1.009397,2.195233,0.856308,0.761552,2.300341,1.379244,0.626788,2.360823,1.345798,0.616109,2.319084,1.069496,0.597701,2.281540,0.834198,0.865601,2.211277,0.918688,0.938318,2.160123,0.525076,0.788989,1.866648,0.239087,0.803360,1.804997,0.068769,0.735120,2.302248,0.912760,0.780589,2.410386,0.526683,0.768440,2.434411,0.091396,0.871977,2.570790,0.019212,0.287738,1.286428,0.258981
0.806058,2.276898,0.919077,0.801776,2.276929,1.015139,0.803234,2.288416,1.119076,0.799146,2.291219,1.214465,0.794971,2.294707,1.309720,0.795873,2.312782,1.444694,0.812981,2.342578,1.538847,0.823224,2.289420,1.387010,0.952690,2.211928,1.373912,0.974302,2.206549,1.095127,1.003869,2.199799,0.857925,0.767610,2.320482,1.383229,0.633468,2.382470,1.350069,0.621588,2.345597,1.073123,0.607178,2.318567,0.836202,0.871173,2.231260,0.922624,0.955640,2.194514,0.529768,0.800824,1.899695,0.247744,0.817490,1.839629,0.074623,0.740895,2.322533,0.916784,0.782484,2.419530,0.527278,0.768670,2.434714,0.091592,0.872146,2.570822,0.018804,0.308583,1.237910,0.275242
0.811241,2.296006,0.923170,0.807141,2.296506,1.019238,0.808759,2.308164,1.123154,0.804754,2.311019,1.218543,0.800640,2.314432,1.313804,0.801733,2.332194,1.448818,0.818999,2.361826,1.542994,0.828952,2.308644,1.391112,0.957964,2.230575,1.376987,0.977879,2.224042,1.098093,0.999144,2.204258,0.860976,0.773652,2.340272,1.387406,0.640178,2.403892,1.354648,0.626649,2.371572,1.077219,0.617145,2.355836,0.838976,0.876379,2.250415,0.926818,0.972323,2.227750,0.535596,0.812849,1.934770,0.254253,0.834519,1.882336,0.077951,0.746052,2.341600,0.920774,0.784296,2.427500,0.528328,0.768702,2.435104,0.092538,0.872255,2.570902,0.019286,0.353332,1.181934,0.279172
0.816677,2.314797,0.926984,0.812655,2.315779,1.023051,0.814380,2.327620,1.126944,0.810451,2.330531,1.222335,0.806422,2.333867,1.317601,0.807761,2.351318,1.452654,0.825250,2.380762,1.546847,0.834788,2.327594,1.394940,0.963283,2.248830,1.379972,0.981015,2.240223,1.101021,0.995589,2.209054,0.864525,0.779781,2.359746,1.391338,0.646883,2.424866,1.359171,0.632000,2.396829,1.081339,0.627554,2.392702,0.842434,0.881907,2.269361,0.930811,0.987960,2.260531,0.541573,0.825550,1.972298,0.257389,0.852824,1.928913,0.078773,0.751394,2.360244,0.924403,0.785776,2.434840,0.529336,0.768655,2.435587,0.093543,0.872336,2.571003,0.019770,0.399792,1.137490,0.265612
0.822647,2.333467,0.930479,0.818538,2.334866,1.026537,0.820277,2.346857,1.130412,0.816390,2.349795,1.225804,0.812446,2.353041,1.321077,0.814056,2.370180,1.456166,0.831827,2.399423,1.550369,0.840796,2.346311,1.398462,0.968662,2.266615,1.383050,0.983272,2.255050,1.104047,0.993485,2.214060,0.868644,0.786047,2.378918,1.394985,0.653559,2.445290,1.363682,0.638002,2.421165,1.085506,0.638710,2.428948,0.846717,0.888036,2.288285,0.934567,1.002406,2.292998,0.547548,0.838675,2.012555,0.256397,0.871760,1.978162,0.076540,0.757206,2.378668,0.927634,0.786654,2.441576,0.530171,0.768495,2.436236,0.094417,0.872380,2.571131,0.019984,0.445003,1.113501,0.225902
0.828871,2.351820,0.933694,0.824568,2.353650,1.029737,0.826270,2.365803,1.133594,0.822418,2.368771,1.228986,0.818584,2.371926,1.324267,0.820520,2.388755,1.459390,0.838637,2.417772,1.553598,0.846912,2.364755,1.401709,0.974086,2.284008,1.386037,0.985087,2.268565,1.107036,0.992552,2.219403,0.873259,0.792399,2.397775,1.398386,0.660232,2.465268,1.368138,0.644294,2.444783,1.089696,0.650309,2.464791,0.851686,0.894486,2.306999,0.938121,1.015807,2.325010,0.553672,0.852476,2.055265,0.252031,0.891973,2.031281,0.071801,0.763203,2.396669,0.930505,0.787200,2.447683,0.530966,0.768256,2.436979,0.095351,0.872395,2.571281,0.020201,0.491925,1.101044,0.168703
0.835253,2.369977,0.936353,0.830687,2.372155,1.032376,0.832310,2.384429,1.136220,0.828474,2.387403,1.231613,0.824747,2.390461,1.326901,0.827014,2.406994,1.462057,0.845479,2.435782,1.556267,0.853088,2.382915,1.404392,0.979584,2.301151,1.388490,0.987215,2.281156,1.109666,0.992318,2.225901,0.877211,0.798796,2.416315,1.401225,0.666944,2.484889,1.372045,0.650494,2.468113,1.093396,0.661397,2.500233,0.856834,0.901116,2.325555,0.941128,1.028191,2.356853,0.559416,0.868190,2.100024,0.245325,0.913774,2.087662,0.066228,0.769335,2.414431,0.932811,0.787972,2.453626,0.531620,0.768163,2.437612,0.096219,0.872437,2.571407,0.020352,0.527253,1.092339,0.114833
0.841754,2.387901,0.938402,0.836816,2.390287,1.034402,0.838291,2.402610,1.138242,0.834438,2.405548,1.233636,0.830804,2.408496,1.328930,0.833397,2.424748,1.464114,0.852211,2.453306,1.558325,0.859223,2.400677,1.406464,0.985070,2.317968,1.390324,0.989848,2.292611,1.111900,0.992775,2.233876,0.880147,0.805136,2.434418,1.403452,0.673621,2.504080,1.375359,0.656418,2.491180,1.096550,0.671507,2.535378,0.862211,0.907893,2.343936,0.943534,1.039633,2.388849,0.564795,0.886458,2.146886,0.236098,0.937164,2.147416,0.059876,0.775555,2.431900,0.934500,0.789182,2.459472,0.532125,0.768338,2.438049,0.096997,0.872534,2.571492,0.020406,0.546204,1.085738,0.071768
0.848413,2.405629,0.939895,0.843032,2.408140,1.035867,0.844318,2.420470,1.139709,0.840429,2.423350,1.235103,0.836886,2.426183,1.330405,0.839809,2.442167,1.465613,0.858975,2.470492,1.559823,0.865418,2.418155,1.407972,0.990630,2.334536,1.391623,0.992794,2.303142,1.113776,0.993932,2.243006,0.882420,0.811519,2.452204,1.405117,0.680338,2.522915,1.378124,0.662250,2.513958,1.099214,0.681107,2.570122,0.867768,0.914848,2.362158,0.945393,1.050058,2.420675,0.569794,0.906639,2.195796,0.224531,0.962142,2.210433,0.052690,0.781910,2.449131,0.935623,0.790617,2.465155,0.532490,0.768659,2.438377,0.097710,0.872659,2.571553,0.020395,0.553560,1.082889,0.032033
0.855251,2.423387,0.940711,0.849508,2.426013,1.036661,0.850652,2.438352,1.140503,0.846749,2.441183,1.235898,0.843298,2.443916,1.331206,0.846529,2.459662,1.466436,0.865996,2.487759,1.560652,0.871922,2.435680,1.408769,0.996548,2.351235,1.392199,0.996229,2.313773,1.115081,0.995338,2.253146,0.883917,0.818208,2.470024,1.406056,0.687371,2.541710,1.379967,0.668156,2.536798,1.101037,0.690642,2.604168,0.872854,0.921932,2.380328,0.946514,1.059270,2.451650,0.573844,0.928048,2.246190,0.212206,0.989014,2.275772,0.046176,0.788497,2.466475,0.936133,0.792200,2.470945,0.532639,0.768977,2.438652,0.098306,0.872784,2.571602,0.020344,0.550364,1.080957,-0.005973
0.862344,2.441266,0.940798,0.856350,2.444027,1.036728,0.857412,2.456392,1.140569,0.853511,2.459195,1.235965,0.850139,2.461848,1.331278,0.853629,2.477383,1.466526,0.873306,2.505251,1.560767,0.878809,2.453378,1.408773,1.002923,2.368234,1.391951,1.000231,2.324568,1.115787,0.996755,2.264336,0.884552,0.825273,2.488004,1.406179,0.694790,2.560551,1.380686,0.674116,2.559952,1.101832,0.700195,2.637622,0.877316,0.929194,2.398499,0.946839,1.067122,2.481693,0.576824,0.950617,2.298108,0.199061,1.018230,2.344300,0.040447,0.795418,2.484064,0.935982,0.793823,2.476772,0.532549,0.769212,2.438913,0.098731,0.872904,2.571644,0.020242,0.531823,1.077101,-0.042568
0.869616,2.459175,0.940208,0.863452,2.462062,1.036124,0.864480,2.474453,1.139962,0.860601,2.477239,1.235359,0.857310,2.479827,1.330677,0.861036,2.495181,1.465939,0.880873,2.522825,1.560213,0.886006,2.471123,1.408066,1.009656,2.385363,1.390979,1.004722,2.335463,1.115921,0.998421,2.276535,0.884412,0.832643,2.506019,1.405576,0.702525,2.579352,1.380484,0.680152,2.583168,1.101788,0.709684,2.670378,0.881308,0.936583,2.416618,0.946426,1.073761,2.510885,0.578855,0.974415,2.351510,0.185157,1.049340,2.415152,0.035389,0.802571,2.501766,0.935217,0.795595,2.482706,0.532244,0.769445,2.439122,0.099039,0.873025,2.571674,0.020100,0.502729,1.074162,-0.077433
0.876862,2.477065,0.938985,0.870668,2.480055,1.034895,0.871766,2.492468,1.138729,0.867976,2.495248,1.234130,0.864810,2.497795,1.329453,0.868812,2.513011,1.464723,0.888827,2.540468,1.559014,0.893550,2.488871,1.406743,1.016729,2.402490,1.389403,1.009653,2.347288,1.115360,1.000598,2.289477,0.883652,0.840367,2.524043,1.404360,0.710641,2.598171,1.379591,0.686486,2.606042,1.101112,0.719310,2.701819,0.884636,0.943899,2.434627,0.945271,1.079422,2.538785,0.579734,0.998966,2.405711,0.172259,1.081298,2.484791,0.032163,0.809748,2.519537,0.933927,0.797761,2.489234,0.531714,0.769778,2.439224,0.099349,0.873137,2.571689,0.019978,0.478503,1.077828,-0.111210
0.883996,2.494893,0.937036,0.877954,2.497948,1.032954,0.879259,2.510379,1.136784,0.875644,2.513171,1.232191,0.872660,2.515713,1.327520,0.876993,2.530860,1.462787,0.897221,2.558187,1.557071,0.901463,2.506588,1.404739,1.024152,2.419557,1.387184,1.015035,2.360262,1.114032,1.003290,2.303052,0.882298,0.848473,2.542054,1.402465,0.719177,2.617010,1.377936,0.693127,2.628534,1.099757,0.729208,2.731881,0.887288,0.951035,2.452445,0.943243,1.084152,2.565439,0.579414,1.024538,2.460687,0.160470,1.114665,2.551997,0.030671,0.816884,2.537376,0.932057,0.800332,2.496396,0.530952,0.770256,2.439107,0.099634,0.873289,2.571647,0.019915,0.463922,1.092128,-0.146065
0.891105,2.512701,0.934453,0.885355,2.515799,1.030388,0.886970,2.528243,1.134212,0.883597,2.531060,1.229628,0.880839,2.533621,1.324964,0.885543,2.548742,1.460222,0.906003,2.575975,1.554482,0.909723,2.524309,1.402119,1.031915,2.436622,1.384361,1.020857,2.374166,1.112009,1.006493,2.317370,0.880325,0.856932,2.560075,1.399956,0.728093,2.635867,1.375592,0.700068,2.650685,1.097771,0.739243,2.760629,0.889278,0.958096,2.470154,0.940473,1.087905,2.590800,0.577942,1.050864,2.516462,0.149686,1.148880,2.617992,0.031011,0.824044,2.555286,0.929663,0.803298,2.504151,0.529964,0.770832,2.438883,0.099921,0.873432,2.571590,0.019872,0.454209,1.113033,-0.179832
0.898241,2.530567,0.931557,0.892858,2.533712,1.027512,0.894848,2.546167,1.131328,0.891771,2.549005,1.226752,0.889286,2.551577,1.322095,0.894421,2.566659,1.457341,0.915143,2.593801,1.551571,0.918303,2.542084,1.399175,1.039970,2.453722,1.381161,1.027031,2.389177,1.109382,1.010450,2.332495,0.877812,0.865710,2.578149,1.397151,0.737341,2.654799,1.373002,0.707505,2.672210,1.095509,0.749213,2.787642,0.890454,0.965204,2.487943,0.937339,1.090777,2.614292,0.575256,1.076655,2.572420,0.141360,1.181217,2.682905,0.034638,0.831215,2.573230,0.927005,0.806871,2.512867,0.528761,0.771470,2.438836,0.100409,0.873416,2.571638,0.019784,0.450450,1.134144,-0.206656
0.905287,2.548389,0.928408,0.900365,2.551593,1.024384,0.902810,2.564079,1.128186,0.900098,2.566954,1.223620,0.897948,2.569555,1.318970,0.903594,2.584623,1.454198,0.924622,2.611681,1.548384,0.927176,2.559918,1.395960,1.048226,2.470768,1.377676,1.033427,2.405455,1.106161,1.015173,2.348424,0.874797,0.874788,2.596291,1.394097,0.746924,2.673872,1.370252,0.715620,2.692985,1.093018,0.759161,2.812783,0.890800,0.972258,2.505741,0.933895,1.092324,2.635256,0.571045,1.102062,2.629790,0.136118,1.211576,2.747816,0.042503,0.838257,2.591076,0.924152,0.811173,2.522728,0.527326,0.772197,2.438964,0.101118,0.873101,2.571914,0.019650,0.451952,1.154734,-0.223689
0.912361,2.566269,0.924946,0.907975,2.569536,1.020946,0.910938,2.582052,1.124731,0.908644,2.584958,1.220176,0.906877,2.587581,1.315533,0.913096,2.602621,1.450740,0.934460,2.629597,1.544873,0.936368,2.577807,1.392422,1.056773,2.487850,1.373815,1.040175,2.422839,1.102337,1.020650,2.365160,0.871241,0.884186,2.614486,1.390746,0.756837,2.693019,1.367256,0.724231,2.713134,1.090251,0.769044,2.836189,0.890332,0.979358,2.523619,0.930087,1.092990,2.654349,0.565621,1.126935,2.687344,0.133335,1.240056,2.811646,0.053654,0.845310,2.608956,0.921036,0.816082,2.533550,0.525675,0.772984,2.439271,0.102029,0.872626,2.572295,0.019472,0.459409,1.175529,-0.233779
0.919873,2.584592,0.921309,0.915972,2.587923,1.017329,0.919426,2.600408,1.121103,0.917546,2.603260,1.216559,0.916171,2.605792,1.311925,0.922976,2.620623,1.447125,0.944680,2.647466,1.541219,0.945937,2.595792,1.388697,1.065830,2.505271,1.369523,1.047589,2.441028,1.097975,1.027085,2.382779,0.867108,0.893927,2.632730,1.387269,0.767017,2.712099,1.364206,0.732996,2.732756,1.087420,0.778539,2.857845,0.888950,0.986918,2.541977,0.926140,1.094196,2.672970,0.559851,1.149544,2.740769,0.132583,1.264233,2.871288,0.066699,0.852781,2.627242,0.917710,0.821453,2.545146,0.523867,0.773715,2.440048,0.103279,0.872255,2.572543,0.019192,0.475982,1.192318,-0.239609
0.927905,2.603441,0.917416,0.924443,2.606862,1.013449,0.928357,2.619250,1.117219,0.926882,2.621939,1.212686,0.925898,2.624231,1.308063,0.933287,2.638607,1.443282,0.955320,2.665246,1.537357,0.955928,2.613875,1.384713,1.075534,2.523172,1.364619,1.055744,2.459966,1.092936,1.034512,2.401293,0.862239,0.904050,2.651011,1.383606,0.777492,2.731081,1.361026,0.741798,2.751804,1.084456,0.787656,2.877679,0.886491,0.995026,2.560916,0.921976,1.096083,2.690727,0.553530,1.170201,2.789531,0.135222,1.283278,2.927218,0.083831,0.860741,2.646003,0.914084,0.827060,2.557170,0.521910,0.774275,2.441295,0.104737,0.872105,2.572527,0.018716,0.505878,1.198522,-0.242018
0.936375,2.622733,0.913347,0.933301,2.626244,1.009390,0.937649,2.638475,1.113161,0.936573,2.640916,1.208641,0.935989,2.642855,1.304030,0.943976,2.656595,1.439283,0.966343,2.682979,1.533352,0.966296,2.632054,1.380543,1.085748,2.541412,1.359284,1.064564,2.479708,1.087358,1.042898,2.420690,0.856792,0.914518,2.669341,1.379818,0.788233,2.749995,1.357791,0.750754,2.770325,1.081428,0.796385,2.895764,0.883118,1.003594,2.580336,0.917674,1.098510,2.708011,0.546864,1.188594,2.834164,0.139892,1.298020,2.978961,0.102856,0.869120,2.665169,0.910248,0.833129,2.569968,0.519796,0.774778,2.443013,0.106534,0.872058,2.572377,0.018138,0.544892,1.200720,-0.240166
0.945455,2.642600,0.909490,0.942572,2.646128,1.005539,0.947245,2.658104,1.109325,0.946518,2.660196,1.204816,0.946329,2.661669,1.300214,0.954943,2.674613,1.435505,0.977665,2.700696,1.529572,0.976958,2.650372,1.376539,1.096284,2.559872,1.354011,1.074136,2.500124,1.081731,1.052347,2.441012,0.851202,0.925241,2.687750,1.376260,0.799094,2.768800,1.354922,0.759864,2.788549,1.078760,0.804363,2.912296,0.879215,1.012769,2.600340,0.913689,1.102470,2.727399,0.541337,1.202053,2.871969,0.142087,1.308517,3.021983,0.115799,0.878105,2.684899,0.906519,0.840181,2.584386,0.517552,0.775449,2.445505,0.109209,0.872034,2.572248,0.017677,0.583569,1.214425,-0.234215
0.955310,2.663010,0.905971,0.952281,2.666483,1.002018,0.957098,2.678110,1.105838,0.956632,2.679753,1.201340,0.956823,2.680654,1.296745,0.966111,2.692645,1.432079,0.989237,2.718392,1.526140,0.987860,2.668827,1.372812,1.107031,2.578466,1.348944,1.084494,2.521185,1.076168,1.062893,2.462234,0.845575,0.936168,2.706238,1.373051,0.809995,2.787471,1.352577,0.769102,2.806589,1.076610,0.811443,2.927300,0.874756,1.022686,2.620854,0.910246,1.108520,2.750375,0.537829,1.208147,2.900936,0.139889,1.313920,3.053194,0.120167,0.887895,2.705203,0.902924,0.848535,2.600048,0.515295,0.776183,2.448425,0.112801,0.872016,2.572189,0.017458,0.624159,1.253908,-0.222096
0.965774,2.683994,0.902663,0.962402,2.687338,0.998704,0.967255,2.698519,1.102572,0.967000,2.699613,1.198084,0.967567,2.699830,1.293494,0.977557,2.710708,1.428874,1.001109,2.736071,1.522934,0.999057,2.687420,1.369252,1.118100,2.597280,1.343939,1.095604,2.542919,1.070554,1.074501,2.484380,0.839806,0.947350,2.724804,1.370073,0.821016,2.806032,1.350597,0.778494,2.824334,1.074820,0.817773,2.940752,0.869767,1.033210,2.641953,0.907121,1.116104,2.775454,0.535462,1.209308,2.923074,0.135217,1.315080,3.075685,0.118453,0.898291,2.726070,0.899435,0.857873,2.617331,0.512907,0.777086,2.452118,0.117272,0.872020,2.572149,0.017357,0.664413,1.304900,-0.205877
0.976517,2.705780,0.899576,0.972884,2.708841,0.995615,0.977803,2.719438,1.099540,0.977781,2.719854,1.195055,0.978730,2.719267,1.290459,0.989397,2.728883,1.425881,1.013343,2.753783,1.519965,1.010630,2.706198,1.365889,1.129640,2.616456,1.339057,1.107449,2.565289,1.065034,1.087176,2.507570,0.834012,0.958861,2.743474,1.367330,0.832243,2.824506,1.348928,0.788115,2.841678,1.073335,0.823440,2.952785,0.864723,1.044090,2.663965,0.904095,1.124541,2.800763,0.533082,1.210156,2.941707,0.129318,1.314607,3.094195,0.110162,0.908896,2.747625,0.896288,0.867768,2.638209,0.510060,0.778699,2.457928,0.123038,0.872010,2.572132,0.017213,0.688124,1.340107,-0.191919
0.987438,2.728898,0.896518,0.983881,2.731462,0.992576,0.989014,2.741258,1.096566,0.989304,2.740785,1.192076,0.990633,2.739183,1.287458,1.001873,2.747246,1.422929,1.026134,2.771520,1.517094,1.022782,2.725257,1.362553,1.141798,2.636004,1.334131,1.120205,2.588327,1.059442,1.101182,2.531899,0.827998,0.970902,2.762344,1.364657,0.843887,2.843024,1.347493,0.798069,2.858584,1.072087,0.828491,2.963389,0.859541,1.055305,2.687541,0.900768,1.133627,2.826135,0.529950,1.212137,2.957581,0.121742,1.311907,3.110075,0.091145,0.919528,2.770282,0.893501,0.878090,2.663394,0.506483,0.781063,2.465742,0.130271,0.871948,2.572587,0.016567,0.684737,1.352801,-0.192377
0.998638,2.752817,0.893680,0.995237,2.754731,0.989763,1.000615,2.763586,1.093826,1.001241,2.762096,1.189324,1.002956,2.759360,1.284673,1.014744,2.765721,1.420188,1.039287,2.789288,1.514460,1.035311,2.744499,1.359413,1.154427,2.655914,1.329328,1.133697,2.612000,1.053943,1.116254,2.557272,0.821960,0.983271,2.781317,1.362218,0.855738,2.861454,1.346369,0.808253,2.875090,1.071145,0.832879,2.972574,0.854303,1.066875,2.712031,0.897540,1.143567,2.851737,0.526807,1.213806,2.969950,0.112939,1.307575,3.121973,0.065550,0.930368,2.793627,0.891056,0.888969,2.692175,0.502445,0.784137,2.475673,0.138799,0.871873,2.573065,0.015879,0.664806,1.349712,-0.195096
1.010099,2.776168,0.891641,1.006436,2.777378,0.987720,1.011869,2.785351,1.091854,1.012765,2.782946,1.187336,1.014911,2.779224,1.282649,1.027409,2.784158,1.418166,1.052285,2.807159,1.512492,1.047688,2.763678,1.357011,1.167228,2.676300,1.325207,1.147378,2.636169,1.049174,1.131601,2.583517,0.816598,0.995437,2.800135,1.360512,0.867254,2.879437,1.345738,0.818432,2.891210,1.070654,0.836549,2.980501,0.849726,1.078604,2.735819,0.895392,1.154297,2.876194,0.524713,1.215449,2.979893,0.105516,1.306012,3.130576,0.045326,0.941560,2.816535,0.889127,0.900368,2.724396,0.498434,0.788340,2.489397,0.148525,0.871866,2.572226,0.016360,0.643794,1.323731,-0.169974
1.022208,2.798579,0.890569,1.017442,2.799018,0.986589,1.022558,2.806195,1.090795,1.023589,2.803030,1.186254,1.026251,2.798546,1.281522,1.039791,2.802460,1.416972,1.065096,2.825092,1.511274,1.059878,2.782702,1.355455,1.180404,2.697540,1.321637,1.161213,2.660971,1.045048,1.147001,2.610645,0.811844,1.007351,2.818675,1.359676,0.878331,2.896710,1.345521,0.828388,2.906965,1.070565,0.839153,2.987167,0.845800,1.090770,2.758384,0.894788,1.166514,2.899283,0.524312,1.217311,2.987516,0.100438,1.310200,3.135252,0.035804,0.953591,2.838781,0.887587,0.912409,2.761211,0.494024,0.793866,2.507892,0.159766,0.871429,2.567552,0.017891,0.632314,1.259612,-0.091028
1.034577,2.820422,0.890295,1.028290,2.820038,0.986228,1.032900,2.826474,1.090504,1.033999,2.822651,1.185938,1.037223,2.817555,1.281156,1.051968,2.820724,1.416496,1.077752,2.843128,1.510723,1.071916,2.801662,1.354637,1.193752,2.719256,1.318749,1.175238,2.686270,1.041652,1.162677,2.638645,0.807765,1.019063,2.837060,1.359572,0.889073,2.913535,1.345797,0.838340,2.922335,1.070928,0.841040,2.992576,0.842535,1.103095,2.780246,0.895263,1.179521,2.921227,0.524960,1.219148,2.992712,0.096741,1.317156,3.136634,0.031654,0.965975,2.860591,0.886563,0.924970,2.801465,0.489640,0.800521,2.530181,0.172205,0.871059,2.561562,0.020592,0.619752,1.172601,0.015758
1.046024,2.841443,0.890897,1.038561,2.840329,0.986758,1.042813,2.846185,1.091086,1.044032,2.841874,1.186498,1.047777,2.836360,1.281674,1.063569,2.839093,1.416910,1.089839,2.861452,1.511012,1.083379,2.820580,1.354773,1.206358,2.740434,1.317488,1.189013,2.711517,1.039887,1.178500,2.667312,0.805262,1.030188,2.855391,1.360286,0.899258,2.930334,1.346979,0.848710,2.937271,1.072038,0.843198,2.996899,0.840682,1.114552,2.801354,0.896414,1.191171,2.941329,0.525792,1.220510,2.996250,0.094127,1.322337,3.137305,0.028824,0.977391,2.881515,0.886616,0.937637,2.841542,0.487042,0.808140,2.555013,0.184799,0.872334,2.560477,0.026040,0.589729,1.101331,0.102538
1.056167,2.861553,0.892560,1.048139,2.859826,0.988373,1.052289,2.865310,1.092729,1.053712,2.860729,1.188126,1.057902,2.855050,1.283276,1.074462,2.857742,1.418424,1.101248,2.880297,1.512332,1.094089,2.839557,1.356103,1.217783,2.760593,1.318548,1.202328,2.736932,1.040392,1.194430,2.696637,0.804919,1.040565,2.873806,1.361986,0.908800,2.947419,1.349459,0.860256,2.951756,1.074135,0.846120,2.999755,0.840649,1.124833,2.821712,0.898252,1.200785,2.959673,0.526705,1.221096,2.997844,0.092819,1.323622,3.137907,0.026342,0.987392,2.901367,0.888105,0.950520,2.880656,0.486938,0.816811,2.582564,0.197697,0.876050,2.565269,0.036551,0.524236,1.066924,0.147920
1.065389,2.880841,0.895098,1.057140,2.878596,0.990879,1.061336,2.883868,1.095243,1.063013,2.879184,1.190631,1.067609,2.873536,1.285763,1.084780,2.876496,1.420827,1.112088,2.899431,1.514493,1.104224,2.858492,1.358388,1.228465,2.780213,1.321235,1.215393,2.762296,1.042528,1.210508,2.726629,0.806151,1.050356,2.892168,1.364504,0.917784,2.964478,1.352847,0.872219,2.965807,1.076978,0.849314,3.001526,0.842026,1.134245,2.841315,0.900765,1.209042,2.976174,0.527800,1.221208,2.997779,0.092596,1.323131,3.137799,0.025181,0.996426,2.920333,0.890671,0.963510,2.919593,0.488620,0.826446,2.612657,0.210749,0.881410,2.574966,0.049808,0.441282,1.048258,0.173295
1.073648,2.899325,0.898035,1.065496,2.896725,0.993810,1.069893,2.901908,1.098168,1.071891,2.897212,1.193548,1.076881,2.891663,1.288665,1.094554,2.894974,1.423655,1.122274,2.918339,1.517094,1.113893,2.877106,1.361122,1.238805,2.799722,1.324419,1.228393,2.786402,1.045287,1.226729,2.757111,0.808109,1.059662,2.910162,1.367415,0.926244,2.980998,1.356379,0.882751,2.979427,1.080146,0.852291,3.003534,0.844340,1.142687,2.860087,0.903511,1.215832,2.989880,0.528510,1.221303,2.997679,0.092490,1.322677,3.137646,0.024210,1.004509,2.938525,0.893799,0.975863,2.957092,0.491715,0.836611,2.643518,0.222463,0.887602,2.592879,0.060432,0.378515,1.020599,0.194994
1.080725,2.917056,0.901365,1.073093,2.914303,0.997177,1.077914,2.919514,1.101514,1.080344,2.914876,1.196886,1.085744,2.909460,1.291988,1.103818,2.913141,1.426915,1.131804,2.936939,1.520167,1.123176,2.895382,1.364293,1.249053,2.819472,1.327851,1.241631,2.808785,1.048488,1.243285,2.788305,0.810488,1.068545,2.927732,1.370731,0.934192,2.996793,1.359895,0.890961,2.992761,1.083628,0.854713,3.006156,0.847722,1.149926,2.878061,0.906422,1.220965,2.999931,0.528471,1.221535,2.998088,0.092157,1.322881,3.137656,0.023024,1.011430,2.956016,0.897553,0.987206,2.992745,0.496395,0.847010,2.674359,0.233005,0.893798,2.621213,0.066372,0.356662,0.967121,0.220389
1.086841,2.933983,0.905094,1.080045,2.931242,1.000969,1.085446,2.936603,1.105271,1.088374,2.932112,1.200636,1.094171,2.926899,1.295726,1.112538,2.931031,1.430601,1.140680,2.955314,1.523680,1.131993,2.913337,1.367913,1.258958,2.839111,1.331780,1.254805,2.829910,1.052313,1.259983,2.819990,0.813593,1.076942,2.944934,1.374440,0.941614,3.012049,1.363557,0.897740,3.005663,1.087435,0.856918,3.009015,0.852040,1.156194,2.895204,0.909565,1.224631,3.007188,0.528046,1.221750,2.998462,0.091942,1.323122,3.137621,0.022028,1.017401,2.972732,0.901870,0.997912,3.026961,0.502489,0.857939,2.705966,0.242209,0.900825,2.657763,0.069680,0.354995,0.904652,0.242108
1.092619,2.949964,0.908753,1.086632,2.947367,1.004688,1.092569,2.952971,1.108948,1.095941,2.948699,1.204309,1.102074,2.943740,1.299392,1.120642,2.948372,1.434223,1.148819,2.973196,1.527148,1.140215,2.930743,1.371520,1.268173,2.858012,1.335820,1.267189,2.849968,1.056297,1.276241,2.851323,0.817488,1.084767,2.961627,1.378091,0.948509,3.026812,1.367087,0.903904,3.017707,1.091172,0.859435,3.012305,0.856421,1.162090,2.911345,0.912705,1.227287,3.013279,0.527762,1.221953,2.998792,0.091914,1.323352,3.137580,0.021304,1.023071,2.988561,0.906048,1.008367,3.059703,0.509115,0.869860,2.738926,0.248090,0.910355,2.699220,0.071134,0.348976,0.858937,0.254358
1.098247,2.964706,0.912263,1.092929,2.962442,1.008244,1.099289,2.968415,1.112458,1.103000,2.964451,1.207820,1.109375,2.959805,1.302903,1.128037,2.964974,1.437701,1.156094,2.990419,1.530494,1.147727,2.947444,1.375052,1.276492,2.875847,1.339951,1.278552,2.868849,1.060406,1.292003,2.882124,0.822282,1.091921,2.977679,1.381614,0.954796,3.040986,1.370421,0.909602,3.028502,1.094749,0.862436,3.016064,0.860680,1.167775,2.926153,0.915862,1.228810,3.018496,0.527845,1.222135,2.999061,0.092161,1.323560,3.137537,0.020974,1.028650,3.003240,0.909910,1.018836,3.090988,0.516198,0.883091,2.773210,0.249893,0.923385,2.745489,0.070841,0.327915,0.843000,0.255519
1.103537,2.978504,0.915702,1.098862,2.976704,1.011727,1.105601,2.983138,1.115889,1.109597,2.979554,1.211255,1.116152,2.975274,1.306343,1.134817,2.981026,1.441117,1.162633,3.007150,1.533793,1.154643,2.963596,1.378571,1.284120,2.892944,1.344192,1.289126,2.886662,1.064674,1.307325,2.912574,0.827867,1.098503,2.993221,1.385078,0.960555,3.054666,1.373624,0.914685,3.038437,1.098256,0.865749,3.020252,0.865002,1.173087,2.939958,0.919014,1.229323,3.022549,0.528068,1.222303,2.999286,0.092594,1.323756,3.137487,0.020916,1.033928,3.017032,0.913633,1.029053,3.120800,0.523814,0.897314,2.808845,0.248372,0.938919,2.796666,0.068694,0.302502,0.843818,0.247211
1.108557,2.992101,0.918840,1.104484,2.990685,1.014900,1.111572,2.997550,1.119013,1.115827,2.994340,1.214381,1.122539,2.990442,1.309474,1.141190,2.996816,1.444222,1.168741,3.023625,1.536783,1.161171,2.979440,1.381803,1.291324,2.909661,1.348213,1.298878,2.903924,1.068734,1.321791,2.942376,0.833981,1.104726,3.008501,1.388239,0.966016,3.068185,1.376607,0.919528,3.048262,1.101576,0.869375,3.024949,0.869078,1.178135,2.953578,0.921864,1.229646,3.026193,0.528283,1.222481,2.999508,0.093020,1.323921,3.137457,0.020842,1.038929,3.030610,0.917057,1.038605,3.149053,0.531307,0.912033,2.846502,0.243804,0.955642,2.849730,0.065157,0.280263,0.848069,0.228501
1.113249,3.005696,0.921624,1.109738,3.004480,1.017710,1.117153,3.011688,1.121777,1.121657,3.008818,1.217144,1.128523,3.005308,1.312241,1.147171,3.012353,1.446956,1.174451,3.039849,1.539394,1.167342,2.994967,1.384694,1.298167,2.926019,1.352012,1.307569,2.920674,1.072571,1.335143,2.971466,0.840737,1.110618,3.023503,1.391053,0.971195,3.081504,1.379440,0.924193,3.058070,1.104775,0.873318,3.030075,0.872923,1.182873,2.967234,0.924316,1.230024,3.029556,0.528435,1.222682,2.999731,0.093365,1.324046,3.137454,0.020650,1.043580,3.044145,0.920167,1.047232,3.175768,0.538681,0.927339,2.886265,0.235625,0.973626,2.903242,0.059850,0.264831,0.855126,0.193809
1.117672,3.019091,0.924106,1.114681,3.017995,1.020210,1.122393,3.025515,1.124233,1.127119,3.022979,1.219599,1.134117,3.019874,1.314701,1.152746,3.027628,1.449379,1.179730,3.055817,1.541696,1.173125,3.010187,1.387298,1.304587,2.941998,1.355591,1.315438,2.936872,1.076201,1.347640,2.999909,0.848022,1.116151,3.038242,1.393564,0.976075,3.094662,1.382054,0.928617,3.067766,1.107787,0.877575,3.035710,0.876523,1.187347,2.980704,0.926465,1.230213,3.032510,0.528578,1.222892,2.999952,0.093702,1.324141,3.137471,0.020443,1.047954,3.057465,0.922978,1.055195,3.200924,0.545933,0.943141,2.928048,0.224399,0.992799,2.958641,0.053152,0.252573,0.865617,0.148715
1.122065,3.032440,0.926216,1.119540,3.031478,1.022335,1.127503,3.039323,1.126315,1.132410,3.037132,1.221680,1.139504,3.034441,1.316788,1.158078,3.042905,1.451431,1.184780,3.071760,1.543624,1.178639,3.025373,1.389506,1.310664,2.957890,1.358619,1.323179,2.952916,1.079306,1.359644,3.027593,0.855238,1.121449,3.053013,1.395658,0.980840,3.108100,1.384142,0.932987,3.077821,1.110296,0.882135,3.042167,0.879523,1.191798,2.994143,0.928290,1.230298,3.035427,0.528720,1.223094,3.000192,0.094052,1.324213,3.137506,0.020232,1.052293,3.070725,0.925370,1.062857,3.224371,0.552392,0.958675,2.972261,0.212096,1.011621,3.017220,0.046664,0.240115,0.868107,0.109021
1.126570,3.045831,0.927965,1.124462,3.045029,1.024096,1.132627,3.053207,1.128036,1.137665,3.051363,1.223402,1.144802,3.049080,1.318517,1.163265,3.058224,1.453132,1.189702,3.087692,1.545208,1.183965,3.040574,1.391315,1.316456,2.973760,1.360964,1.331119,2.968868,1.081759,1.371370,3.054611,0.862374,1.126599,3.067880,1.397325,0.985620,3.121988,1.385622,0.937328,3.088315,1.112255,0.887041,3.049481,0.881862,1.196370,3.007638,0.929802,1.230262,3.038430,0.528880,1.223324,3.000462,0.094437,1.324263,3.137575,0.020001,1.056737,3.084013,0.927357,1.070500,3.246167,0.558038,0.973730,3.019219,0.198726,1.029897,3.079967,0.040390,0.224343,0.854061,0.082401
1.131046,3.059176,0.929343,1.129299,3.058549,1.025482,1.137622,3.067071,1.129382,1.142749,3.065587,1.224750,1.149892,3.063720,1.319874,1.168210,3.073546,1.454460,1.194396,3.103599,1.546419,1.189021,3.055740,1.392728,1.321906,2.989544,1.362758,1.338931,2.984664,1.083687,1.382603,3.080870,0.869440,1.131513,3.082778,1.398576,0.990285,3.136156,1.386577,0.941614,3.099168,1.113710,0.892251,3.057617,0.883602,1.200919,3.021101,0.930990,1.230122,3.041395,0.529038,1.223545,3.000752,0.094835,1.324290,3.137663,0.019767,1.061146,3.097241,0.928925,1.077843,3.266254,0.562890,0.988517,3.068607,0.184278,1.047821,3.145893,0.034326,0.208371,0.832014,0.061182
1.135316,3.072360,0.930243,1.133840,3.071991,1.026388,1.142269,3.080927,1.130243,1.147455,3.079858,1.225613,1.154594,3.078454,1.320745,1.172777,3.089016,1.455293,1.198766,3.119666,1.547110,1.193685,3.070999,1.393646,1.326924,3.005344,1.364074,1.346318,3.000519,1.085156,1.393067,3.105980,0.875862,1.136054,3.097808,1.399324,0.994619,3.150541,1.386949,0.945952,3.110602,1.114489,0.897624,3.066784,0.884582,1.205264,3.034416,0.931798,1.230019,3.044323,0.529143,1.223623,3.001055,0.095193,1.324303,3.137724,0.019595,1.065346,3.110299,0.929918,1.084403,3.284313,0.566339,1.002912,3.119880,0.170691,1.064440,3.213322,0.030065,0.198166,0.816139,0.038148
1.139302,3.085252,0.930608,1.138006,3.085283,1.026756,1.146498,3.094746,1.130559,1.151728,3.094183,1.225929,1.158869,3.093316,1.321067,1.176960,3.104697,1.455560,1.202829,3.135973,1.547200,1.197936,3.086395,1.393998,1.331498,3.021198,1.364869,1.353322,3.016530,1.086133,1.402773,3.129862,0.881558,1.140197,3.113004,1.399506,0.998571,3.165114,1.386688,0.950449,3.122737,1.114492,0.903152,3.077079,0.884721,1.209344,3.047481,0.932191,1.229949,3.047067,0.529186,1.223492,3.001354,0.095483,1.324301,3.137736,0.019539,1.069243,3.123023,0.930256,1.089859,3.300029,0.568140,1.016739,3.173621,0.157853,1.078550,3.283382,0.027552,0.197702,0.810875,0.009866
1.143082,3.097983,0.930496,1.141876,3.098496,1.026643,1.150379,3.108557,1.130389,1.155624,3.108554,1.225761,1.162755,3.108273,1.320903,1.180766,3.120527,1.455331,1.206568,3.152440,1.546770,1.201793,3.101883,1.393855,1.335640,3.037068,1.365186,1.359902,3.032599,1.086650,1.411709,3.152596,0.886611,1.143967,3.128333,1.399185,1.002192,3.179904,1.385844,0.954997,3.135452,1.113819,0.908843,3.088405,0.884098,1.213219,3.060398,0.932204,1.229916,3.049774,0.529176,1.223218,3.001666,0.095733,1.324285,3.137721,0.019546,1.072930,3.135577,0.930019,1.094533,3.313716,0.568539,1.030174,3.229248,0.145876,1.091356,3.354943,0.026843,0.203004,0.811782,-0.020231
1.146716,3.110841,0.929972,1.145467,3.111807,1.026115,1.153904,3.122448,1.129809,1.159100,3.123006,1.225183,1.166181,3.123317,1.320329,1.184085,3.136460,1.454687,1.209834,3.169006,1.545918,1.205191,3.117458,1.393325,1.339298,3.052940,1.365224,1.365645,3.048642,1.086868,1.419556,3.174022,0.890692,1.147297,3.143797,1.398457,1.005421,3.194925,1.384506,0.959391,3.148605,1.112597,0.914587,3.100680,0.882795,1.216897,3.073353,0.931890,1.230073,3.052882,0.529091,1.222866,3.002038,0.095977,1.324265,3.137694,0.019523,1.076519,3.148343,0.929285,1.098914,3.325995,0.567659,1.043618,3.284471,0.137037,1.105512,3.422948,0.029692,0.208114,0.819717,-0.049070
1.150199,3.123844,0.928994,1.148717,3.125220,1.025129,1.156992,3.136418,1.128777,1.162075,3.137538,1.224151,1.169078,3.138463,1.319298,1.186889,3.152537,1.453574,1.212613,3.185725,1.544579,1.208102,3.133151,1.392380,1.342444,3.068801,1.365028,1.370318,3.064628,1.086813,1.426065,3.194061,0.893723,1.150166,3.159436,1.397303,1.008225,3.210188,1.382660,0.963641,3.162167,1.110807,0.920347,3.113916,0.880775,1.220322,3.086274,0.931246,1.230566,3.056409,0.528931,1.222462,3.002465,0.096206,1.324245,3.137658,0.019440,1.080056,3.161435,0.927972,1.103177,3.336309,0.565075,1.057442,3.340301,0.132490,1.122546,3.486940,0.037572,0.214270,0.837269,-0.075995
1.153537,3.136973,0.927604,1.151689,3.138730,1.023726,1.159724,3.150468,1.127333,1.164631,3.152150,1.222708,1.171515,3.153696,1.317857,1.189206,3.168718,1.452046,1.214919,3.202544,1.542819,1.210553,3.148931,1.391048,1.345108,3.084664,1.364553,1.374154,3.080589,1.086459,1.431485,3.212794,0.895783,1.152595,3.175211,1.395742,1.010636,3.225682,1.380322,0.967736,3.176165,1.108468,0.926160,3.128101,0.878074,1.223549,3.099233,0.930276,1.231250,3.060337,0.528696,1.221981,3.002953,0.096429,1.324221,3.137612,0.019328,1.083495,3.174739,0.926162,1.107146,3.345214,0.561213,1.071275,3.395727,0.131081,1.140932,3.547374,0.049012,0.220233,0.861849,-0.101662
1.156795,3.150454,0.925995,1.154593,3.152499,1.022105,1.162324,3.164697,1.125683,1.166974,3.166869,1.221061,1.173627,3.168969,1.316215,1.191021,3.184841,1.450346,1.216648,3.219239,1.540928,1.212555,3.164702,1.389533,1.347324,3.100545,1.363863,1.377433,3.096541,1.085883,1.436250,3.230310,0.896785,1.154586,3.191008,1.393933,1.012695,3.241388,1.377628,0.971436,3.190547,1.105763,0.932019,3.143118,0.874873,1.226752,3.112642,0.929041,1.231845,3.065048,0.528362,1.221416,3.003560,0.096703,1.324188,3.137568,0.019180,1.086802,3.188294,0.924177,1.110788,3.355003,0.557479,1.084407,3.445427,0.131632,1.158744,3.600554,0.061350,0.216328,0.886540,-0.124962
1.159938,3.164266,0.924196,1.157472,3.166454,1.020298,1.164856,3.179011,1.123858,1.169165,3.181592,1.219243,1.175452,3.184178,1.314411,1.192314,3.200812,1.448517,1.217776,3.235707,1.538958,1.214088,3.180379,1.387864,1.349074,3.116372,1.362970,1.380207,3.112443,1.085101,1.440382,3.246503,0.896593,1.156129,3.206770,1.391874,1.014445,3.257397,1.374573,0.974647,3.205204,1.102744,0.938037,3.158948,0.871173,1.229954,3.126582,0.927495,1.231993,3.070505,0.527901,1.220589,3.004340,0.096947,1.324103,3.137557,0.018974,1.089880,3.201975,0.922128,1.113680,3.366302,0.554331,1.096705,3.488226,0.135236,1.175994,3.645361,0.075519,0.193593,0.910612,-0.148090
1.163002,3.178429,0.922178,1.160283,3.180667,1.018271,1.167257,3.193503,1.121827,1.171143,3.196421,1.217220,1.176952,3.199426,1.312406,1.193105,3.216725,1.446516,1.218326,3.252052,1.536858,1.215171,3.196048,1.386011,1.350377,3.132218,1.361863,1.382425,3.128336,1.084098,1.443858,3.261481,0.895343,1.157233,3.222555,1.389566,1.015843,3.273619,1.371162,0.977463,3.220244,1.099359,0.944101,3.175610,0.866972,1.233133,3.140971,0.925685,1.232051,3.076745,0.527342,1.219678,3.005239,0.097241,1.324011,3.137549,0.018731,1.092827,3.215907,0.919904,1.116243,3.378484,0.551310,1.108303,3.525300,0.140801,1.192672,3.682913,0.090587,0.160989,0.934796,-0.168852
1.166169,3.193233,0.920042,1.163106,3.195520,1.016123,1.169561,3.208549,1.119686,1.172923,3.211691,1.215092,1.178153,3.214969,1.310302,1.193438,3.232698,1.444456,1.218266,3.268370,1.534769,1.215873,3.211864,1.384084,1.351326,3.148317,1.360573,1.384205,3.144359,1.082905,1.447053,3.275653,0.893368,1.157931,3.238422,1.387171,1.016805,3.289763,1.367548,0.979926,3.235934,1.095629,0.949878,3.193049,0.862454,1.236394,3.155974,0.923823,1.232816,3.084265,0.526747,1.219211,3.006157,0.097884,1.324034,3.137467,0.018515,1.095896,3.230509,0.917499,1.119705,3.391954,0.548440,1.118890,3.554855,0.143865,1.206825,3.712870,0.101105,0.135726,0.954362,-0.179560
1.169560,3.208778,0.917793,1.166065,3.211144,1.013859,1.171873,3.224281,1.117447,1.174597,3.227515,1.212870,1.179126,3.230886,1.308112,1.193336,3.248754,1.442365,1.217559,3.284685,1.532738,1.216252,3.227868,1.382093,1.352006,3.164804,1.359021,1.385670,3.160650,1.081450,1.450165,3.289104,0.890546,1.158252,3.254348,1.384704,1.017342,3.305679,1.363607,0.981934,3.252496,1.091361,0.955220,3.211399,0.857466,1.239886,3.171740,0.921922,1.234415,3.093063,0.526179,1.219354,3.006952,0.098894,1.324293,3.137222,0.018391,1.099181,3.245836,0.914906,1.124635,3.407229,0.545932,1.128347,3.574806,0.142606,1.217303,3.733820,0.105137,0.128655,0.965609,-0.173167
1.173053,3.224964,0.915427,1.169035,3.227407,1.011473,1.174089,3.240568,1.115099,1.176074,3.243780,1.210542,1.179799,3.247098,1.305822,1.192776,3.264870,1.440213,1.216242,3.300973,1.530718,1.216250,3.244018,1.380028,1.352331,3.181544,1.357287,1.386697,3.177070,1.079806,1.452995,3.301750,0.886999,1.158167,3.270358,1.382150,1.017444,3.321517,1.359464,0.983589,3.269709,1.086747,0.960275,3.230526,0.852161,1.243460,3.188120,0.919968,1.236722,3.103140,0.525575,1.219941,3.007767,0.100251,1.324667,3.136902,0.018293,1.102589,3.261832,0.912131,1.130464,3.423791,0.543576,1.136794,3.587238,0.138846,1.225257,3.747174,0.104618,0.128925,0.972240,-0.156720
1.176469,3.241776,0.913037,1.171725,3.244292,1.009043,1.175924,3.257385,1.112715,1.177096,3.260478,1.208174,1.179983,3.263619,1.303488,1.191726,3.281093,1.438033,1.214391,3.317268,1.528713,1.215764,3.260351,1.377969,1.352133,3.198360,1.355635,1.387041,3.193340,1.078231,1.455316,3.313748,0.883417,1.157614,3.286578,1.379634,1.016994,3.337438,1.355635,0.985229,3.287176,1.082389,0.965148,3.249972,0.847175,1.246781,3.204835,0.918133,1.240152,3.114991,0.524802,1.220993,3.008929,0.102198,1.324924,3.136696,0.018086,1.106092,3.278746,0.909187,1.136705,3.440499,0.540765,1.144281,3.596614,0.133590,1.232188,3.756825,0.099904,0.121192,0.980635,-0.143672
1.179894,3.259332,0.910390,1.174038,3.261999,1.006322,1.177219,3.274935,1.110046,1.177474,3.277790,1.205517,1.179506,3.280584,1.300862,1.190093,3.297464,1.435577,1.211929,3.333565,1.526488,1.214688,3.276951,1.375702,1.351330,3.215346,1.353973,1.386474,3.209386,1.076621,1.456996,3.325011,0.879762,1.156492,3.303105,1.376991,1.015760,3.353348,1.352307,0.987215,3.304724,1.078441,0.969946,3.269685,0.842664,1.249784,3.221759,0.916346,1.244727,3.128736,0.523669,1.222249,3.010312,0.104586,1.324950,3.136712,0.017761,1.109924,3.296938,0.905674,1.143644,3.457095,0.536839,1.150786,3.603417,0.126234,1.238629,3.762866,0.089304,0.097960,0.999221,-0.151034
1.183242,3.277515,0.907718,1.176071,3.280329,1.003558,1.178135,3.293017,1.107341,1.177398,3.295534,1.202819,1.178541,3.297858,1.298193,1.187971,3.313943,1.433091,1.208935,3.349869,1.524277,1.213128,3.293733,1.373441,1.350005,3.232408,1.352394,1.385224,3.225283,1.075080,1.458166,3.335626,0.876073,1.154903,3.319843,1.374386,1.013974,3.369340,1.349294,0.989187,3.322526,1.074749,0.974563,3.289716,0.838471,1.252532,3.239019,0.914678,1.250425,3.144255,0.522367,1.223970,3.012042,0.107562,1.324857,3.136841,0.017327,1.113852,3.316049,0.901993,1.150996,3.473836,0.532460,1.156331,3.607163,0.117382,1.244048,3.765204,0.074510,0.066726,1.019572,-0.161794
1.186072,3.295960,0.905811,1.177821,3.298664,1.001575,1.178870,3.311005,1.105418,1.177182,3.313158,1.200895,1.177414,3.315050,1.296286,1.185610,3.330450,1.431346,1.205722,3.366223,1.522784,1.211295,3.310480,1.371900,1.348225,3.249078,1.351435,1.383727,3.240976,1.074184,1.458993,3.346013,0.873152,1.153090,3.336639,1.372437,1.012215,3.385855,1.346558,0.990405,3.340708,1.071450,0.978781,3.309766,0.834763,1.254879,3.256709,0.913499,1.257602,3.161691,0.521335,1.226963,3.014827,0.111817,1.324756,3.136954,0.016680,1.117151,3.335249,0.899354,1.157413,3.490353,0.528999,1.161036,3.610869,0.109852,1.248348,3.767442,0.060950,0.034632,1.022782,-0.138375
1.188241,3.315108,0.905000,1.179308,3.317164,1.000717,1.179490,3.328918,1.104632,1.176888,3.330610,1.200096,1.176133,3.332097,1.295489,1.182899,3.346959,1.430684,1.202203,3.382591,1.522352,1.209066,3.327139,1.371371,1.345713,3.265036,1.351185,1.382307,3.256341,1.074090,1.459952,3.356146,0.871312,1.150967,3.353518,1.371375,1.010654,3.403368,1.343853,0.990177,3.359655,1.068392,0.982411,3.329830,0.831423,1.256785,3.275424,0.912911,1.266549,3.181464,0.520604,1.231913,3.018703,0.117625,1.325095,3.137436,0.015614,1.119580,3.354821,0.898323,1.162351,3.506911,0.526997,1.165035,3.616002,0.104692,1.251311,3.771127,0.049961,-0.004627,1.001178,-0.043347
1.189893,3.334519,0.904954,1.180513,3.335670,1.000641,1.179930,3.346738,1.104629,1.176456,3.347942,1.200071,1.174691,3.349063,1.295455,1.179949,3.363496,1.430762,1.198466,3.399010,1.522638,1.206564,3.343764,1.371563,1.342747,3.280603,1.351555,1.380641,3.271503,1.074640,1.460568,3.366050,0.870241,1.148621,3.370456,1.370969,1.009120,3.421403,1.341426,0.989195,3.378981,1.065727,0.985643,3.349912,0.828566,1.258290,3.294570,0.912813,1.276975,3.203153,0.520144,1.238134,3.023634,0.124711,1.325425,3.137901,0.014335,1.121380,3.374484,0.898334,1.166354,3.523244,0.525915,1.168195,3.621095,0.100855,1.253156,3.774712,0.040207,-0.044745,0.962433,0.085861
1.191012,3.352502,0.905466,1.181374,3.353082,1.001136,1.180196,3.363779,1.105161,1.176012,3.364756,1.200580,1.173396,3.365745,1.295949,1.177344,3.380068,1.431318,1.195094,3.415637,1.523323,1.204378,3.360294,1.372308,1.340233,3.296278,1.352822,1.378200,3.286785,1.075935,1.459584,3.376218,0.869801,1.146554,3.387221,1.371147,1.007683,3.438979,1.339981,0.988793,3.397655,1.064057,0.988831,3.369725,0.826712,1.259357,3.312458,0.913273,1.288365,3.225641,0.520304,1.244376,3.030215,0.132932,1.324508,3.137058,0.013350,1.122551,3.392554,0.898900,1.169712,3.538188,0.525507,1.170237,3.624762,0.098015,1.254444,3.777166,0.033115,-0.059670,0.910665,0.174544
1.191325,3.368265,0.906567,1.181658,3.368953,1.002236,1.180118,3.379843,1.106237,1.175472,3.381020,1.201635,1.172260,3.382230,1.296986,1.175244,3.396875,1.432349,1.192297,3.432743,1.524373,1.202657,3.376863,1.373672,1.338432,3.312345,1.355318,1.374316,3.302613,1.078176,1.456241,3.386811,0.870065,1.144891,3.403901,1.372019,1.006278,3.455886,1.340025,0.989855,3.415364,1.063841,0.992364,3.389194,0.826290,1.259747,3.328367,0.914436,1.301219,3.248402,0.521287,1.250127,3.038542,0.142476,1.320913,3.133523,0.012167,1.122787,3.408175,0.899935,1.172661,3.551575,0.526011,1.170720,3.626089,0.096346,1.255196,3.777766,0.029939,-0.023047,0.837282,0.182988
1.191106,3.382601,0.908227,1.181598,3.383731,1.003906,1.179867,3.395129,1.107848,1.174922,3.396765,1.203224,1.171270,3.398432,1.298551,1.173489,3.413717,1.433857,1.189865,3.450057,1.525821,1.201253,3.393338,1.375589,1.337083,3.328519,1.358712,1.369657,3.318560,1.081164,1.451299,3.397668,0.870961,1.143506,3.420410,1.373476,1.004969,3.472333,1.341052,0.991497,3.432421,1.064619,0.995853,3.408393,0.826870,1.259699,3.343018,0.916158,1.315038,3.271962,0.522890,1.255898,3.048520,0.153155,1.316071,3.128680,0.011277,1.122394,3.422205,0.901526,1.174964,3.563572,0.527189,1.170086,3.625991,0.095674,1.255391,3.777235,0.029424,0.038770,0.750874,0.150906
1.191155,3.396199,0.910144,1.181838,3.397655,1.005837,1.179952,3.409554,1.109720,1.174746,3.411685,1.205071,1.170695,3.413893,1.300369,1.172181,3.429998,1.435587,1.187755,3.466927,1.527451,1.200302,3.409263,1.377693,1.336312,3.344441,1.362283,1.365696,3.333665,1.084400,1.445777,3.408793,0.872137,1.142532,3.436258,1.375112,1.004021,3.487967,1.342247,0.992396,3.448723,1.065618,0.998477,3.427259,0.827678,1.259906,3.356893,0.918067,1.327810,3.296780,0.524858,1.261969,3.060453,0.164257,1.313029,3.125395,0.012665,1.122285,3.435532,0.903444,1.176200,3.573521,0.528091,1.169381,3.625829,0.095146,1.255527,3.776705,0.029229,0.072774,0.681329,0.122732
1.191927,3.409311,0.912367,1.182763,3.410783,1.008075,1.180700,3.423051,1.111912,1.175215,3.425648,1.207236,1.170745,3.428455,1.302498,1.171447,3.445570,1.437595,1.186010,3.483218,1.529327,1.199960,3.424542,1.379998,1.336293,3.360072,1.366048,1.362851,3.347337,1.087982,1.439612,3.419982,0.873638,1.142113,3.451317,1.376907,1.003628,3.502723,1.343457,0.991813,3.464367,1.066710,0.999784,3.446051,0.828579,1.260730,3.370069,0.920187,1.338904,3.323598,0.527144,1.268502,3.074747,0.175966,1.312790,3.123006,0.017721,1.123010,3.448580,0.905772,1.175851,3.580711,0.528249,1.168915,3.626032,0.094435,1.255755,3.776549,0.028608,0.043419,0.644785,0.113592
1.192968,3.421685,0.914846,1.183987,3.423058,1.010574,1.181784,3.435686,1.114365,1.176058,3.438786,1.209659,1.171210,3.442276,1.304880,1.171160,3.460582,1.439823,1.184587,3.499066,1.531384,1.200071,3.439270,1.382489,1.336852,3.375452,1.369992,1.360704,3.360167,1.091813,1.432867,3.431438,0.875420,1.142104,3.465717,1.378881,1.003596,3.516666,1.344835,0.990487,3.479257,1.068022,1.000227,3.464509,0.829709,1.261807,3.382468,0.922496,1.348951,3.351674,0.529794,1.275336,3.090996,0.188098,1.314351,3.122175,0.025054,1.124019,3.460925,0.908427,1.174433,3.585852,0.528131,1.168377,3.626172,0.093867,1.255925,3.776395,0.028307,-0.013750,0.625103,0.108360
1.193710,3.433253,0.917129,1.185004,3.434551,1.012882,1.182733,3.447571,1.116623,1.176855,3.451187,1.211889,1.171719,3.455371,1.307069,1.171038,3.474879,1.441844,1.183315,3.514224,1.533204,1.200306,3.453277,1.384761,1.337592,3.390339,1.373351,1.359479,3.372973,1.095110,1.426750,3.443775,0.876993,1.142202,3.479356,1.380695,1.003608,3.529633,1.346027,0.989309,3.493001,1.069169,1.000346,3.481795,0.830705,1.262738,3.394339,0.924559,1.357845,3.379243,0.532688,1.282258,3.108297,0.199385,1.317752,3.127753,0.032477,1.124576,3.472188,0.910933,1.173080,3.590415,0.528187,1.167884,3.626325,0.093571,1.256087,3.776257,0.028224,-0.045099,0.603753,0.106094
1.193726,3.443820,0.919019,1.185520,3.445116,1.014814,1.183338,3.458584,1.118500,1.177460,3.462738,1.213744,1.172169,3.467617,1.308882,1.171033,3.488305,1.443478,1.182154,3.528526,1.534600,1.200582,3.466363,1.386650,1.338411,3.404532,1.375690,1.359509,3.385947,1.097455,1.421679,3.457337,0.878048,1.142349,3.492096,1.382204,1.003635,3.541512,1.346785,0.988479,3.505469,1.069894,1.000158,3.497798,0.831326,1.263186,3.405622,0.926110,1.365416,3.405914,0.535787,1.288980,3.126025,0.210061,1.323322,3.142338,0.039962,1.124167,3.482036,0.913164,1.172196,3.594649,0.528653,1.167509,3.626513,0.093696,1.256263,3.776144,0.028402,-0.024604,0.572220,0.109035
1.193442,3.453580,0.920713,1.185827,3.454900,1.016557,1.183808,3.468847,1.120182,1.178018,3.473553,1.215406,1.172663,3.479137,1.310501,1.171194,3.501017,1.444905,1.181144,3.542139,1.535759,1.200982,3.478728,1.388319,1.339410,3.418232,1.377444,1.360461,3.398897,1.099265,1.417235,3.471780,0.878894,1.142604,3.504076,1.383552,1.003706,3.552417,1.347357,0.987795,3.516790,1.070453,0.999645,3.512627,0.831814,1.263487,3.416377,0.927415,1.371834,3.432078,0.539130,1.295790,3.144803,0.219893,1.330732,3.163332,0.047538,1.123305,3.490801,0.915246,1.171377,3.598304,0.529293,1.167178,3.626714,0.094092,1.256430,3.776048,0.028798,0.021710,0.539018,0.114943
1.193569,3.463058,0.922340,1.186304,3.464416,1.018212,1.184302,3.478836,1.121773,1.178553,3.484066,1.216973,1.173144,3.490317,1.312024,1.171390,3.513334,1.446235,1.180236,3.555316,1.536814,1.201419,3.490800,1.389858,1.340496,3.431793,1.379158,1.361558,3.412058,1.101015,1.413372,3.486684,0.879974,1.142837,3.515612,1.384836,1.003591,3.562521,1.348127,0.987553,3.526960,1.071224,0.999300,3.525770,0.832534,1.264247,3.427039,0.928838,1.377500,3.457141,0.542703,1.303346,3.165604,0.226915,1.339035,3.187794,0.053102,1.122803,3.499095,0.917077,1.170537,3.602102,0.529853,1.166783,3.626933,0.094438,1.256579,3.775955,0.029179,0.069399,0.511161,0.116149
1.194361,3.472358,0.923944,1.187002,3.473770,1.019809,1.184765,3.488663,1.123298,1.178953,3.494399,1.218464,1.173494,3.501291,1.313468,1.171534,3.525418,1.447480,1.179403,3.568231,1.537762,1.201797,3.502748,1.391267,1.341527,3.445187,1.381046,1.362525,3.425502,1.102893,1.410016,3.501920,0.881484,1.142939,3.526863,1.386070,1.003127,3.572011,1.349274,0.988092,3.535922,1.072391,0.999319,3.536930,0.833665,1.265697,3.437696,0.930568,1.382691,3.480778,0.546710,1.312071,3.188821,0.230323,1.347988,3.215007,0.055723,1.122934,3.507037,0.918556,1.169580,3.606466,0.530245,1.166231,3.627196,0.094619,1.256690,3.775868,0.029481,0.114235,0.491594,0.108061
1.195563,3.481374,0.925482,1.187869,3.482857,1.021319,1.185253,3.498215,1.124731,1.179329,3.504430,1.219860,1.173830,3.511926,1.314815,1.171713,3.537108,1.448630,1.178672,3.580709,1.538606,1.202214,3.514404,1.392547,1.342645,3.458442,1.382894,1.363638,3.439158,1.104710,1.407240,3.517617,0.883228,1.143019,3.537670,1.387240,1.002477,3.580702,1.350620,0.989072,3.543732,1.073769,0.999505,3.546403,0.835028,1.267606,3.448260,0.932415,1.387130,3.503313,0.550947,1.321540,3.214060,0.230923,1.357834,3.245688,0.056332,1.123424,3.514508,0.919784,1.168603,3.610974,0.530557,1.165615,3.627476,0.094749,1.256782,3.775785,0.029769,0.160446,0.477370,0.095272
1.197121,3.490318,0.926952,1.189119,3.491870,1.022763,1.186088,3.507625,1.126104,1.180030,3.514223,1.221199,1.174457,3.522195,1.316112,1.172061,3.548239,1.449759,1.178077,3.592484,1.539488,1.202876,3.525698,1.393788,1.344184,3.471993,1.384598,1.364946,3.453046,1.106374,1.405226,3.533752,0.885066,1.143284,3.547875,1.388404,1.001909,3.588210,1.352013,0.989763,3.550554,1.075190,0.999764,3.554559,0.836451,1.269887,3.458900,0.934173,1.390384,3.525130,0.554798,1.331137,3.241110,0.229165,1.368359,3.279045,0.055628,1.124254,3.521756,0.920965,1.167801,3.615077,0.530802,1.165115,3.627703,0.094852,1.256898,3.775690,0.030005,0.196267,0.466662,0.083897
1.199082,3.499305,0.928389,1.190888,3.500911,1.024183,1.187435,3.516958,1.127466,1.181230,3.523792,1.222536,1.175527,3.532054,1.317417,1.172661,3.558672,1.450943,1.177677,3.603380,1.540508,1.203904,3.536560,1.395069,1.346380,3.486058,1.386165,1.366321,3.467149,1.107880,1.404099,3.550422,0.887074,1.143824,3.557340,1.389640,1.001473,3.594244,1.353499,0.989783,3.556499,1.076664,1.000076,3.561429,0.837951,1.272588,3.469719,0.935809,1.392307,3.546387,0.558108,1.340693,3.269910,0.224837,1.379696,3.314742,0.053487,1.125473,3.528914,0.922203,1.167264,3.618450,0.530973,1.164830,3.627839,0.094932,1.257054,3.775583,0.030152,0.215939,0.459722,0.076467
1.201399,3.508219,0.929758,1.193041,3.509877,1.025536,1.189128,3.526148,1.128768,1.182755,3.533122,1.223816,1.176888,3.541549,1.318673,1.173429,3.568547,1.452108,1.177411,3.613572,1.541565,1.205178,3.547060,1.396311,1.348997,3.500420,1.387588,1.367891,3.481484,1.109233,1.403734,3.567530,0.889177,1.144548,3.566202,1.390870,1.001118,3.599095,1.355033,0.989514,3.561456,1.078179,1.000461,3.566983,0.839510,1.275662,3.480614,0.937355,1.393046,3.566927,0.561032,1.350375,3.300521,0.218152,1.391712,3.353114,0.050034,1.127032,3.535849,0.923393,1.166903,3.621418,0.531076,1.164661,3.627921,0.094983,1.257235,3.775464,0.030246,0.225222,0.456297,0.070450
1.203877,3.516921,0.930951,1.195382,3.518655,1.026716,1.190989,3.535141,1.129894,1.184435,3.542235,1.224921,1.178378,3.550794,1.319753,1.174250,3.578106,1.453104,1.177132,3.623328,1.542501,1.206542,3.557345,1.397373,1.351655,3.514858,1.388751,1.370082,3.496129,1.110351,1.403932,3.584757,0.891008,1.145383,3.574720,1.391924,1.000967,3.603263,1.356328,0.989373,3.565261,1.079528,1.000884,3.571500,0.840906,1.278877,3.491449,0.938701,1.392599,3.586665,0.563425,1.360071,3.332913,0.210202,1.403801,3.394369,0.046333,1.128770,3.542420,0.924432,1.166653,3.624416,0.531143,1.164487,3.627984,0.095021,1.257440,3.775323,0.030361,0.229634,0.453802,0.064365
1.206451,3.525357,0.931926,1.197850,3.527213,1.027680,1.192956,3.543919,1.130800,1.186208,3.551126,1.225805,1.179934,3.559793,1.320613,1.175065,3.587363,1.453885,1.176764,3.632651,1.543279,1.207944,3.567412,1.398204,1.354250,3.529270,1.389591,1.373188,3.511165,1.111186,1.404821,3.602092,0.892451,1.146290,3.582923,1.392741,1.001025,3.606822,1.357237,0.989339,3.567674,1.080603,1.001204,3.575030,0.842032,1.282174,3.502184,0.939811,1.390805,3.605684,0.565223,1.369867,3.367267,0.200850,1.416518,3.439079,0.042436,1.130620,3.548559,0.925274,1.166495,3.627538,0.531175,1.164255,3.628050,0.095037,1.257693,3.775138,0.030509,0.228100,0.451516,0.057976
1.209185,3.533581,0.932726,1.200508,3.535582,1.028470,1.195090,3.552498,1.131530,1.188135,3.559799,1.226512,1.181621,3.568542,1.321297,1.175934,3.596304,1.454498,1.176382,3.641537,1.543937,1.209437,3.577265,1.398855,1.356885,3.543759,1.390170,1.376916,3.526512,1.111786,1.406275,3.619546,0.893622,1.147308,3.590781,1.393381,1.001285,3.609697,1.357907,0.989432,3.568934,1.081511,1.001561,3.577523,0.842995,1.285612,3.512859,0.940720,1.387825,3.623902,0.566490,1.379675,3.403403,0.190233,1.429308,3.486672,0.038292,1.132648,3.554334,0.925963,1.166448,3.630689,0.531171,1.164018,3.628099,0.095040,1.257971,3.774931,0.030676,0.221696,0.450160,0.051518
1.212071,3.541612,0.933369,1.203346,3.543745,1.029105,1.197398,3.560874,1.132101,1.190236,3.568291,1.227059,1.183472,3.577141,1.321816,1.176920,3.605141,1.454927,1.176061,3.650247,1.544426,1.211029,3.587053,1.399334,1.359489,3.558409,1.390556,1.380810,3.542009,1.112217,1.407711,3.636830,0.894507,1.148481,3.598463,1.393855,1.001853,3.612163,1.358496,0.990131,3.569596,1.082368,1.002344,3.579114,0.843888,1.289140,3.523459,0.941433,1.384154,3.640980,0.567276,1.389118,3.440750,0.179849,1.439908,3.535642,0.034822,1.134892,3.559799,0.926536,1.166506,3.634019,0.531155,1.163819,3.628104,0.095063,1.258199,3.774748,0.030895,0.219162,0.449312,0.044216
1.215109,3.549402,0.933842,1.206366,3.551642,1.029575,1.199880,3.569002,1.132499,1.192509,3.576580,1.227428,1.185484,3.585607,1.322149,1.178018,3.613950,1.455138,1.175789,3.658875,1.544702,1.212701,3.596831,1.399627,1.362042,3.573217,1.390789,1.384853,3.557658,1.112523,1.409040,3.653854,0.895096,1.149793,3.606027,1.394140,1.002705,3.614296,1.359041,0.991563,3.569728,1.083210,1.003630,3.579780,0.844742,1.292754,3.533914,0.941930,1.379570,3.656777,0.567528,1.398416,3.479581,0.169829,1.448490,3.586239,0.032030,1.137353,3.564924,0.926984,1.166653,3.637709,0.531152,1.163658,3.628056,0.095135,1.258347,3.774607,0.031209,0.224711,0.448399,0.035022
1.218299,3.557000,0.934158,1.209567,3.559333,1.029889,1.202536,3.576925,1.132738,1.194957,3.584688,1.227636,1.187661,3.593924,1.322317,1.179233,3.622653,1.455166,1.175580,3.667326,1.544810,1.214471,3.606546,1.399749,1.364563,3.588185,1.390828,1.389063,3.573458,1.112660,1.410351,3.670708,0.895399,1.151259,3.613416,1.394258,1.003863,3.616020,1.359505,0.993600,3.569262,1.084001,1.005342,3.579544,0.845527,1.296459,3.544294,0.942230,1.374294,3.671436,0.567299,1.407348,3.519625,0.160043,1.454882,3.638212,0.029913,1.140029,3.569739,0.927314,1.166904,3.641577,0.531137,1.163534,3.627965,0.095228,1.258446,3.774491,0.031575,0.234130,0.447995,0.024983
1.221633,3.564571,0.934371,1.212941,3.566978,1.030104,1.205369,3.584773,1.132880,1.197596,3.592708,1.227748,1.190042,3.602144,1.322389,1.180645,3.631229,1.455096,1.175546,3.675573,1.544834,1.216405,3.616184,1.399751,1.367042,3.603408,1.390627,1.393033,3.589246,1.112560,1.411337,3.687379,0.895425,1.152976,3.620633,1.394289,1.005506,3.617382,1.359934,0.996345,3.568550,1.084749,1.007628,3.578605,0.846247,1.300212,3.554786,0.942386,1.369481,3.685044,0.566794,1.414874,3.559493,0.151591,1.456297,3.689309,0.029381,1.142946,3.574389,0.927584,1.167302,3.645234,0.531070,1.163483,3.627841,0.095291,1.258522,3.774393,0.031889,0.243523,0.449401,0.016470
1.225081,3.572166,0.934488,1.216470,3.574619,1.030227,1.208369,3.592578,1.132934,1.200428,3.600666,1.227775,1.192636,3.610285,1.322379,1.182269,3.639687,1.454944,1.175708,3.683610,1.544791,1.218522,3.625751,1.399635,1.369497,3.619014,1.390113,1.396596,3.604975,1.112143,1.411936,3.703919,0.895140,1.154965,3.627674,1.394244,1.007656,3.618373,1.360342,0.999803,3.567639,1.085462,1.010517,3.576922,0.846901,1.303988,3.565447,0.942392,1.365469,3.697266,0.565967,1.420853,3.599137,0.144817,1.451714,3.740140,0.031047,1.146067,3.578920,0.927811,1.167866,3.648541,0.530930,1.163550,3.627686,0.095305,1.258579,3.774322,0.032082,0.251601,0.453423,0.010571
1.228674,3.579735,0.934502,1.220173,3.582214,1.030250,1.211546,3.600308,1.132890,1.203452,3.608537,1.227707,1.195434,3.618331,1.322273,1.184090,3.648018,1.454694,1.176045,3.691443,1.544664,1.220802,3.635241,1.399398,1.371909,3.634874,1.389359,1.399918,3.620693,1.111488,1.412210,3.720276,0.894579,1.157203,3.634543,1.394112,1.010290,3.619003,1.360715,1.003968,3.566482,1.086131,1.013981,3.574537,0.847491,1.307812,3.576220,0.942253,1.361920,3.708438,0.564863,1.425426,3.638606,0.139378,1.442155,3.790093,0.034299,1.149428,3.583287,0.927977,1.168576,3.651636,0.530736,1.163690,3.627498,0.095290,1.258614,3.774271,0.032224,0.259653,0.459256,0.006196
1.232494,3.587290,0.934450,1.224099,3.589796,1.030207,1.214932,3.607989,1.132783,1.206691,3.616337,1.227577,1.198455,3.626277,1.322109,1.186135,3.656176,1.454396,1.176619,3.699058,1.544483,1.223247,3.644631,1.399086,1.374213,3.650692,1.388534,1.403104,3.636376,1.110763,1.412040,3.736288,0.893852,1.159724,3.641254,1.393935,1.013512,3.619345,1.361064,1.008924,3.565300,1.086740,1.018086,3.571781,0.848023,1.311717,3.587118,0.942033,1.358974,3.719655,0.563833,1.427974,3.676663,0.135339,1.427903,3.835083,0.038216,1.153164,3.587499,0.928095,1.169416,3.654543,0.530507,1.163800,3.627276,0.095255,1.258641,3.774204,0.032429,0.267642,0.465790,0.002448
1.236569,3.594736,0.934366,1.228253,3.597298,1.030129,1.218518,3.615568,1.132638,1.210123,3.624024,1.227409,1.201672,3.634085,1.321909,1.188379,3.664123,1.454070,1.177409,3.706433,1.544263,1.225837,3.653890,1.398716,1.376381,3.666333,1.387710,1.406276,3.651961,1.110048,1.411486,3.751880,0.893019,1.162506,3.647788,1.393736,1.017314,3.619374,1.361373,1.014712,3.564138,1.087260,1.022770,3.568657,0.848466,1.315733,3.598058,0.941780,1.357001,3.731220,0.563063,1.428070,3.713449,0.133077,1.407544,3.874204,0.043012,1.157299,3.591452,0.928181,1.170429,3.657088,0.530245,1.163857,3.627017,0.095185,1.258666,3.774114,0.032709,0.275986,0.471914,0.000226
1.240872,3.602168,0.934217,1.232631,3.604788,1.029984,1.222313,3.623099,1.132430,1.213769,3.631640,1.227179,1.205111,3.641794,1.321651,1.190847,3.671897,1.453696,1.178436,3.713591,1.543989,1.228592,3.663049,1.398270,1.378440,3.681932,1.386814,1.409311,3.667511,1.109263,1.410489,3.767127,0.892021,1.165571,3.654163,1.393492,1.021704,3.619116,1.361657,1.021290,3.562951,1.087721,1.028095,3.565162,0.848851,1.319829,3.609123,0.941445,1.355631,3.742829,0.562366,1.426141,3.748824,0.132215,1.382492,3.908362,0.048472,1.161808,3.595250,0.928219,1.171573,3.659445,0.529947,1.163884,3.626724,0.095097,1.258685,3.774010,0.033051,0.284267,0.478739,-0.001370
1.245402,3.609886,0.933943,1.237267,3.612508,1.029719,1.226380,3.630769,1.132115,1.217711,3.639334,1.226851,1.208868,3.649517,1.321302,1.193645,3.679563,1.453253,1.179818,3.720595,1.543643,1.231582,3.672180,1.397734,1.380408,3.697608,1.385806,1.411934,3.683192,1.108327,1.408742,3.782093,0.890793,1.169017,3.660450,1.393187,1.026812,3.618720,1.361975,1.028616,3.561818,1.088195,1.034314,3.561620,0.849281,1.323954,3.620585,0.940951,1.353891,3.754669,0.561530,1.422849,3.781123,0.131689,1.357270,3.936178,0.053031,1.166746,3.599223,0.928165,1.172707,3.662160,0.529625,1.163859,3.626397,0.095048,1.258703,3.773878,0.033536,0.291200,0.488488,-0.005939
1.250252,3.617971,0.933575,1.242256,3.620507,1.029365,1.230805,3.638600,1.131729,1.222021,3.647109,1.226459,1.212997,3.657245,1.320899,1.196803,3.687098,1.452777,1.181569,3.727432,1.543255,1.234836,3.681260,1.397154,1.382348,3.713318,1.384766,1.414062,3.698968,1.107303,1.406184,3.796745,0.889379,1.172867,3.666631,1.392856,1.032628,3.618216,1.362373,1.036742,3.560814,1.088725,1.041584,3.558071,0.849813,1.328195,3.632538,0.940327,1.351378,3.767016,0.560591,1.417997,3.810045,0.131508,1.331967,3.956135,0.056738,1.172207,3.603439,0.928053,1.173827,3.665340,0.529315,1.163749,3.625994,0.095077,1.258729,3.773690,0.034303,0.295614,0.502866,-0.014116
1.255328,3.626343,0.933081,1.247505,3.628736,1.028890,1.235502,3.646570,1.131236,1.226627,3.654961,1.225968,1.217443,3.664988,1.320404,1.200292,3.694525,1.452232,1.183676,3.734115,1.542795,1.238326,3.690313,1.396483,1.384197,3.729104,1.383614,1.415779,3.714874,1.106128,1.402878,3.811117,0.887735,1.177099,3.672725,1.392464,1.039162,3.617574,1.362803,1.045616,3.559864,1.089267,1.049748,3.554475,0.850390,1.332463,3.644889,0.939545,1.348495,3.779594,0.559512,1.411781,3.835892,0.131664,1.306494,3.969752,0.059543,1.178097,3.607830,0.927849,1.174937,3.668877,0.528982,1.163586,3.625557,0.095145,1.258756,3.773474,0.035211,0.298679,0.520168,-0.025267
1.260358,3.635057,0.932313,1.252765,3.637291,1.028143,1.240281,3.654794,1.130489,1.231392,3.663023,1.225234,1.222131,3.672889,1.319679,1.204130,3.701986,1.451493,1.186212,3.740751,1.542165,1.242028,3.699473,1.395572,1.385779,3.745207,1.382065,1.417056,3.731173,1.104536,1.398706,3.825374,0.885669,1.181739,3.678864,1.391889,1.046571,3.616854,1.363187,1.055034,3.558820,1.089769,1.058598,3.551035,0.850940,1.336442,3.657619,0.938443,1.345480,3.791758,0.557966,1.405459,3.857903,0.131062,1.285106,3.980202,0.059733,1.184182,3.612524,0.927414,1.175911,3.672987,0.528534,1.163449,3.625224,0.095202,1.258766,3.773312,0.035922,0.302626,0.537499,-0.041081
1.265317,3.644169,0.931251,1.258018,3.646236,1.027108,1.245131,3.663337,1.129472,1.236316,3.671358,1.224242,1.227073,3.681007,1.318712,1.208346,3.709531,1.450550,1.189226,3.747400,1.541358,1.245976,3.708796,1.394395,1.387157,3.761724,1.380082,1.417993,3.748024,1.102487,1.393587,3.839503,0.883103,1.186814,3.685094,1.391119,1.054864,3.616055,1.363546,1.064836,3.557645,1.090253,1.068120,3.547845,0.851489,1.340095,3.670798,0.937001,1.342153,3.803304,0.555871,1.398592,3.875995,0.129387,1.269207,3.987711,0.055361,1.190452,3.617568,0.926733,1.176868,3.677721,0.527947,1.163415,3.625047,0.095215,1.258752,3.773248,0.036244,0.310636,0.557213,-0.066232
1.270228,3.653622,0.929914,1.263284,3.655507,1.025801,1.250062,3.672133,1.128201,1.241399,3.679903,1.223006,1.232258,3.689284,1.317514,1.212911,3.717111,1.449411,1.192671,3.754001,1.540380,1.250137,3.718227,1.392977,1.388269,3.778557,1.377704,1.418490,3.765268,1.100020,1.387602,3.853517,0.880114,1.192297,3.691369,1.390166,1.064033,3.615177,1.363857,1.075182,3.556376,1.090695,1.078326,3.544812,0.852011,1.343459,3.684357,0.935241,1.338694,3.814436,0.553308,1.391618,3.890251,0.126954,1.257393,3.992054,0.048374,1.196916,3.622915,0.925821,1.177689,3.683027,0.527247,1.163407,3.624974,0.095217,1.258722,3.773237,0.036368,0.319528,0.576956,-0.096048
1.274883,3.663303,0.928205,1.268370,3.665009,1.024125,1.254917,3.681107,1.126579,1.246507,3.688604,1.221429,1.237574,3.697687,1.315984,1.217754,3.724709,1.447978,1.196473,3.760481,1.539152,1.254396,3.727737,1.391247,1.388756,3.795661,1.374763,1.418228,3.782700,1.096983,1.380886,3.867627,0.876742,1.198142,3.697686,1.388954,1.074211,3.614283,1.363974,1.086350,3.554977,1.090966,1.089052,3.541854,0.852359,1.346321,3.698078,0.933068,1.335878,3.825111,0.550196,1.387106,3.900160,0.123625,1.249710,3.995731,0.042888,1.203370,3.628555,0.924576,1.177899,3.688962,0.526418,1.163274,3.624979,0.095250,1.258687,3.773228,0.036526,0.321980,0.586775,-0.118205
1.279144,3.673401,0.925864,1.273215,3.674959,1.021823,1.259691,3.690452,1.124359,1.251686,3.697622,1.219268,1.243112,3.706327,1.313890,1.223009,3.732338,1.446041,1.200762,3.766785,1.537490,1.258847,3.737392,1.388999,1.388654,3.813227,1.371040,1.417233,3.800486,1.093158,1.373441,3.882102,0.872880,1.204481,3.704059,1.387271,1.085609,3.613295,1.363677,1.098402,3.553202,1.090870,1.100114,3.538853,0.852322,1.348495,3.712183,0.930157,1.333897,3.835657,0.546229,1.386935,3.904080,0.118923,1.247610,3.999327,0.040868,1.209725,3.634645,0.922804,1.177233,3.695922,0.525308,1.163064,3.624966,0.095263,1.258724,3.773145,0.036762,0.310751,0.583512,-0.133864
1.283148,3.683725,0.923151,1.277880,3.685139,1.019151,1.264389,3.699975,1.121789,1.256889,3.706796,1.216764,1.248781,3.715094,1.311464,1.228543,3.739985,1.443809,1.205408,3.772968,1.535577,1.263395,3.747127,1.386437,1.387927,3.831062,1.366755,1.415478,3.818459,1.088763,1.365266,3.896672,0.868634,1.211182,3.710473,1.385329,1.098017,3.612290,1.363187,1.111275,3.551297,1.090602,1.111695,3.535927,0.852112,1.350166,3.726450,0.926835,1.332559,3.845745,0.541713,1.389226,3.903655,0.113324,1.249641,4.002256,0.040350,1.216068,3.641029,0.920699,1.175954,3.703511,0.524070,1.162730,3.625032,0.095308,1.258756,3.773064,0.037032,0.293082,0.570326,-0.141864
1.287098,3.693595,0.920751,1.282362,3.694806,1.016783,1.268870,3.709013,1.119511,1.261847,3.715583,1.214542,1.254203,3.723620,1.309305,1.233883,3.747599,1.441809,1.209946,3.779118,1.533890,1.267636,3.756725,1.384110,1.386105,3.848542,1.362395,1.412557,3.835911,1.084300,1.356486,3.910741,0.864371,1.217796,3.716878,1.383680,1.110938,3.611556,1.363020,1.125059,3.549969,1.090617,1.124173,3.533350,0.852216,1.351683,3.739997,0.923979,1.332063,3.854351,0.537485,1.390903,3.903300,0.108111,1.251498,4.005265,0.039561,1.222456,3.647220,0.918752,1.174376,3.710598,0.523148,1.161980,3.625445,0.095585,1.258569,3.773157,0.037437,0.283379,0.546741,-0.126398
1.291019,3.702972,0.918647,1.286611,3.703788,1.014700,1.273056,3.717372,1.117503,1.266461,3.723818,1.212573,1.259275,3.731815,1.307375,1.238936,3.755241,1.439979,1.214287,3.785325,1.532351,1.271476,3.766225,1.381977,1.382763,3.865785,1.357659,1.408151,3.852709,1.079485,1.346847,3.924322,0.859864,1.224262,3.723329,1.382319,1.124478,3.611124,1.363160,1.140024,3.549224,1.090899,1.137668,3.530980,0.852631,1.353094,3.752706,0.921722,1.332761,3.860676,0.533488,1.390657,3.904595,0.103385,1.251688,4.008983,0.037637,1.228887,3.653255,0.916796,1.172350,3.717191,0.522421,1.160028,3.626465,0.095977,1.258019,3.773294,0.037912,0.292653,0.509055,-0.069419
1.294886,3.711895,0.916856,1.290676,3.712256,1.012920,1.277024,3.725248,1.115787,1.270829,3.731665,1.210886,1.264098,3.739770,1.305712,1.243794,3.762850,1.438381,1.218520,3.791499,1.531037,1.275010,3.775588,1.380077,1.378328,3.882672,1.352848,1.402580,3.868985,1.074602,1.336604,3.937402,0.855340,1.230643,3.729771,1.381252,1.138531,3.610963,1.363623,1.155899,3.549056,1.091464,1.152060,3.528957,0.853362,1.354350,3.764696,0.919933,1.334302,3.865519,0.529778,1.389797,3.905960,0.099044,1.251705,4.012780,0.035443,1.235361,3.659098,0.914997,1.170024,3.723283,0.522011,1.157659,3.627832,0.096602,1.257248,3.773604,0.038521,0.309891,0.460970,0.011027
1.298825,3.719795,0.916111,1.294695,3.719980,1.012179,1.280870,3.732563,1.115074,1.274976,3.739085,1.210185,1.268607,3.747387,1.305019,1.248268,3.770183,1.437729,1.222449,3.797452,1.530654,1.278116,3.784482,1.379076,1.373610,3.898220,1.349362,1.396391,3.884431,1.071004,1.326652,3.949344,0.851840,1.236677,3.735993,1.381049,1.152288,3.611268,1.364974,1.171972,3.550150,1.092812,1.167370,3.527984,0.854906,1.355650,3.775435,0.919092,1.335826,3.870249,0.527365,1.389184,3.907083,0.096068,1.251725,4.015515,0.033800,1.241936,3.664153,0.914343,1.168152,3.727719,0.522722,1.156937,3.629030,0.098020,1.256466,3.774653,0.039557,0.316469,0.413125,0.076613
1.302960,3.726270,0.916945,1.298727,3.726749,1.013007,1.284594,3.739224,1.115873,1.278844,3.746054,1.210971,1.272692,3.754674,1.305791,1.252187,3.777261,1.438512,1.225908,3.803226,1.531684,1.280631,3.792858,1.379397,1.368750,3.912049,1.347912,1.389578,3.899037,1.069367,1.317316,3.959836,0.849833,1.242201,3.741986,1.382123,1.165480,3.612193,1.367677,1.188273,3.553156,1.095333,1.183863,3.528450,0.857678,1.357180,3.784492,0.919656,1.337117,3.875679,0.527030,1.389217,3.907843,0.095219,1.251796,4.016446,0.033121,1.248673,3.668051,0.915451,1.166947,3.729872,0.525133,1.158397,3.629813,0.100658,1.256428,3.776349,0.041051,0.303219,0.364685,0.115256
1.307167,3.731723,0.918825,1.302714,3.732774,1.014872,1.288195,3.745325,1.117676,1.282491,3.752594,1.212743,1.276461,3.761623,1.307533,1.255721,3.784063,1.440243,1.229063,3.808780,1.533644,1.282718,3.800764,1.380616,1.363608,3.924539,1.347786,1.382148,3.912813,1.069014,1.308270,3.969190,0.848851,1.247378,3.747759,1.384061,1.178377,3.613584,1.371269,1.204772,3.557424,1.098636,1.201274,3.529965,0.861265,1.358754,3.792298,0.921169,1.338392,3.880996,0.527991,1.389497,3.908360,0.095734,1.251870,4.016315,0.032993,1.255509,3.671160,0.917704,1.166197,3.730368,0.528665,1.161503,3.630427,0.104089,1.256377,3.778785,0.042970,0.279309,0.316484,0.139039
1.311202,3.736791,0.920876,1.306620,3.738462,1.016909,1.291769,3.751069,1.119658,1.286108,3.758738,1.214697,1.280173,3.768109,1.309460,1.259192,3.790294,1.442175,1.232215,3.813794,1.535797,1.284752,3.808016,1.382132,1.358574,3.935845,1.348246,1.374673,3.925482,1.069264,1.299432,3.977705,0.848528,1.252443,3.753131,1.386199,1.190976,3.615171,1.374918,1.220658,3.561689,1.102053,1.218819,3.532057,0.864923,1.360017,3.799616,0.922743,1.339441,3.885129,0.528907,1.389679,3.908681,0.096299,1.251978,4.016208,0.033004,1.262317,3.673988,0.920235,1.166019,3.729939,0.532383,1.166714,3.631099,0.107592,1.254253,3.782799,0.045512,0.253605,0.281668,0.145883
1.315030,3.741640,0.922938,1.310499,3.743952,1.018958,1.295412,3.756546,1.121675,1.289813,3.764526,1.216693,1.283948,3.774113,1.311439,1.262713,3.795854,1.444185,1.235475,3.818175,1.538022,1.286855,3.814542,1.383904,1.353782,3.945962,1.349277,1.367142,3.936897,1.070115,1.290725,3.985467,0.848934,1.257476,3.758052,1.388458,1.203316,3.616930,1.378538,1.235664,3.565581,1.105558,1.236411,3.534805,0.868571,1.360890,3.806666,0.924162,1.340016,3.887465,0.529361,1.389602,3.908783,0.096542,1.252120,4.016480,0.033059,1.269103,3.676646,0.922939,1.166426,3.728831,0.536190,1.174073,3.631902,0.111015,1.249221,3.790031,0.049137,0.228755,0.269145,0.128914
1.318687,3.746104,0.925171,1.314297,3.749105,1.021179,1.299028,3.761666,1.123872,1.293487,3.769917,1.218870,1.287667,3.779655,1.313603,1.266171,3.800841,1.446398,1.238733,3.822016,1.540441,1.288906,3.820415,1.385972,1.349097,3.954895,1.350895,1.359566,3.947205,1.071568,1.282226,3.992389,0.849998,1.262398,3.762572,1.390916,1.215357,3.618886,1.382216,1.250057,3.569469,1.109176,1.254137,3.538131,0.872292,1.361452,3.813227,0.925642,1.340365,3.888617,0.529770,1.389426,3.908689,0.096835,1.252297,4.016776,0.033252,1.275861,3.679024,0.925922,1.167406,3.726796,0.540183,1.183536,3.632762,0.114511,1.242116,3.798842,0.053384,0.202112,0.270007,0.095005
1.322040,3.750316,0.927180,1.317819,3.753914,1.023176,1.302422,3.766363,1.125864,1.296970,3.774825,1.220849,1.291224,3.784663,1.315576,1.269554,3.805255,1.448436,1.241962,3.825287,1.542684,1.290907,3.825673,1.387861,1.344508,3.962815,1.352404,1.352556,3.956568,1.072949,1.274073,3.998508,0.851151,1.267204,3.766654,1.393145,1.226987,3.620841,1.385383,1.263833,3.573195,1.112310,1.271478,3.541326,0.875586,1.361576,3.819395,0.926945,1.341029,3.889349,0.530038,1.389291,3.908517,0.096979,1.252543,4.017117,0.033452,1.282446,3.681287,0.928634,1.169037,3.723823,0.543718,1.195433,3.633687,0.117811,1.233379,3.805151,0.057065,0.174607,0.270666,0.062695
1.325054,3.754267,0.928851,1.320978,3.758329,1.024836,1.305492,3.770566,1.127537,1.300156,3.779173,1.222515,1.294529,3.789068,1.317244,1.272802,3.809041,1.450189,1.245096,3.827930,1.544640,1.292815,3.830289,1.389425,1.339998,3.969705,1.353611,1.346394,3.964951,1.074078,1.266237,4.003769,0.852313,1.271843,3.770262,1.395018,1.238077,3.622754,1.387837,1.277037,3.576658,1.114789,1.288351,3.544211,0.878296,1.361207,3.825160,0.928000,1.342316,3.889719,0.530111,1.389253,3.908254,0.096881,1.252916,4.017548,0.033669,1.288847,3.683428,0.930922,1.171215,3.719813,0.546638,1.210361,3.634476,0.120850,1.221450,3.807884,0.060043,0.145891,0.265460,0.038483
1.327764,3.757965,0.930298,1.323859,3.762401,1.026274,1.308340,3.774346,1.129004,1.303150,3.783038,1.223983,1.297673,3.792941,1.318720,1.275975,3.812252,1.451768,1.248203,3.830002,1.546420,1.294673,3.834290,1.390810,1.335584,3.975583,1.354710,1.340798,3.972389,1.075134,1.258748,4.008227,0.853563,1.276366,3.773433,1.396662,1.248755,3.624666,1.389780,1.289623,3.579960,1.116784,1.304839,3.546964,0.880579,1.360400,3.830531,0.928877,1.343918,3.889670,0.530044,1.389256,3.907914,0.096634,1.253359,4.018024,0.033893,1.295075,3.685455,0.932939,1.174043,3.714866,0.549100,1.227722,3.635330,0.123693,1.207889,3.808115,0.062455,0.116314,0.260053,0.015870
1.330140,3.761572,0.931466,1.326522,3.766267,1.027440,1.311081,3.777838,1.130224,1.306105,3.786557,1.225211,1.300829,3.796424,1.319962,1.279243,3.815042,1.453127,1.251455,3.831643,1.547982,1.296612,3.837806,1.391966,1.331308,3.980673,1.355586,1.335528,3.979148,1.075983,1.251837,4.012084,0.854569,1.280925,3.776243,1.398034,1.259292,3.626494,1.391244,1.301450,3.583247,1.118208,1.320670,3.549409,0.882418,1.359204,3.835632,0.929558,1.345451,3.889784,0.529904,1.389260,3.907657,0.096324,1.253735,4.018438,0.033953,1.301024,3.687567,0.934596,1.177907,3.709265,0.550926,1.246058,3.636858,0.126273,1.197821,3.804982,0.063525,0.087852,0.257846,-0.006102
1.332188,3.765156,0.932319,1.329023,3.769976,1.028303,1.313798,3.781085,1.131170,1.309109,3.789769,1.226175,1.304080,3.799561,1.320948,1.282667,3.817462,1.454239,1.254908,3.832902,1.549299,1.298693,3.840866,1.392852,1.327192,3.985020,1.356142,1.330529,3.985381,1.076526,1.245489,4.015387,0.855211,1.285583,3.778716,1.399096,1.269753,3.628231,1.392182,1.312398,3.586593,1.118966,1.335779,3.551338,0.883776,1.357627,3.840522,0.930011,1.346895,3.890265,0.529696,1.389249,3.907557,0.095953,1.253980,4.018739,0.033734,1.306703,3.689846,0.935854,1.182991,3.702920,0.552001,1.265219,3.639291,0.128517,1.193102,3.797636,0.062730,0.061298,0.264704,-0.029493
1.333901,3.768649,0.932894,1.331304,3.773480,1.028894,1.316408,3.784044,1.131868,1.312074,3.792635,1.226899,1.307342,3.802310,1.321700,1.286185,3.819459,1.455133,1.258507,3.833729,1.550399,1.300855,3.843440,1.393510,1.323213,3.988579,1.356474,1.325856,3.990935,1.076862,1.239719,4.018088,0.855609,1.290277,3.780828,1.399886,1.280073,3.629885,1.392642,1.322587,3.589926,1.119154,1.350231,3.552958,0.884690,1.355659,3.845142,0.930267,1.348270,3.890911,0.529415,1.389240,3.907541,0.095519,1.254157,4.018976,0.033352,1.312103,3.692210,0.936752,1.189111,3.695922,0.552440,1.285355,3.642399,0.130497,1.191876,3.786927,0.060594,0.035859,0.274763,-0.052243
1.335225,3.771999,0.933241,1.333251,3.776767,1.029259,1.318784,3.786728,1.132353,1.314885,3.795173,1.227416,1.310538,3.804683,1.322251,1.289792,3.821030,1.455846,1.262266,3.834116,1.551326,1.303044,3.845561,1.394021,1.319344,3.991451,1.356757,1.321427,3.995625,1.077158,1.234795,4.020252,0.855797,1.294972,3.782588,1.400473,1.290325,3.631400,1.392799,1.332231,3.593172,1.118974,1.363950,3.554717,0.885248,1.353326,3.849438,0.930402,1.349249,3.891694,0.529116,1.389243,3.907543,0.095102,1.254318,4.019192,0.032977,1.317093,3.694612,0.937316,1.196099,3.688830,0.552401,1.305452,3.646105,0.132361,1.193702,3.774549,0.057903,0.011132,0.273832,-0.069127
1.336046,3.775281,0.933323,1.334765,3.779877,1.029360,1.320857,3.789157,1.132591,1.317502,3.797396,1.227691,1.313659,3.806698,1.322568,1.293525,3.822199,1.456357,1.266240,3.834082,1.552062,1.305261,3.847267,1.394373,1.315549,3.993665,1.356966,1.317274,3.999363,1.077389,1.230851,4.021813,0.855705,1.299704,3.784029,1.400856,1.300597,3.632800,1.392680,1.341306,3.596323,1.118439,1.376875,3.556692,0.885464,1.350549,3.853479,0.930423,1.349724,3.892758,0.528814,1.389275,3.907545,0.094726,1.254477,4.019392,0.032680,1.321519,3.697132,0.937462,1.203916,3.681748,0.551791,1.325477,3.650553,0.134152,1.198668,3.760830,0.054743,-0.014879,0.252943,-0.078136
1.336477,3.778421,0.933178,1.335945,3.782771,1.029233,1.322697,3.791311,1.132616,1.319966,3.799291,1.227759,1.316714,3.808338,1.322683,1.297347,3.822940,1.456689,1.270373,3.833608,1.552626,1.307504,3.848520,1.394578,1.311865,3.995190,1.357126,1.313365,4.002238,1.077581,1.227753,4.022837,0.855404,1.304438,3.785117,1.401036,1.310800,3.634061,1.392259,1.349837,3.599389,1.117536,1.389066,3.558805,0.885323,1.347406,3.857196,0.930324,1.349803,3.893960,0.528493,1.389318,3.907566,0.094368,1.254619,4.019569,0.032390,1.325534,3.699689,0.937274,1.212600,3.674573,0.550703,1.345464,3.655599,0.135827,1.206686,3.745442,0.051030,-0.040177,0.221064,-0.081279
1.336813,3.781144,0.932973,1.336967,3.785321,1.029038,1.324383,3.793132,1.132564,1.322283,3.800825,1.227747,1.319651,3.809560,1.322719,1.301132,3.823179,1.456947,1.274520,3.832623,1.553113,1.309720,3.849248,1.394753,1.308372,3.996038,1.357486,1.309527,4.004326,1.077976,1.225362,4.023579,0.855136,1.309026,3.785756,1.401093,1.320743,3.635059,1.391628,1.358120,3.602328,1.116435,1.400627,3.561277,0.884872,1.344156,3.860332,0.930162,1.349483,3.894843,0.528160,1.389330,3.907600,0.094042,1.254753,4.019755,0.032073,1.329464,3.701996,0.937027,1.222096,3.667556,0.549574,1.364496,3.660727,0.137394,1.217057,3.729096,0.047297,-0.059171,0.190918,-0.079371
1.337085,3.783316,0.932741,1.337840,3.787463,1.028806,1.325904,3.794591,1.132457,1.324426,3.801986,1.227675,1.322432,3.810352,1.322696,1.304836,3.822897,1.457151,1.278649,3.831148,1.553545,1.311878,3.849420,1.394910,1.305135,3.996197,1.358109,1.305725,4.005634,1.078632,1.223656,4.024103,0.854939,1.313381,3.785911,1.401027,1.330352,3.635767,1.390794,1.366316,3.605217,1.115163,1.411612,3.564241,0.884102,1.340805,3.862757,0.929930,1.348704,3.895175,0.527795,1.389292,3.907645,0.093739,1.254880,4.019955,0.031695,1.333369,3.703917,0.936800,1.232490,3.660702,0.548500,1.382386,3.665755,0.138907,1.229634,3.711687,0.043544,-0.068402,0.167034,-0.071174
1.337261,3.785073,0.932449,1.338556,3.789262,1.028506,1.327271,3.795718,1.132274,1.326423,3.802786,1.227524,1.325094,3.810726,1.322594,1.308504,3.822112,1.457282,1.282792,3.829163,1.553901,1.314008,3.849066,1.395036,1.302089,3.995679,1.358933,1.301993,4.006156,1.079491,1.222658,4.024345,0.854775,1.317591,3.785617,1.400838,1.339699,3.636212,1.389751,1.374263,3.607979,1.113693,1.421966,3.567564,0.883022,1.337346,3.864602,0.929635,1.347526,3.895187,0.527416,1.389222,3.907703,0.093469,1.254999,4.020163,0.031289,1.337189,3.705588,0.936513,1.243697,3.654005,0.547384,1.399321,3.670864,0.140314,1.244563,3.693320,0.039773,-0.071330,0.144883,-0.057925
1.337537,3.786542,0.932157,1.339273,3.790784,1.028205,1.328605,3.796542,1.132079,1.328362,3.803235,1.227360,1.327695,3.810684,1.322476,1.312143,3.820803,1.457388,1.286894,3.826533,1.554212,1.316143,3.848207,1.395209,1.299131,3.994530,1.360023,1.298265,4.005949,1.080618,1.222292,4.024376,0.854784,1.321772,3.784876,1.400608,1.348817,3.636350,1.388577,1.381778,3.610352,1.112104,1.431628,3.571068,0.881702,1.334029,3.866000,0.929361,1.346133,3.895113,0.527086,1.389128,3.907771,0.093273,1.255115,4.020382,0.030910,1.341065,3.707131,0.936204,1.255409,3.647705,0.546377,1.414948,3.676084,0.141459,1.261593,3.675031,0.036526,-0.072744,0.123599,-0.044151
1.338016,3.787725,0.931885,1.340077,3.792037,1.027924,1.329978,3.797066,1.131893,1.330303,3.803329,1.227204,1.330285,3.810205,1.322365,1.315785,3.818928,1.457489,1.290914,3.823164,1.554487,1.318357,3.846822,1.395470,1.296330,3.992762,1.361468,1.294498,4.004899,1.082096,1.222602,4.024260,0.855028,1.325984,3.783652,1.400370,1.357638,3.636102,1.387312,1.388661,3.612303,1.110423,1.440576,3.574903,0.880171,1.330951,3.866945,0.929126,1.344552,3.895099,0.526826,1.389009,3.907857,0.093164,1.255243,4.020630,0.030566,1.345104,3.708553,0.935895,1.267720,3.641526,0.545600,1.429153,3.681672,0.142450,1.280794,3.656321,0.034340,-0.075935,0.104122,-0.030227
1.338594,3.788621,0.931613,1.340881,3.793014,1.027643,1.331318,3.797287,1.131697,1.332187,3.803072,1.227034,1.332814,3.809310,1.322238,1.319399,3.816529,1.457565,1.294894,3.819151,1.554717,1.320577,3.844931,1.395778,1.293615,3.990363,1.363178,1.290735,4.003121,1.083841,1.223545,4.023933,0.855444,1.330166,3.781981,1.400091,1.366230,3.635547,1.385915,1.395111,3.613864,1.108624,1.448832,3.578918,0.878399,1.328013,3.867445,0.928912,1.342754,3.894998,0.526614,1.388866,3.907954,0.093129,1.255368,4.020888,0.030248,1.349200,3.709847,0.935564,1.280537,3.635744,0.544932,1.442050,3.687371,0.143180,1.302095,3.637689,0.032680,-0.077612,0.085512,-0.015777
1.339156,3.789355,0.931342,1.341579,3.793759,1.027367,1.332524,3.797222,1.131496,1.333918,3.802488,1.226857,1.335191,3.808057,1.322096,1.322904,3.813713,1.457604,1.298906,3.814647,1.554910,1.322606,3.842611,1.396084,1.290676,3.987349,1.364954,1.287030,4.001023,1.085670,1.224921,4.023277,0.855974,1.334247,3.779978,1.399758,1.374817,3.634876,1.384351,1.401538,3.614869,1.106710,1.456392,3.582479,0.876372,1.325164,3.867656,0.928752,1.340842,3.894616,0.526451,1.388706,3.908038,0.093170,1.255458,4.021103,0.029994,1.353175,3.711105,0.935180,1.293276,3.631424,0.544158,1.453617,3.692440,0.143177,1.325029,3.621668,0.030476,-0.072686,0.064079,-0.004203
1.339608,3.790075,0.931105,1.342059,3.794389,1.027134,1.333501,3.796959,1.131329,1.335424,3.801648,1.226710,1.337379,3.806499,1.321974,1.326331,3.810496,1.457641,1.303077,3.809611,1.555118,1.324391,3.839893,1.396421,1.287423,3.983748,1.366821,1.283350,3.998627,1.087596,1.226782,4.022168,0.856631,1.338248,3.777684,1.399378,1.383558,3.634165,1.382558,1.407992,3.615108,1.104639,1.463254,3.585391,0.874035,1.322268,3.867701,0.928697,1.338773,3.893865,0.526373,1.388521,3.908113,0.093330,1.255494,4.021255,0.029829,1.356976,3.712498,0.934760,1.305966,3.629009,0.543259,1.463750,3.696691,0.142266,1.352044,3.609191,0.026897,-0.056262,0.038063,0.004842
1.340045,3.790633,0.930868,1.342432,3.794787,1.026906,1.334345,3.796409,1.131158,1.336778,3.800482,1.226555,1.339416,3.804584,1.321837,1.329649,3.806862,1.457641,1.307281,3.804083,1.555289,1.325987,3.836747,1.396756,1.283946,3.979532,1.368753,1.279729,3.995911,1.089606,1.229076,4.020730,0.857401,1.342148,3.775059,1.398944,1.392295,3.633337,1.380598,1.414424,3.614790,1.102454,1.469421,3.587849,0.871442,1.319459,3.867459,0.928695,1.336589,3.892831,0.526343,1.388319,3.908175,0.093566,1.255495,4.021365,0.029727,1.360656,3.713856,0.934287,1.318579,3.628055,0.542252,1.472553,3.700313,0.140620,1.380692,3.599325,0.022774,-0.033235,0.009224,0.011012
1.340637,3.790717,0.930533,1.342931,3.794640,1.026582,1.335246,3.795330,1.130876,1.338102,3.798808,1.226287,1.341319,3.802209,1.321582,1.332685,3.802872,1.457488,1.311213,3.798343,1.555282,1.327358,3.833163,1.396946,1.280199,3.974632,1.370473,1.276320,3.993209,1.091477,1.231446,4.019215,0.858190,1.345804,3.772088,1.398412,1.400772,3.632355,1.378614,1.421095,3.614373,1.100290,1.474895,3.589804,0.868738,1.317096,3.866720,0.928630,1.334514,3.891581,0.526255,1.388125,3.908186,0.093749,1.255483,4.021438,0.029640,1.364204,3.714761,0.933681,1.330447,3.628293,0.540976,1.480319,3.703122,0.138295,1.403160,3.591808,0.019539,-0.013207,-0.020843,0.009862
1.341397,3.790172,0.930038,1.343569,3.793782,1.026102,1.336198,3.793573,1.130421,1.339362,3.796499,1.225841,1.343017,3.799283,1.321142,1.335311,3.798489,1.457106,1.314750,3.792438,1.555015,1.328390,3.829071,1.396926,1.275967,3.968922,1.371926,1.273233,3.990777,1.093182,1.233974,4.017680,0.858991,1.349108,3.768725,1.397746,1.408923,3.631221,1.376596,1.428192,3.613943,1.098146,1.479605,3.591032,0.865886,1.315264,3.865342,0.928436,1.332589,3.890153,0.526052,1.387958,3.908127,0.093821,1.255463,4.021466,0.029562,1.367557,3.715042,0.932881,1.341408,3.629955,0.539286,1.487282,3.704836,0.135130,1.415673,3.587270,0.017871,-0.000923,-0.052408,-0.004838
1.342314,3.789152,0.929444,1.344333,3.792377,1.025526,1.337208,3.791285,1.129856,1.340592,3.793681,1.225283,1.344581,3.795898,1.320583,1.337655,3.793751,1.456571,1.318015,3.786320,1.554570,1.329197,3.824541,1.396760,1.271466,3.962529,1.373168,1.270358,3.988360,1.094748,1.236578,4.016067,0.859811,1.352169,3.765017,1.396983,1.416815,3.629932,1.374554,1.435530,3.613414,1.096023,1.483622,3.591757,0.862923,1.313877,3.863469,0.928179,1.330772,3.888509,0.525790,1.387800,3.908018,0.093840,1.255430,4.021456,0.029500,1.370777,3.714871,0.931947,1.351625,3.632808,0.537326,1.493208,3.705738,0.131284,1.422006,3.585082,0.017091,0.008363,-0.085202,-0.026859
1.343519,3.787817,0.928839,1.345412,3.790614,1.024936,1.338487,3.788666,1.129268,1.342021,3.790548,1.224700,1.346241,3.792230,1.320001,1.339923,3.788829,1.455994,1.321078,3.780123,1.554047,1.330086,3.819766,1.396495,1.267303,3.955761,1.374083,1.267515,3.985528,1.096036,1.238650,4.014460,0.860575,1.355171,3.761090,1.396188,1.424392,3.628454,1.372662,1.442814,3.612983,1.094059,1.487161,3.592608,0.860111,1.313033,3.861323,0.927934,1.329161,3.886599,0.525529,1.387615,3.907877,0.093853,1.255390,4.021439,0.029430,1.374031,3.714339,0.930979,1.360922,3.635886,0.535365,1.497692,3.706496,0.127287,1.425680,3.583092,0.016590,0.019289,-0.116822,-0.041955
1.345112,3.786155,0.928237,1.346946,3.788467,1.024348,1.340178,3.785693,1.128672,1.343781,3.787080,1.224110,1.348109,3.788270,1.319415,1.342178,3.783740,1.455396,1.323928,3.773852,1.553453,1.331170,3.814759,1.396109,1.263599,3.948571,1.374530,1.264659,3.982252,1.096942,1.240047,4.012984,0.861212,1.358194,3.756949,1.395362,1.431682,3.626781,1.370984,1.450065,3.612725,1.092304,1.490200,3.593741,0.857504,1.312853,3.858919,0.927738,1.327963,3.884293,0.525295,1.387406,3.907694,0.093864,1.255355,4.021420,0.029376,1.377397,3.713413,0.929975,1.369156,3.639049,0.533437,1.500171,3.707169,0.123103,1.426928,3.580399,0.016254,0.033989,-0.147938,-0.045362
1.346993,3.784178,0.927624,1.348796,3.785961,1.023746,1.342138,3.782389,1.128052,1.345740,3.783295,1.223496,1.350074,3.784028,1.318806,1.344358,3.778467,1.454755,1.326576,3.767502,1.552781,1.332336,3.809509,1.395623,1.260234,3.941007,1.374651,1.261836,3.978562,1.097570,1.240912,4.011513,0.861793,1.361159,3.752589,1.394504,1.438656,3.624918,1.369455,1.457263,3.612566,1.090707,1.492762,3.595000,0.855048,1.313215,3.856242,0.927553,1.326971,3.881721,0.525063,1.387171,3.907478,0.093870,1.255314,4.021392,0.029316,1.380798,3.712127,0.928936,1.376469,3.642436,0.531509,1.501208,3.707696,0.118767,1.425517,3.577905,0.016197,0.050329,-0.177882,-0.041844
1.348997,3.782067,0.927034,1.350739,3.783353,1.023166,1.344151,3.779018,1.127448,1.347720,3.779445,1.222896,1.352030,3.779709,1.318208,1.346477,3.773130,1.454118,1.329131,3.761184,1.552106,1.333559,3.804177,1.395152,1.257453,3.933526,1.374758,1.259008,3.974121,1.098088,1.241067,4.009749,0.862458,1.364014,3.748115,1.393678,1.445176,3.622840,1.368059,1.464053,3.612481,1.089251,1.495122,3.596532,0.852834,1.313850,3.853473,0.927345,1.325657,3.879231,0.524817,1.386864,3.907287,0.093908,1.255244,4.021363,0.029157,1.384173,3.710669,0.927966,1.383121,3.645504,0.529746,1.502080,3.708570,0.114922,1.424271,3.576171,0.016158,0.066553,-0.202240,-0.031457
1.351155,3.779868,0.926465,1.352780,3.780737,1.022604,1.346214,3.775689,1.126856,1.349720,3.775634,1.222308,1.353983,3.775402,1.317622,1.348561,3.767780,1.453482,1.331635,3.754940,1.551432,1.334868,3.798814,1.394721,1.255439,3.926272,1.374910,1.256037,3.968696,1.098498,1.240318,4.007748,0.863261,1.366769,3.743564,1.392895,1.451224,3.620570,1.366806,1.470373,3.612514,1.087945,1.497312,3.598434,0.850908,1.314773,3.850660,0.927069,1.323996,3.876856,0.524496,1.386503,3.907086,0.093916,1.255175,4.021334,0.028872,1.387565,3.709083,0.927105,1.389116,3.648112,0.528213,1.503197,3.710136,0.111844,1.424189,3.575638,0.016039,0.083990,-0.220330,-0.008608
1.353436,3.777537,0.925919,1.354914,3.778020,1.022064,1.348329,3.772293,1.126280,1.351742,3.771756,1.221733,1.355928,3.771019,1.317048,1.350584,3.762367,1.452849,1.334045,3.748727,1.550755,1.336233,3.793369,1.394304,1.254010,3.919102,1.375048,1.253060,3.962520,1.098797,1.238859,4.005454,0.864148,1.369415,3.738901,1.392144,1.456818,3.618085,1.365685,1.476286,3.612621,1.086780,1.499301,3.600610,0.849224,1.315968,3.847754,0.926769,1.322014,3.874563,0.524162,1.386071,3.906908,0.093958,1.255077,4.021304,0.028490,1.390930,3.707326,0.926312,1.394449,3.650400,0.526846,1.504151,3.712047,0.109256,1.424273,3.575866,0.015939,0.101310,-0.232835,0.021111
1.355588,3.775122,0.925442,1.356898,3.775179,1.021590,1.350289,3.768772,1.125764,1.353615,3.767745,1.221216,1.357738,3.766503,1.316529,1.352490,3.756861,1.452267,1.336347,3.742532,1.550142,1.337542,3.787856,1.393944,1.252875,3.912044,1.375310,1.250454,3.955946,1.099146,1.237090,4.002408,0.865102,1.371874,3.734119,1.391460,1.461875,3.615297,1.364641,1.481620,3.612645,1.085716,1.501275,3.602919,0.847745,1.317120,3.844793,0.926548,1.319261,3.872604,0.523982,1.385469,3.906914,0.094259,1.254842,4.021268,0.028003,1.394079,3.705456,0.925577,1.399363,3.652240,0.525618,1.504988,3.713757,0.106964,1.424348,3.576097,0.015891,0.112772,-0.237400,0.040872
1.357580,3.772592,0.925038,1.358668,3.772166,1.021187,1.352006,3.765062,1.125312,1.355247,3.763523,1.220761,1.359325,3.761766,1.316067,1.354203,3.751160,1.451738,1.338488,3.736266,1.549598,1.338717,3.782192,1.393654,1.251957,3.905055,1.375770,1.248335,3.948835,1.099599,1.235100,3.998464,0.866191,1.374069,3.729130,1.390849,1.466277,3.612076,1.363671,1.486255,3.612600,1.084763,1.503227,3.605399,0.846486,1.318217,3.841762,0.926405,1.315577,3.871082,0.523955,1.384671,3.907095,0.094818,1.254445,4.021219,0.027374,1.396962,3.703423,0.924908,1.403859,3.653402,0.524553,1.505682,3.715031,0.104971,1.424357,3.576079,0.015895,0.116210,-0.229535,0.042071
1.359443,3.769979,0.924702,1.360289,3.769031,1.020850,1.353568,3.761227,1.124921,1.356729,3.759167,1.220363,1.360777,3.756896,1.315659,1.355799,3.745367,1.451260,1.340520,3.730018,1.549118,1.339836,3.776460,1.393421,1.251332,3.898179,1.376353,1.246587,3.941327,1.100101,1.232800,3.993767,0.867346,1.376076,3.724023,1.390304,1.470142,3.608552,1.362777,1.490312,3.612471,1.083911,1.505165,3.608012,0.845433,1.319271,3.838677,0.926340,1.311123,3.869895,0.524083,1.383703,3.907460,0.095638,1.253910,4.021164,0.026640,1.399629,3.701276,0.924297,1.407935,3.654117,0.523629,1.506259,3.716104,0.103274,1.424359,3.576064,0.015952,0.113789,-0.213731,0.033313
1.361010,3.767426,0.924464,1.361720,3.765898,1.020606,1.355023,3.757397,1.124624,1.358167,3.754840,1.220054,1.362232,3.752100,1.315338,1.357440,3.739758,1.450875,1.342593,3.724042,1.548741,1.341017,3.770920,1.393245,1.250936,3.891581,1.376974,1.245241,3.934190,1.100654,1.230324,3.988288,0.868350,1.378051,3.719059,1.389843,1.473733,3.605025,1.361910,1.493980,3.612070,1.083100,1.507298,3.610500,0.844497,1.320002,3.835613,0.926456,1.305927,3.868993,0.524536,1.382546,3.908196,0.096948,1.253206,4.021125,0.025900,1.402028,3.699227,0.923703,1.411827,3.654942,0.522750,1.506854,3.717121,0.101669,1.424352,3.576049,0.016097,0.106266,-0.201099,0.023580
1.362194,3.764939,0.924350,1.362921,3.762722,1.020477,1.356366,3.753512,1.124443,1.359580,3.750485,1.219858,1.363726,3.747343,1.315126,1.359174,3.734349,1.450611,1.344753,3.718371,1.548499,1.342299,3.765607,1.393127,1.250770,3.885278,1.377603,1.244395,3.927643,1.101259,1.227699,3.981922,0.869102,1.380027,3.714264,1.389478,1.477094,3.601522,1.361059,1.497273,3.611228,1.082318,1.509764,3.612764,0.843670,1.320265,3.832540,0.926834,1.299745,3.868500,0.525447,1.381100,3.909412,0.098912,1.252327,4.021142,0.025052,1.404132,3.697313,0.923097,1.415612,3.655940,0.521873,1.507554,3.718154,0.100106,1.424328,3.576033,0.016438,0.093231,-0.197080,0.013955
1.363082,3.762513,0.924335,1.363933,3.759549,1.020441,1.357602,3.749633,1.124356,1.360947,3.746158,1.219750,1.365223,3.742661,1.315000,1.360953,3.729124,1.450441,1.346953,3.712973,1.548361,1.343643,3.760487,1.393066,1.250832,3.879253,1.378269,1.243952,3.921468,1.101915,1.224898,3.974774,0.869703,1.381970,3.709611,1.389196,1.480182,3.598015,1.360234,1.500177,3.610113,1.081576,1.512425,3.614902,0.842962,1.320204,3.829490,0.927392,1.292821,3.868291,0.526685,1.379464,3.910999,0.101366,1.251279,4.021173,0.024198,1.405970,3.695497,0.922510,1.419212,3.657050,0.521041,1.508271,3.719132,0.098635,1.424295,3.576018,0.016867,0.075092,-0.196234,0.003355
1.363766,3.760279,0.924374,1.364833,3.756644,1.020456,1.358791,3.746080,1.124325,1.362316,3.742192,1.219697,1.366756,3.738362,1.314926,1.362796,3.724310,1.450323,1.349202,3.708002,1.548274,1.345055,3.755714,1.393065,1.251052,3.873622,1.378968,1.243650,3.915781,1.102622,1.221974,3.967127,0.870227,1.383931,3.705279,1.388972,1.483128,3.594719,1.359418,1.502840,3.609039,1.080846,1.515083,3.616953,0.842310,1.319970,3.826633,0.927989,1.285908,3.867944,0.528021,1.377922,3.912821,0.104058,1.250049,4.021119,0.023748,1.407575,3.693876,0.921992,1.422630,3.658642,0.520298,1.508872,3.719990,0.097206,1.424277,3.576009,0.017093,0.053832,-0.193353,-0.002486
1.364209,3.758345,0.924469,1.365612,3.754182,1.020525,1.359938,3.743065,1.124356,1.363700,3.738816,1.219703,1.368346,3.734675,1.314909,1.364731,3.720121,1.450261,1.351520,3.703651,1.548238,1.346560,3.751456,1.393145,1.251460,3.868553,1.379711,1.243450,3.910784,1.103397,1.218904,3.958909,0.870674,1.385934,3.701436,1.388818,1.485929,3.591776,1.358610,1.505229,3.608124,1.080120,1.517670,3.618900,0.841713,1.319556,3.824090,0.928587,1.279263,3.867272,0.529415,1.376603,3.914912,0.106984,1.248571,4.020914,0.023970,1.408882,3.692548,0.921584,1.425803,3.661004,0.519686,1.509273,3.720666,0.095816,1.424287,3.576009,0.016949,0.029068,-0.186022,-0.000071
1.364448,3.756602,0.924619,1.366279,3.751988,1.020645,1.361038,3.740376,1.124442,1.365086,3.735801,1.219762,1.369971,3.731372,1.314943,1.366731,3.716345,1.450252,1.353886,3.699728,1.548252,1.348133,3.747546,1.393286,1.252026,3.863878,1.380487,1.243392,3.906275,1.104222,1.215711,3.950192,0.871046,1.387956,3.697913,1.388721,1.488587,3.589043,1.357812,1.507376,3.607250,1.079406,1.520253,3.620760,0.841172,1.318968,3.821739,0.929223,1.272630,3.866462,0.530908,1.375378,3.917238,0.110148,1.246912,4.020624,0.024596,1.409957,3.691416,0.921246,1.428793,3.663850,0.519162,1.509558,3.721223,0.094467,1.424311,3.576015,0.016601,0.001183,-0.176655,0.007102
1.364688,3.754860,0.924768,1.366947,3.749793,1.020765,1.362138,3.737686,1.124529,1.366471,3.732786,1.219822,1.371596,3.728069,1.314977,1.368731,3.712568,1.450243,1.356252,3.695805,1.548266,1.349707,3.743636,1.393427,1.252592,3.859203,1.381263,1.243334,3.901766,1.105048,1.212517,3.941475,0.871417,1.389978,3.694391,1.388624,1.491246,3.586311,1.357013,1.509523,3.606375,1.078692,1.522836,3.622620,0.840632,1.318381,3.819389,0.929859,1.265996,3.865652,0.532401,1.374153,3.919564,0.113312,1.245252,4.020333,0.025221,1.411032,3.690283,0.920908,1.431783,3.666695,0.518637,1.509842,3.721779,0.093118,1.424335,3.576021,0.016253,-0.026703,-0.167289,0.014276
